symbol,expiration,strike,right,dte,cp_sign,timestamp_quote,bid_size,bid_quote,ask_size,ask_quote,delta,theta,vega,lambda,gamma,vanna,charm,implied_vol,underlying_timestamp,timestamp,open,high,low,close,volume,count,timestamp_trade,price,batch_id,ts,spot,moneyness,dist_atm_pct,atm_strike,mid,spread,spread_pct,oi,gamma_exp,vega_exp,theta_exp,delta_exp,iv_chg,mid_chg,spread_chg
IWM,2026-03-26,246.0,CALL,0,1,2026-03-26T11:44:02.145,21,3.75,21,3.84,0.9325,-0.9474,0.7191,61.293,0.0518,-0.4239,198.4862,0.457,2026-03-26T11:44:02.302,2026-03-26T11:40:47.204,3.37,5.46,3.37,4.09,101.0,38.0,2026-03-26T11:40:47.204,4.09,222,2026-03-26 11:43:45 EDT,249.72,0.9851033157135992,-1.4896684286400765,250.0,3.795,0.08999999999999986,2.371541501976281,612,791652.3552,44008.92,57980.880000000005,57068.99999999999,-0.0195,-0.08,0.02
IWM,2026-03-26,246.0,PUT,0,-1,2026-03-26T11:44:02.155,735,0.07,187,0.08,-0.0641,-0.8724,0.6917,-230.6918,0.0507,-0.4221,194.2484,0.4492,2026-03-26T11:44:02.302,2026-03-26T11:43:56.217,0.41,0.45,0.06,0.07,25948.0,2864.0,2026-03-26T11:43:56.217,0.07,222,2026-03-26 11:43:45 EDT,249.72,0.9851033157135992,-1.4896684286400765,250.0,0.07500000000000001,0.009999999999999995,13.333333333333325,4198,-5315005.5192,-290375.66,366233.52,-26909.180000000004,-0.0058,0.0,0.0
IWM,2026-03-26,247.0,CALL,0,1,2026-03-26T11:44:02.148,7,2.86,15,2.91,0.872,-1.4469,1.1531,75.6189,0.0864,-0.5363,241.1984,0.4394,2026-03-26T11:44:02.302,2026-03-26T11:17:20.73,2.8,4.8,2.58,2.95,70.0,47.0,2026-03-26T11:17:20.73,2.95,222,2026-03-26 11:43:45 EDT,249.72,0.9891078007368252,-1.089219926317475,250.0,2.885,0.050000000000000266,1.7331022530329383,681,1469312.5248,78526.11,98533.89000000001,59383.2,0.0019,-0.055,0.01
IWM,2026-03-26,247.0,PUT,0,-1,2026-03-26T11:44:02.145,565,0.15,327,0.16,-0.1258,-1.3934,1.1399,-208.3615,0.0861,-0.5397,240.5908,0.4355,2026-03-26T11:44:02.302,2026-03-26T11:43:34.72,0.68,0.69,0.11,0.16,27631.0,3397.0,2026-03-26T11:43:34.72,0.16,222,2026-03-26 11:43:45 EDT,249.72,0.9891078007368252,-1.089219926317475,250.0,0.155,0.010000000000000009,6.451612903225811,6228,-13390755.537599998,-709929.7199999999,867809.52,-78348.24,0.0039,0.01,0.0
IWM,2026-03-26,248.0,CALL,0,1,2026-03-26T11:44:02.167,6,2.02,19,2.06,0.7704,-2.0252,1.6713,94.3445,0.1289,-0.5195,226.4707,0.4267,2026-03-26T11:44:02.302,2026-03-26T11:33:54.077,1.99,4.0,1.87,2.0,1002.0,234.0,2026-03-26T11:33:54.077,2.0,222,2026-03-26 11:43:45 EDT,249.72,0.9931122857600513,-0.6887714239948739,250.0,2.04,0.040000000000000036,1.960784313725492,530,1706012.1239999996,88578.9,107335.6,40831.200000000004,-0.002,-0.05,0.0
IWM,2026-03-26,248.0,PUT,0,-1,2026-03-26T11:44:02.171,214,0.3,214,0.31,-0.2248,-1.9368,1.6521,-186.9139,0.1301,-0.5355,228.6481,0.4179,2026-03-26T11:44:02.302,2026-03-26T11:43:50.956,1.02,1.05,0.17,0.3,29912.0,5279.0,2026-03-26T11:43:50.956,0.3,222,2026-03-26 11:43:45 EDT,249.72,0.9931122857600513,-0.6887714239948739,250.0,0.305,0.010000000000000009,3.2786885245901667,4437,-14415179.396399999,-733036.77,859358.1599999999,-99743.76,-0.001,0.01,0.0
IWM,2026-03-26,249.0,CALL,0,1,2026-03-26T11:44:02.167,18,1.3,25,1.32,0.6273,-2.4274,2.0855,119.5233,0.167,-0.2905,121.1374,0.4111,2026-03-26T11:44:02.302,2026-03-26T11:42:38.008,1.33,3.1,1.18,1.34,3339.0,748.0,2026-03-26T11:42:38.008,1.34,222,2026-03-26 11:43:45 EDT,249.72,0.9971167707832773,-0.2883229216722725,250.0,1.31,0.020000000000000018,1.5267175572519098,1035,4316285.34,215849.25000000003,251235.9,64925.549999999996,0.0049,-0.035,0.01
IWM,2026-03-26,249.0,PUT,0,-1,2026-03-26T11:44:02.171,100,0.58,142,0.59,-0.3718,-2.3836,2.084,-160.0612,0.1681,-0.2946,121.942,0.4082,2026-03-26T11:44:02.302,2026-03-26T11:44:01.242,1.47,1.47,0.31,0.59,36644.0,6958.0,2026-03-26T11:44:01.242,0.59,222,2026-03-26 11:43:45 EDT,249.72,0.9971167707832773,-0.2883229216722725,250.0,0.585,0.010000000000000009,1.7094017094017109,2834,-11896545.9288,-590605.6000000001,675512.24,-105368.12,0.0,0.02,0.0
IWM,2026-03-26,250.0,CALL,0,1,2026-03-26T11:44:02.172,135,0.74,67,0.75,0.4514,-2.4389,2.1821,152.5219,0.1816,0.1308,-54.8006,0.3955,2026-03-26T11:44:02.302,2026-03-26T11:43:48.084,0.86,2.32,0.71,0.76,20139.0,4127.0,2026-03-26T11:43:48.084,0.76,222,2026-03-26 11:43:45 EDT,249.72,1.0011212558065032,0.11212558065032882,250.0,0.745,0.010000000000000009,1.342281879194632,1173,5319455.529600001,255960.33000000002,286082.97,52949.22,-0.0009,-0.03,0.0
IWM,2026-03-26,250.0,PUT,0,-1,2026-03-26T11:44:02.164,53,1.02,25,1.03,-0.5482,-2.4292,2.1823,-134.2148,0.1805,0.1293,-54.4918,0.3979,2026-03-26T11:44:02.302,2026-03-26T11:44:00.045,2.03,2.06,0.5,1.03,40057.0,7811.0,2026-03-26T11:44:00.045,1.03,222,2026-03-26 11:43:45 EDT,249.72,1.0011212558065032,0.11212558065032882,250.0,1.025,0.010000000000000009,0.9756097560975618,6173,-27824464.158,-1347133.79,1499545.16,-338403.86000000004,-0.0005,0.035,-0.01
IWM,2026-03-26,251.0,CALL,0,1,2026-03-26T11:44:02.166,170,0.37,50,0.38,0.2786,-2.0406,1.8508,188.4262,0.156,0.5118,-206.7141,0.3906,2026-03-26T11:44:02.302,2026-03-26T11:44:01.26,0.61,1.61,0.37,0.37,26508.0,5782.0,2026-03-26T11:44:01.26,0.37,222,2026-03-26 11:43:45 EDT,249.72,1.0051257408297294,0.5125740829729301,250.0,0.375,0.010000000000000009,2.6666666666666687,2126,8282113.632,393480.08,433831.56,59230.36000000001,-0.0019,-0.02,0.0
IWM,2026-03-26,251.0,PUT,0,-1,2026-03-26T11:44:02.16,36,1.63,5,1.66,-0.7228,-1.9949,1.8459,-110.0967,0.1567,0.5182,-207.7032,0.3876,2026-03-26T11:44:02.302,2026-03-26T11:43:51.872,2.64,2.71,0.77,1.63,17527.0,3368.0,2026-03-26T11:43:51.872,1.63,222,2026-03-26 11:43:45 EDT,249.72,1.0051257408297294,0.5125740829729301,250.0,1.645,0.030000000000000027,1.8237082066869317,2476,-9688866.3024,-457044.84,493937.23999999993,-178965.28,-0.001,0.04,0.0
IWM,2026-03-26,252.0,CALL,0,1,2026-03-26T11:44:02.14,256,0.17,247,0.18,0.1509,-1.4427,1.2902,221.1843,0.1071,0.6148,-251.2557,0.3964,2026-03-26T11:44:02.302,2026-03-26T11:43:47.683,0.36,1.03,0.17,0.18,31778.0,6820.0,2026-03-26T11:43:47.683,0.18,222,2026-03-26 11:43:45 EDT,249.72,1.0091302258529553,0.9130225852955315,250.0,0.175,0.009999999999999981,5.714285714285704,3231,8641313.3772,416863.62,466136.37,48755.79,0.0,-0.01,-0.0
IWM,2026-03-26,252.0,PUT,0,-1,2026-03-26T11:44:02.175,42,2.42,30,2.48,-0.8472,-1.4397,1.3004,-86.3666,0.1072,0.6106,-251.3946,0.3994,2026-03-26T11:44:02.302,2026-03-26T11:42:25.044,3.42,3.54,1.18,2.38,4762.0,949.0,2026-03-26T11:42:25.044,2.38,222,2026-03-26 11:43:45 EDT,249.72,1.0091302258529553,0.9130225852955315,250.0,2.45,0.06000000000000005,2.4489795918367365,1663,-4451848.3392,-216256.52,239422.11,-140889.36,0.0069,0.06,0.02
IWM,2026-03-26,253.0,CALL,0,1,2026-03-26T11:44:02.158,322,0.08,446,0.09,0.0775,-0.9341,0.8003,243.7266,0.0636,0.5018,-213.923,0.414,2026-03-26T11:44:02.302,2026-03-26T11:43:16.779,0.22,0.61,0.08,0.08,56726.0,8390.0,2026-03-26T11:43:16.779,0.08,222,2026-03-26 11:43:45 EDT,249.72,1.0131347108761812,1.3134710876181328,250.0,0.08499999999999999,0.009999999999999995,11.764705882352937,1732,2750795.6544,138611.96,161786.12,13422.999999999998,0.0058,0.0,0.0
IWM,2026-03-26,253.0,PUT,0,-1,2026-03-26T11:44:02.142,20,3.32,20,3.41,-0.9194,-0.9491,0.8232,-68.3426,0.0645,0.5019,-216.987,0.4199,2026-03-26T11:44:02.302,2026-03-26T11:40:35.737,4.31,4.31,1.78,3.18,3509.0,338.0,2026-03-26T11:40:35.737,3.18,222,2026-03-26 11:43:45 EDT,249.72,1.0131347108761812,1.3134710876181328,250.0,3.365,0.0900000000000003,2.6745913818722227,498,-802125.6120000001,-40995.36,47265.18,-45786.12,0.0313,0.08,0.02
IWM,2026-03-27,240.0,CALL,1,1,2026-03-26T11:44:02.875,17,9.84,52,9.94,0.9441,-0.3231,1.5973,23.8636,0.0179,-0.3975,27.1529,0.4433,2026-03-26T11:44:03.148,2026-03-26T11:19:01.536,11.12,11.46,9.79,9.88,31.0,8.0,2026-03-26T11:19:01.536,9.88,222,2026-03-26 11:43:45 EDT,249.7,0.9611533840608731,-3.884661593912691,250.0,9.89,0.09999999999999964,1.0111223458038385,1199,535908.637,191516.27,38739.69,113197.59000000001,-0.0029,-0.065,0.01
IWM,2026-03-27,241.0,CALL,1,1,2026-03-26T11:44:02.854,15,8.88,49,8.98,0.9269,-0.385,1.967,25.9178,0.0224,-0.456,30.5048,0.4345,2026-03-26T11:44:03.148,2026-03-26T11:31:55.136,8.39,9.98,8.35,8.8,10.0,7.0,2026-03-26T11:31:55.136,8.8,222,2026-03-26 11:43:45 EDT,249.7,0.9651581898277934,-3.4841810172206604,250.0,8.93,0.09999999999999964,1.1198208286674092,324,181222.272,63730.8,12474.0,30031.559999999998,0.0029,-0.065,0.01
IWM,2026-03-27,241.0,PUT,1,-1,2026-03-26T11:44:02.71,405,0.14,126,0.15,-0.0575,-0.2764,1.6349,-101.939,0.0202,-0.4471,27.5555,0.4003,2026-03-26T11:44:03.148,2026-03-26T11:43:02.263,0.38,0.38,0.11,0.13,599.0,143.0,2026-03-26T11:43:02.263,0.13,222,2026-03-26 11:43:45 EDT,249.7,0.9651581898277934,-3.4841810172206604,250.0,0.14500000000000002,0.009999999999999981,6.896551724137917,5536,-2792325.184,-905080.6399999999,153015.04,-31832.0,-0.002,0.0,0.0
IWM,2026-03-27,242.0,CALL,1,1,2026-03-26T11:44:02.45,17,7.95,18,8.04,0.9072,-0.4436,2.3555,28.3531,0.0277,-0.5117,33.201,0.4218,2026-03-26T11:44:03.148,2026-03-26T11:05:30.705,9.47,9.47,8.23,8.78,12.0,10.0,2026-03-26T11:05:30.705,8.78,222,2026-03-26 11:43:45 EDT,249.7,0.9691629955947137,-3.08370044052863,250.0,7.994999999999999,0.08999999999999897,1.125703564727942,420,290500.98,98931.0,18631.2,38102.4,0.0019,-0.06,-0.0
IWM,2026-03-27,242.0,PUT,1,-1,2026-03-26T11:44:02.75,207,0.21,315,0.22,-0.0811,-0.3595,2.1324,-96.0891,0.0265,-0.5173,31.7771,0.3994,2026-03-26T11:44:03.148,2026-03-26T11:41:09.144,0.44,0.45,0.14,0.19,1850.0,351.0,2026-03-26T11:41:09.144,0.19,222,2026-03-26 11:43:45 EDT,249.7,0.9691629955947137,-3.08370044052863,250.0,0.215,0.010000000000000009,4.651162790697678,3001,-1985776.7049999998,-639933.24,107885.95,-24338.11,0.003,0.01,0.0
IWM,2026-03-27,243.0,CALL,1,1,2026-03-26T11:44:02.713,18,7.04,22,7.13,0.8796,-0.521,2.8435,31.0225,0.0341,-0.5566,35.4027,0.414,2026-03-26T11:44:03.148,2026-03-26T11:18:29.61,8.24,8.35,7.09,7.13,20.0,10.0,2026-03-26T11:18:29.61,7.13,222,2026-03-26 11:43:45 EDT,249.7,0.973167801361634,-2.6832198638365994,250.0,7.085,0.08999999999999986,1.2702893436838372,815,693953.7549999999,231745.25000000003,42461.5,71687.40000000001,0.001,-0.06,-0.0
IWM,2026-03-27,243.0,PUT,1,-1,2026-03-26T11:44:02.754,260,0.3,237,0.31,-0.1098,-0.4447,2.6652,-91.3224,0.0334,-0.5723,34.7709,0.3955,2026-03-26T11:44:03.148,2026-03-26T11:43:23.137,0.69,0.7,0.22,0.29,9969.0,474.0,2026-03-26T11:43:23.137,0.29,222,2026-03-26 11:43:45 EDT,249.7,0.973167801361634,-2.6832198638365994,250.0,0.305,0.010000000000000009,3.2786885245901667,53918,-44967504.164000005,-14370225.36,2397733.46,-592019.64,0.001,0.01,0.0
IWM,2026-03-27,244.0,CALL,1,1,2026-03-26T11:44:02.779,32,6.17,16,6.25,0.8435,-0.6119,3.4012,33.9193,0.0412,-0.5769,36.2524,0.4096,2026-03-26T11:44:03.148,2026-03-26T11:41:08.603,5.83,7.81,5.78,6.46,25.0,11.0,2026-03-26T11:41:08.603,6.46,222,2026-03-26 11:43:45 EDT,249.7,0.9771726071285544,-2.2827392871445693,250.0,6.21,0.08000000000000007,1.2882447665056374,1858,1911443.5119999999,631942.96,113691.02,156722.3,-0.0005,-0.06,0.0
IWM,2026-03-27,244.0,PUT,1,-1,2026-03-26T11:44:02.75,228,0.42,37,0.43,-0.1458,-0.5358,3.2452,-86.5199,0.0411,-0.6031,36.2229,0.3916,2026-03-26T11:44:03.148,2026-03-26T11:43:05.918,0.79,0.79,0.3,0.4,6616.0,793.0,2026-03-26T11:43:05.918,0.4,222,2026-03-26 11:43:45 EDT,249.7,0.9771726071285544,-2.2827392871445693,250.0,0.425,0.010000000000000009,2.35294117647059,6550,-6722048.85,-2125606.0,350949.0,-95499.00000000001,0.0,0.01,0.0
IWM,2026-03-27,245.0,CALL,1,1,2026-03-26T11:44:02.71,16,5.34,58,5.42,0.8012,-0.6968,3.9563,37.2603,0.0487,-0.5692,35.1325,0.4033,2026-03-26T11:44:03.148,2026-03-26T11:29:13.433,5.08,7.0,5.08,5.69,46.0,14.0,2026-03-26T11:29:13.433,5.69,222,2026-03-26 11:43:45 EDT,249.7,0.9811774128954747,-1.8822587104525386,250.0,5.38,0.08000000000000007,1.4869888475836444,2731,3321002.5089999996,1080465.53,190296.08,218807.72000000003,-0.0009,-0.055,0.01
IWM,2026-03-27,245.0,PUT,1,-1,2026-03-26T11:44:02.778,24,0.59,133,0.6,-0.1913,-0.6363,3.8663,-80.874,0.0491,-0.5935,35.4805,0.3906,2026-03-26T11:44:03.148,2026-03-26T11:43:10.953,1.03,1.07,0.41,0.57,8007.0,796.0,2026-03-26T11:43:10.953,0.57,222,2026-03-26 11:43:45 EDT,249.7,0.9811774128954747,-1.8822587104525386,250.0,0.595,0.010000000000000009,1.6806722689075646,29686,-36395837.522,-11477498.18,1888920.18,-567893.18,-0.0005,0.01,0.0
IWM,2026-03-27,246.0,CALL,1,1,2026-03-26T11:44:02.882,16,4.56,31,4.63,0.7505,-0.7798,4.5024,40.9252,0.0561,-0.5206,31.6326,0.3984,2026-03-26T11:44:03.148,2026-03-26T11:33:04.586,4.23,6.35,4.23,4.6,101.0,19.0,2026-03-26T11:33:04.586,4.6,222,2026-03-26 11:43:45 EDT,249.7,0.985182218662395,-1.481778133760508,250.0,4.595,0.07000000000000028,1.52339499455931,1214,1700591.838,546591.36,94667.72,91110.7,-0.0039,-0.055,0.01
IWM,2026-03-27,246.0,PUT,1,-1,2026-03-26T11:44:02.872,62,0.8,3,0.81,-0.2448,-0.7311,4.4572,-75.3906,0.0568,-0.5393,32.0463,0.3896,2026-03-26T11:44:03.148,2026-03-26T11:43:56.268,1.24,1.28,0.54,0.8,2680.0,517.0,2026-03-26T11:43:56.268,0.8,222,2026-03-26 11:43:45 EDT,249.7,0.985182218662395,-1.481778133760508,250.0,0.805,0.010000000000000009,1.2422360248447215,29881,-42380102.77599999,-13318559.32,2184599.91,-731486.8799999999,0.001,0.01,0.0
IWM,2026-03-27,247.0,CALL,1,1,2026-03-26T11:44:02.781,3,3.84,2,3.86,0.6916,-0.8545,4.9919,44.8606,0.0627,-0.4258,25.51,0.3952,2026-03-26T11:44:03.148,2026-03-26T11:37:08.101,3.81,5.43,3.55,4.02,108.0,59.0,2026-03-26T11:37:08.101,4.02,222,2026-03-26 11:43:45 EDT,249.7,0.9891870244293153,-1.0812975570684775,250.0,3.8499999999999996,0.020000000000000018,0.51948051948052,1914,2996594.7660000003,955449.66,163551.30000000002,132372.24,-0.0022,-0.06,0.0
IWM,2026-03-27,247.0,PUT,1,-1,2026-03-26T11:44:02.772,21,1.07,29,1.08,-0.3038,-0.803,4.9598,-70.8994,0.064,-0.4464,26.0527,0.385,2026-03-26T11:44:03.148,2026-03-26T11:43:42.735,1.65,1.65,0.73,1.05,14467.0,1191.0,2026-03-26T11:43:42.735,1.05,222,2026-03-26 11:43:45 EDT,249.7,0.9891870244293153,-1.0812975570684775,250.0,1.0750000000000002,0.010000000000000009,0.9302325581395355,10370,-16572089.600000001,-5143312.600000001,832711.0,-315040.6,-0.0002,0.02,0.0
IWM,2026-03-27,248.0,CALL,1,1,2026-03-26T11:44:02.806,2,3.17,12,3.19,0.6274,-0.9032,5.3674,49.4349,0.0684,-0.2941,17.1385,0.3896,2026-03-26T11:44:03.148,2026-03-26T11:42:16.061,2.96,4.72,2.92,3.24,762.0,157.0,2026-03-26T11:42:16.061,3.24,222,2026-03-26 11:43:45 EDT,249.7,0.9931918301962356,-0.6808169803764472,250.0,3.1799999999999997,0.020000000000000018,0.6289308176100635,1491,2546550.4680000003,800279.34,134667.12,93545.34,-0.0012,-0.05,0.0
IWM,2026-03-27,248.0,PUT,1,-1,2026-03-26T11:44:02.826,9,1.39,11,1.4,-0.3703,-0.8601,5.3572,-66.0266,0.0696,-0.3053,17.4582,0.3823,2026-03-26T11:44:03.148,2026-03-26T11:42:15.831,2.0,2.07,0.95,1.35,12364.0,1284.0,2026-03-26T11:42:15.831,1.35,222,2026-03-26 11:43:45 EDT,249.7,0.9931918301962356,-0.6808169803764472,250.0,1.395,0.010000000000000009,0.7168458781362014,27886,-48463414.032,-14939087.92,2398474.86,-1032618.5800000001,0.001,0.02,0.0
IWM,2026-03-27,249.0,CALL,1,1,2026-03-26T11:44:02.876,2,2.55,11,2.57,0.5577,-0.9247,5.5992,54.6168,0.0726,-0.1271,6.8911,0.3833,2026-03-26T11:44:03.148,2026-03-26T11:40:51.717,2.18,4.03,2.18,2.73,1009.0,244.0,2026-03-26T11:40:51.717,2.73,222,2026-03-26 11:43:45 EDT,249.7,0.9971966359631559,-0.28033640368441676,250.0,2.5599999999999996,0.020000000000000018,0.7812500000000009,1534,2780868.948,858917.28,141848.98,85551.18,-0.0019,-0.04,0.0
IWM,2026-03-27,249.0,PUT,1,-1,2026-03-26T11:44:02.828,36,1.77,25,1.79,-0.4413,-0.8822,5.5972,-61.9222,0.0739,-0.1325,7.0485,0.3759,2026-03-26T11:44:03.148,2026-03-26T11:43:59.789,2.28,2.4,1.23,1.77,11262.0,1191.0,2026-03-26T11:43:59.789,1.77,222,2026-03-26 11:43:45 EDT,249.7,0.9971966359631559,-0.28033640368441676,250.0,1.78,0.020000000000000018,1.1235955056179785,2787,-5142803.721,-1559939.64,245869.14,-122990.31,0.0,0.025,0.01
IWM,2026-03-27,250.0,CALL,1,1,2026-03-26T11:44:02.875,30,2.0,55,2.02,0.484,-0.9161,5.654,60.432,0.0746,0.0648,-4.4659,0.3767,2026-03-26T11:44:03.148,2026-03-26T11:43:26.515,1.96,3.34,1.85,2.06,3313.0,761.0,2026-03-26T11:43:26.515,2.06,222,2026-03-26 11:43:45 EDT,249.7,1.001201441730076,0.12014417300761368,250.0,2.01,0.020000000000000018,0.9950248756218916,4632,8628313.583999999,2618932.8000000003,424337.52,224188.8,-0.0026,-0.04,0.0
IWM,2026-03-27,250.0,PUT,1,-1,2026-03-26T11:44:02.846,13,2.22,7,2.24,-0.5163,-0.8741,5.6537,-57.8017,0.076,0.0669,-4.5262,0.3696,2026-03-26T11:44:03.148,2026-03-26T11:43:09.828,2.99,3.0,1.52,2.16,15946.0,2120.0,2026-03-26T11:43:09.828,2.16,222,2026-03-26 11:43:45 EDT,249.7,1.001201441730076,0.12014417300761368,250.0,2.2300000000000004,0.020000000000000018,0.8968609865470859,11820,-22431050.4,-6682673.399999999,1033186.2,-610266.6,-0.001,0.03,0.0
IWM,2026-03-27,251.0,CALL,1,1,2026-03-26T11:44:02.564,31,1.53,2,1.54,0.4089,-0.8781,5.5105,66.7155,0.0738,0.2631,-15.8001,0.371,2026-03-26T11:44:03.148,2026-03-26T11:42:02.789,1.62,2.8,1.46,1.59,3671.0,994.0,2026-03-26T11:42:02.789,1.59,222,2026-03-26 11:43:45 EDT,249.7,1.0052062474969965,0.5206247496996441,250.0,1.5350000000000001,0.010000000000000009,0.6514657980456031,2769,5102674.433999999,1525857.45,243145.89,113224.40999999999,-0.002,-0.035,-0.01
IWM,2026-03-27,251.0,PUT,1,-1,2026-03-26T11:44:02.782,6,2.75,1,2.76,-0.593,-0.8349,5.504,-53.634,0.0752,0.273,-16.074,0.3637,2026-03-26T11:44:03.148,2026-03-26T11:42:23.589,3.56,3.61,1.88,2.7,3874.0,814.0,2026-03-26T11:42:23.589,2.7,222,2026-03-26 11:43:45 EDT,249.7,1.0052062474969965,0.5206247496996441,250.0,2.755,0.009999999999999787,0.3629764065335676,14434,-27103356.895999994,-7944473.599999999,1205094.66,-855936.2,0.0,0.035,-0.01
IWM,2026-03-27,252.0,CALL,1,1,2026-03-26T11:44:02.827,2,1.14,90,1.15,0.3346,-0.8069,5.1652,73.9283,0.0704,0.4476,-25.9099,0.3642,2026-03-26T11:44:03.148,2026-03-26T11:41:05.818,1.17,2.23,1.09,1.26,4708.0,948.0,2026-03-26T11:41:05.818,1.26,222,2026-03-26 11:43:45 EDT,249.7,1.0092110532639167,0.9211053263916746,250.0,1.145,0.010000000000000009,0.873362445414848,3833,6737984.704000001,1979821.16,309284.76999999996,128252.18,-0.0029,-0.025,-0.01
IWM,2026-03-27,252.0,PUT,1,-1,2026-03-26T11:44:02.892,23,3.33,66,3.39,-0.6689,-0.7613,5.1434,-49.704,0.0717,0.465,-26.3406,0.3564,2026-03-26T11:44:03.148,2026-03-26T11:37:31.331,4.15,4.21,2.36,3.24,1671.0,254.0,2026-03-26T11:37:31.331,3.24,222,2026-03-26 11:43:45 EDT,249.7,1.0092110532639167,0.9211053263916746,250.0,3.3600000000000003,0.06000000000000005,1.785714285714287,1825,-3267386.925,-938670.5,138937.25,-122074.25,-0.001,0.04,0.0
IWM,2026-03-27,253.0,CALL,1,1,2026-03-26T11:44:02.828,13,0.82,119,0.83,0.2646,-0.7129,4.643,81.6565,0.0643,0.593,-33.5218,0.3583,2026-03-26T11:44:03.148,2026-03-26T11:43:52.769,0.87,1.73,0.79,0.83,2501.0,673.0,2026-03-26T11:43:52.769,0.83,222,2026-03-26 11:43:45 EDT,249.7,1.013215859030837,1.321585903083705,250.0,0.825,0.010000000000000009,1.2121212121212133,2913,4677028.322999999,1352505.9,207667.76999999996,77077.98,-0.0025,-0.02,0.0
IWM,2026-03-27,253.0,PUT,1,-1,2026-03-26T11:44:02.891,28,4.0,74,4.08,-0.7406,-0.6631,4.595,-45.7861,0.0653,0.6163,-33.9838,0.3496,2026-03-26T11:44:03.148,2026-03-26T11:41:03.96,4.7,4.7,2.89,3.81,462.0,124.0,2026-03-26T11:41:03.96,3.81,222,2026-03-26 11:43:45 EDT,249.7,1.013215859030837,1.321585903083705,250.0,4.04,0.08000000000000007,1.980198019801982,969,-1579994.2289999998,-445255.49999999994,64254.39,-71764.14000000001,-0.0004,0.05,0.02
IWM,2026-03-27,254.0,CALL,1,1,2026-03-26T11:44:02.776,76,0.57,69,0.58,0.2033,-0.6102,4.0108,89.1598,0.056,0.676,-37.7487,0.3554,2026-03-26T11:44:03.148,2026-03-26T11:43:18.117,0.62,1.31,0.57,0.61,3033.0,638.0,2026-03-26T11:43:18.117,0.61,222,2026-03-26 11:43:45 EDT,249.7,1.0172206647977573,1.7220664797757357,250.0,0.575,0.010000000000000009,1.7391304347826104,1787,2498797.84,716729.96,109042.74,36329.71,-0.0015,-0.02,0.0
IWM,2026-03-27,254.0,PUT,1,-1,2026-03-26T11:44:02.758,45,4.75,33,4.83,-0.8033,-0.5563,3.9306,-41.7832,0.0565,0.7,-38.0146,0.3457,2026-03-26T11:44:03.148,2026-03-26T11:10:38.782,5.59,5.59,3.65,4.57,108.0,23.0,2026-03-26T11:10:38.782,4.57,222,2026-03-26 11:43:45 EDT,249.7,1.0172206647977573,1.7220664797757357,250.0,4.79,0.08000000000000007,1.670146137787058,1863,-2628329.715,-732270.78,103638.69,-149654.79,0.0015,0.05,0.0
IWM,2026-03-27,255.0,CALL,1,1,2026-03-26T11:44:02.851,59,0.39,327,0.4,0.1514,-0.5033,3.329,96.7754,0.0468,0.6971,-38.6174,0.3535,2026-03-26T11:44:03.148,2026-03-26T11:42:49.565,0.44,0.99,0.39,0.4,3947.0,818.0,2026-03-26T11:42:49.565,0.4,222,2026-03-26 11:43:45 EDT,249.7,1.0212254705646777,2.122547056467766,250.0,0.395,0.010000000000000009,2.531645569620255,11022,12880265.112,3669223.8000000003,554737.26,166873.08000000002,0.0005,-0.01,0.0
IWM,2026-03-27,255.0,PUT,1,-1,2026-03-26T11:44:02.835,26,5.56,15,5.66,-0.8596,-0.4317,3.1629,-38.2597,0.0465,0.7244,-38.3562,0.3378,2026-03-26T11:44:03.148,2026-03-26T11:35:59.106,6.4,6.4,4.46,5.4,86.0,33.0,2026-03-26T11:35:59.106,5.4,222,2026-03-26 11:43:45 EDT,249.7,1.0212254705646777,2.122547056467766,250.0,5.609999999999999,0.10000000000000053,1.78253119429591,1082,-1256315.61,-342225.77999999997,46709.939999999995,-93008.72,0.0,0.055,0.01
IWM,2026-03-27,256.0,CALL,1,1,2026-03-26T11:44:02.832,24,0.26,314,0.27,0.109,-0.3981,2.6496,104.774,0.0374,0.6651,-36.5774,0.3515,2026-03-26T11:44:03.148,2026-03-26T11:41:53.305,0.29,0.7,0.25,0.28,2336.0,516.0,2026-03-26T11:41:53.305,0.28,222,2026-03-26 11:43:45 EDT,249.7,1.025230276331598,2.5230276331597965,250.0,0.265,0.010000000000000009,3.7735849056603805,5507,5142866.146000001,1459134.72,219233.66999999998,60026.3,0.0029,0.0,0.0
IWM,2026-03-27,256.0,PUT,1,-1,2026-03-26T11:44:02.81,29,6.43,12,6.54,-0.8988,-0.3391,2.5101,-34.5324,0.0367,0.674,-35.8278,0.3398,2026-03-26T11:44:03.148,2026-03-26T11:33:34.426,7.36,7.36,5.02,6.41,146.0,20.0,2026-03-26T11:33:34.426,6.41,222,2026-03-26 11:43:45 EDT,249.7,1.025230276331598,2.5230276331597965,250.0,6.484999999999999,0.11000000000000032,1.6962220508866668,515,-471945.485,-129270.15,17463.65,-46288.2,0.0068,0.06,0.02
IWM,2026-03-27,257.0,CALL,1,1,2026-03-26T11:44:02.83,40,0.17,428,0.18,0.0767,-0.3069,2.0439,112.2107,0.0288,0.5931,-32.5753,0.3515,2026-03-26T11:44:03.148,2026-03-26T11:36:36.061,0.21,0.49,0.16,0.21,2059.0,424.0,2026-03-26T11:36:36.061,0.21,222,2026-03-26 11:43:45 EDT,249.7,1.0292350820985183,2.923508209851827,250.0,0.175,0.009999999999999981,5.714285714285704,3828,2752852.6079999995,782404.9199999999,117481.32,29360.76,0.0029,0.0,0.0
IWM,2026-03-27,257.0,PUT,1,-1,2026-03-26T11:44:02.876,32,7.34,12,7.45,-0.9324,-0.2402,1.8526,-31.4208,0.0274,0.5884,-30.8809,0.3359,2026-03-26T11:44:03.148,2026-03-26T11:35:59.106,7.89,7.89,6.34,7.18,20.0,6.0,2026-03-26T11:35:59.106,7.18,222,2026-03-26 11:43:45 EDT,249.7,1.0292350820985183,2.923508209851827,250.0,7.395,0.11000000000000032,1.4874915483434799,1060,-725228.6799999999,-196375.6,25461.2,-98834.40000000001,0.0029,0.055,0.01
IWM,2026-03-27,258.0,CALL,1,1,2026-03-26T11:44:02.775,381,0.11,491,0.12,0.0524,-0.2281,1.5196,119.8097,0.0214,0.5002,-27.4472,0.3515,2026-03-26T11:44:03.148,2026-03-26T11:39:01.37,0.14,0.35,0.09,0.13,1089.0,224.0,2026-03-26T11:39:01.37,0.13,222,2026-03-26 11:43:45 EDT,249.7,1.0332398878654385,3.323988786543857,250.0,0.11499999999999999,0.009999999999999995,8.695652173913041,4612,2464459.096,700839.52,105199.72,24166.88,0.0019,0.0,0.0
IWM,2026-03-30,234.0,CALL,4,1,2026-03-26T11:44:03.544,12,16.02,17,16.12,0.9425,-0.1666,3.0777,14.6456,0.0109,-0.4496,7.6207,0.393,2026-03-26T11:44:04.134,2026-03-25T12:59:24.093,18.39,18.39,18.39,18.39,2.0,1.0,2026-03-25T12:59:24.093,18.39,222,2026-03-26 11:43:45 EDT,249.71,0.9370870209442953,-6.291297905570464,250.0,16.07,0.10000000000000142,0.6222775357809671,3,816.5517,923.3100000000001,49.980000000000004,282.75,-0.0044,-0.07,0.0
IWM,2026-03-30,234.0,PUT,4,-1,2026-03-26T11:44:04.042,125,0.27,118,0.28,-0.0585,-0.1463,3.1238,-54.2125,0.011,-0.4506,7.6859,0.3955,2026-03-26T11:44:04.134,2026-03-26T10:29:42.633,0.35,0.35,0.21,0.22,190.0,16.0,2026-03-26T10:29:42.633,0.22,222,2026-03-26 11:43:45 EDT,249.71,0.9370870209442953,-6.291297905570464,250.0,0.275,0.010000000000000009,3.636363636363639,274,-75262.594,-85592.12,4008.6200000000003,-1602.9,-0.0009,0.0,0.0
IWM,2026-03-30,235.0,CALL,4,1,2026-03-26T11:44:03.618,14,15.08,32,15.19,0.931,-0.1874,3.5453,15.3658,0.0127,-0.4898,8.2434,0.3906,2026-03-26T11:44:04.134,2026-03-25T16:09:32.309,18.07,18.07,17.38,17.38,5.0,3.0,2026-03-25T16:09:32.309,17.38,222,2026-03-26 11:43:45 EDT,249.71,0.9410916663329462,-5.890833366705381,250.0,15.135,0.10999999999999943,0.7267922035018132,95,30127.511499999997,33680.35,1780.3000000000002,8844.5,-0.0039,-0.07,0.0
IWM,2026-03-30,235.0,PUT,4,-1,2026-03-26T11:44:03.996,382,0.33,229,0.35,-0.0699,-0.1665,3.5832,-52.9555,0.0127,-0.4901,8.2887,0.3925,2026-03-26T11:44:04.134,2026-03-26T11:22:42.542,0.52,0.52,0.25,0.33,1193.0,66.0,2026-03-26T11:22:42.542,0.33,222,2026-03-26 11:43:45 EDT,249.71,0.9410916663329462,-5.890833366705381,250.0,0.33999999999999997,0.019999999999999962,5.88235294117646,722,-228969.0874,-258707.04,12021.300000000001,-5046.780000000001,-0.001,0.005,0.01
IWM,2026-03-30,236.0,CALL,4,1,2026-03-26T11:44:03.618,14,14.16,32,14.27,0.917,-0.2117,4.082,16.1159,0.0146,-0.5269,8.8357,0.3896,2026-03-26T11:44:04.134,2026-03-25T09:30:36.935,16.96,16.96,16.96,16.96,1.0,1.0,2026-03-25T09:30:36.935,16.96,222,2026-03-26 11:43:45 EDT,249.71,0.945096311721597,-5.490368827840298,250.0,14.215,0.10999999999999943,0.7738304607808613,11,4010.3426,4490.2,232.87,1008.6999999999999,-0.0039,-0.065,0.01
IWM,2026-03-30,236.0,PUT,4,-1,2026-03-26T11:44:03.977,149,0.41,178,0.43,-0.0855,-0.195,4.1765,-50.7313,0.0148,-0.5256,8.9249,0.3945,2026-03-26T11:44:04.134,2026-03-26T11:31:38.088,0.57,0.57,0.32,0.41,389.0,38.0,2026-03-26T11:31:38.088,0.41,222,2026-03-26 11:43:45 EDT,249.71,0.945096311721597,-5.490368827840298,250.0,0.42,0.020000000000000018,4.761904761904766,309,-114197.3772,-129053.84999999999,6025.5,-2641.9500000000003,0.0015,0.005,0.01
IWM,2026-03-30,237.0,CALL,4,1,2026-03-26T11:44:04.051,13,13.26,45,13.36,0.9001,-0.2397,4.6831,16.888,0.0168,-0.5574,9.348,0.3901,2026-03-26T11:44:04.134,2026-03-24T14:55:38.122,13.53,13.55,13.53,13.55,2.0,2.0,2026-03-24T14:55:38.122,13.55,222,2026-03-26 11:43:45 EDT,249.71,0.9491009571102479,-5.089904288975214,250.0,13.309999999999999,0.09999999999999964,0.7513148009015752,5,2097.564,2341.5499999999997,119.85,450.04999999999995,-0.0034,-0.07,0.0
IWM,2026-03-30,237.0,PUT,4,-1,2026-03-26T11:44:04.005,50,0.51,199,0.52,-0.1009,-0.2189,4.7202,-49.3833,0.0168,-0.5562,9.3737,0.392,2026-03-26T11:44:04.134,2026-03-26T11:33:49.354,0.73,0.73,0.4,0.53,322.0,41.0,2026-03-26T11:33:49.354,0.53,222,2026-03-26 11:43:45 EDT,249.71,0.9491009571102479,-5.089904288975214,250.0,0.515,0.010000000000000009,1.9417475728155356,1618,-678771.7104,-763728.3600000001,35418.020000000004,-16325.62,0.0009,0.01,0.0
IWM,2026-03-30,238.0,CALL,4,1,2026-03-26T11:44:03.989,6,12.38,17,12.47,0.8821,-0.2661,5.2759,17.7368,0.019,-0.5814,9.6989,0.3886,2026-03-26T11:44:04.134,2026-03-25T16:14:19.897,15.07,15.19,14.42,14.52,6.0,6.0,2026-03-25T16:14:19.897,14.52,222,2026-03-26 11:43:45 EDT,249.71,0.9531056024988986,-4.6894397501101315,250.0,12.425,0.08999999999999986,0.7243460764587514,20,9488.980000000001,10551.8,532.2,1764.2,-0.0034,-0.065,-0.01
IWM,2026-03-30,238.0,PUT,4,-1,2026-03-26T11:44:03.964,60,0.62,51,0.63,-0.1189,-0.2453,5.3117,-47.8551,0.019,-0.5794,9.7141,0.3906,2026-03-26T11:44:04.134,2026-03-26T11:33:59.012,0.86,0.86,0.46,0.64,665.0,64.0,2026-03-26T11:33:59.012,0.64,222,2026-03-26 11:43:45 EDT,249.71,0.9531056024988986,-4.6894397501101315,250.0,0.625,0.010000000000000009,1.6000000000000014,2422,-1149115.4780000001,-1286493.74,59411.659999999996,-28797.579999999998,0.0008,0.01,0.0
IWM,2026-03-30,239.0,CALL,4,1,2026-03-26T11:44:03.977,21,11.51,32,11.61,0.8607,-0.2962,5.9243,18.5934,0.0213,-0.5938,9.9011,0.3891,2026-03-26T11:44:04.134,2026-03-26T09:35:28.49,11.08,11.08,11.08,11.08,1.0,1.0,2026-03-26T09:35:28.49,11.08,222,2026-03-26 11:43:45 EDT,249.71,0.9571102478875495,-4.288975211245048,250.0,11.559999999999999,0.09999999999999964,0.8650519031141838,46,24466.5858,27251.779999999995,1362.5200000000002,3959.22,-0.0015,-0.065,0.01
IWM,2026-03-30,239.0,PUT,4,-1,2026-03-26T11:44:04.011,234,0.74,139,0.77,-0.1392,-0.2723,5.9243,-46.3356,0.0213,-0.5938,9.9011,0.3891,2026-03-26T11:44:04.134,2026-03-26T11:33:59.564,1.03,1.03,0.56,0.77,290.0,68.0,2026-03-26T11:33:59.564,0.77,222,2026-03-26 11:43:45 EDT,249.71,0.9571102478875495,-4.288975211245048,250.0,0.755,0.030000000000000027,3.973509933774838,619,-329235.14369999996,-366714.17,16855.37,-8616.48,0.0005,0.015,0.01
IWM,2026-03-30,240.0,CALL,4,1,2026-03-26T11:44:03.976,9,10.67,34,10.76,0.8383,-0.3232,6.5445,19.5463,0.0236,-0.5982,9.9099,0.3874,2026-03-26T11:44:04.134,2026-03-26T11:05:11.952,11.2,11.2,11.06,11.06,4.0,3.0,2026-03-26T11:05:11.952,11.06,222,2026-03-26 11:43:45 EDT,249.71,0.9611148932762004,-3.8885106723799643,250.0,10.715,0.08999999999999986,0.8399440037330832,53,31233.7268,34685.85,1712.96,4442.990000000001,-0.0015,-0.06,0.0
IWM,2026-03-30,240.0,PUT,4,-1,2026-03-26T11:44:04.011,176,0.91,93,0.92,-0.1625,-0.3015,6.5675,-44.6316,0.0236,-0.5957,9.9056,0.3889,2026-03-26T11:44:04.134,2026-03-26T11:43:01.286,1.17,1.18,0.68,0.88,741.0,123.0,2026-03-26T11:43:01.286,0.88,222,2026-03-26 11:43:45 EDT,249.71,0.9611148932762004,-3.8885106723799643,250.0,0.915,0.010000000000000009,1.0928961748633887,3377,-1990118.7812,-2217844.75,101816.54999999999,-54876.25000000001,0.0,0.015,-0.01
IWM,2026-03-30,241.0,CALL,4,1,2026-03-26T11:44:04.014,8,9.85,22,9.93,0.8129,-0.3515,7.1795,20.526,0.026,-0.5889,9.7131,0.3867,2026-03-26T11:44:04.134,2026-03-26T10:14:56.621,11.32,11.32,11.32,11.32,1.0,1.0,2026-03-26T10:14:56.621,11.32,222,2026-03-26 11:43:45 EDT,249.71,0.9651195386648512,-3.4880461335148807,250.0,9.89,0.08000000000000007,0.8088978766430746,185,120110.51,132820.75,6502.749999999999,15038.649999999998,-0.0014,-0.06,0.0
IWM,2026-03-30,241.0,PUT,4,-1,2026-03-26T11:44:04.008,206,1.08,77,1.1,-0.1878,-0.3297,7.1999,-43.0335,0.0259,-0.586,9.7021,0.3881,2026-03-26T11:44:04.134,2026-03-26T11:41:23.582,1.23,1.28,0.8,1.03,326.0,119.0,2026-03-26T11:41:23.582,1.03,222,2026-03-26 11:43:45 EDT,249.71,0.9651195386648512,-3.4880461335148807,250.0,1.09,0.020000000000000018,1.8348623853211024,908,-587248.0012,-653750.92,29936.76,-17052.24,0.0012,0.015,0.01
IWM,2026-03-30,242.0,CALL,4,1,2026-03-26T11:44:04.051,20,9.05,34,9.14,0.7858,-0.3775,7.7879,21.5884,0.0283,-0.5685,9.305,0.385,2026-03-26T11:44:04.134,2026-03-26T11:00:35.069,10.44,10.44,9.31,9.5,3.0,3.0,2026-03-26T11:00:35.069,9.5,222,2026-03-26 11:43:45 EDT,249.71,0.969124184053502,-3.0875815946497966,250.0,9.095,0.08999999999999986,0.9895547003848253,125,88334.91249999999,97348.75,4718.75,9822.5,-0.0017,-0.055,0.01
IWM,2026-03-30,242.0,PUT,4,-1,2026-03-26T11:44:04.008,87,1.28,18,1.3,-0.2149,-0.3555,7.8054,-41.599,0.0282,-0.5654,9.2887,0.3864,2026-03-26T11:44:04.134,2026-03-26T11:33:59.055,1.68,1.68,0.99,1.31,1458.0,138.0,2026-03-26T11:33:59.055,1.31,222,2026-03-26 11:43:45 EDT,249.71,0.969124184053502,-3.0875815946497966,250.0,1.29,0.020000000000000018,1.5503875968992262,913,-642918.3486,-712633.0199999999,32457.149999999994,-19620.37,0.001,0.015,-0.01
IWM,2026-03-30,243.0,CALL,4,1,2026-03-26T11:44:04.014,19,8.28,34,8.36,0.7563,-0.4024,8.374,22.7002,0.0305,-0.534,8.6697,0.3835,2026-03-26T11:44:04.134,2026-03-26T10:14:56.621,7.87,9.69,7.87,9.69,31.0,6.0,2026-03-26T10:14:56.621,9.69,222,2026-03-26 11:43:45 EDT,249.71,0.9731288294421528,-2.6871170557847135,250.0,8.32,0.08000000000000007,0.9615384615384623,175,133282.71249999997,146545.0,7042.0,13235.25,-0.0017,-0.06,0.0
IWM,2026-03-30,243.0,PUT,4,-1,2026-03-26T11:44:04.008,91,1.51,109,1.54,-0.2444,-0.3802,8.3885,-40.1425,0.0305,-0.5307,8.6494,0.385,2026-03-26T11:44:04.134,2026-03-26T11:38:01.412,1.85,1.85,1.24,1.46,1382.0,86.0,2026-03-26T11:38:01.412,1.46,222,2026-03-26 11:43:45 EDT,249.71,0.9731288294421528,-2.6871170557847135,250.0,1.525,0.030000000000000027,1.9672131147541003,492,-374714.82600000006,-412714.19999999995,18705.839999999997,-12024.48,0.0008,0.02,0.0
IWM,2026-03-30,244.0,CALL,4,1,2026-03-26T11:44:03.798,17,7.54,24,7.62,0.7245,-0.4252,8.9207,23.8699,0.0327,-0.4856,7.8078,0.382,2026-03-26T11:44:04.134,2026-03-26T11:06:07.125,7.4,8.96,7.4,8.01,9.0,5.0,2026-03-26T11:06:07.125,8.01,222,2026-03-26 11:43:45 EDT,249.71,0.9771334748308037,-2.28665251691963,250.0,7.58,0.08000000000000007,1.0554089709762544,1092,891674.4564,974140.44,46431.84,79115.4,-0.0008,-0.055,0.01
IWM,2026-03-30,244.0,PUT,4,-1,2026-03-26T11:44:04.008,99,1.76,62,1.8,-0.276,-0.4026,8.9301,-38.7331,0.0326,-0.4829,7.7892,0.3833,2026-03-26T11:44:04.134,2026-03-26T11:23:39.023,2.05,2.07,1.4,1.81,199.0,33.0,2026-03-26T11:23:39.023,1.81,222,2026-03-26 11:43:45 EDT,249.71,0.9771334748308037,-2.28665251691963,250.0,1.78,0.040000000000000036,2.247191011235957,682,-555185.2372,-609032.82,27457.32,-18823.200000000004,0.0015,0.025,0.01
IWM,2026-03-30,245.0,CALL,4,1,2026-03-26T11:44:04.007,20,6.83,24,6.9,0.6914,-0.4433,9.4055,25.1716,0.0347,-0.4266,6.7499,0.3791,2026-03-26T11:44:04.134,2026-03-26T11:06:47.474,6.81,8.08,6.55,7.29,29.0,10.0,2026-03-26T11:06:47.474,7.29,222,2026-03-26 11:43:45 EDT,249.71,0.9811381202194546,-1.8861879780545463,250.0,6.865,0.07000000000000028,1.0196649672250586,441,382123.72170000005,414782.55,19549.530000000002,30490.739999999998,-0.001,-0.05,0.0
IWM,2026-03-30,245.0,PUT,4,-1,2026-03-26T11:44:04.042,122,2.04,44,2.08,-0.3091,-0.4207,9.4131,-37.469,0.0346,-0.4238,6.7293,0.3804,2026-03-26T11:44:04.134,2026-03-26T11:42:52.091,2.4,2.4,1.58,2.02,796.0,175.0,2026-03-26T11:42:52.091,2.02,222,2026-03-26 11:43:45 EDT,249.71,0.9811381202194546,-1.8861879780545463,250.0,2.06,0.040000000000000036,1.9417475728155356,1354,-1169851.3964,-1274533.74,56962.78,-41852.14,0.0001,0.02,0.0
IWM,2026-03-30,246.0,CALL,4,1,2026-03-26T11:44:04.021,7,6.15,23,6.21,0.6563,-0.4579,9.8281,26.5656,0.0366,-0.3545,5.4907,0.3759,2026-03-26T11:44:04.134,2026-03-26T09:56:02.447,5.95,7.2,5.95,7.15,70.0,13.0,2026-03-26T09:56:02.447,7.15,222,2026-03-26 11:43:45 EDT,249.71,0.9851427656081053,-1.485723439189463,250.0,6.18,0.05999999999999961,0.9708737864077607,518,473420.1948,509095.57999999996,23719.219999999998,33996.34,-0.0022,-0.05,0.0
IWM,2026-03-30,246.0,PUT,4,-1,2026-03-26T11:44:04.025,36,2.37,61,2.4,-0.3444,-0.4365,9.8369,-36.1363,0.0364,-0.3503,5.458,0.3782,2026-03-26T11:44:04.134,2026-03-26T11:43:46.831,2.84,2.84,1.84,2.35,383.0,94.0,2026-03-26T11:43:46.831,2.35,222,2026-03-26 11:43:45 EDT,249.71,0.9851427656081053,-1.485723439189463,250.0,2.385,0.029999999999999805,1.2578616352201177,570,-518098.3080000001,-560703.3,24880.5,-19630.8,0.0009,0.035,-0.01
IWM,2026-03-30,247.0,CALL,4,1,2026-03-26T11:44:03.8,17,5.49,24,5.55,0.6192,-0.4695,10.1777,28.0136,0.0382,-0.2691,4.0412,0.3732,2026-03-26T11:44:04.134,2026-03-26T11:42:52.091,5.39,6.43,5.16,5.58,51.0,43.0,2026-03-26T11:42:52.091,5.58,222,2026-03-26 11:43:45 EDT,249.71,0.9891474109967562,-1.0852589003243795,250.0,5.52,0.05999999999999961,1.0869565217391235,1034,986324.5347999999,1052374.18,48546.299999999996,64025.28,-0.0003,-0.045,0.01
IWM,2026-03-30,247.0,PUT,4,-1,2026-03-26T11:44:03.827,77,2.71,28,2.74,-0.381,-0.4465,10.1803,-34.9824,0.038,-0.2673,4.0269,0.3745,2026-03-26T11:44:04.134,2026-03-26T11:35:58.728,3.16,3.16,2.12,2.62,171.0,57.0,2026-03-26T11:35:58.728,2.62,222,2026-03-26 11:43:45 EDT,249.71,0.9891474109967562,-1.0852589003243795,250.0,2.725,0.03000000000000025,1.1009174311926697,4532,-4300405.7360000005,-4613711.960000001,202353.8,-172669.2,0.0008,0.035,-0.01
IWM,2026-03-30,248.0,CALL,4,1,2026-03-26T11:44:03.832,25,4.87,81,4.92,0.5809,-0.4748,10.4375,29.6657,0.0396,-0.1746,2.4545,0.3688,2026-03-26T11:44:04.134,2026-03-26T11:42:52.091,4.62,5.84,4.56,4.93,222.0,64.0,2026-03-26T11:42:52.091,4.93,222,2026-03-26 11:43:45 EDT,249.71,0.993152056385407,-0.684794361459296,250.0,4.895,0.04999999999999982,1.0214504596527034,967,956219.4972000001,1009306.25,45913.159999999996,56173.02999999999,-0.0015,-0.045,0.01
IWM,2026-03-30,248.0,PUT,4,-1,2026-03-26T11:44:03.887,84,3.08,36,3.12,-0.4194,-0.4529,10.4396,-33.7835,0.0394,-0.1724,2.4365,0.371,2026-03-26T11:44:04.134,2026-03-26T11:43:04.243,3.55,3.62,2.47,3.05,361.0,118.0,2026-03-26T11:43:04.243,3.05,222,2026-03-26 11:43:45 EDT,249.71,0.993152056385407,-0.684794361459296,250.0,3.1,0.040000000000000036,1.2903225806451624,747,-734941.4778,-779838.1200000001,33831.630000000005,-31329.180000000004,0.0014,0.035,0.01
IWM,2026-03-30,249.0,CALL,4,1,2026-03-26T11:44:04.051,34,4.28,25,4.33,0.541,-0.4756,10.6012,31.4224,0.0407,-0.0698,0.742,0.3646,2026-03-26T11:44:04.134,2026-03-26T11:17:06.52,4.03,5.59,3.99,4.35,870.0,75.0,2026-03-26T11:17:06.52,4.35,222,2026-03-26 11:43:45 EDT,249.71,0.9971567017740579,-0.28432982259421247,250.0,4.305,0.04999999999999982,1.1614401858304257,1571,1596638.2487,1665448.52,74716.76,84991.1,-0.0006,-0.04,0.0
IWM,2026-03-30,249.0,PUT,4,-1,2026-03-26T11:44:04.036,23,3.49,18,3.53,-0.459,-0.4538,10.6017,-32.6517,0.0404,-0.0686,0.733,0.3669,2026-03-26T11:44:04.134,2026-03-26T11:43:47.152,4.08,4.08,2.78,3.52,497.0,128.0,2026-03-26T11:43:47.152,3.52,222,2026-03-26 11:43:45 EDT,249.71,0.9971567017740579,-0.28432982259421247,250.0,3.51,0.03999999999999959,1.139601139601128,1323,-1334679.9732,-1402604.91,60037.74,-60725.700000000004,0.0012,0.035,0.01
IWM,2026-03-30,250.0,CALL,4,1,2026-03-26T11:44:03.931,11,3.74,36,3.78,0.5,-0.4729,10.6578,33.2086,0.0413,0.0425,-1.0479,0.3613,2026-03-26T11:44:04.134,2026-03-26T11:30:30.62,3.57,4.88,3.48,3.82,299.0,79.0,2026-03-26T11:30:30.62,3.82,222,2026-03-26 11:43:45 EDT,249.71,1.0011613471627088,0.11613471627087103,250.0,3.76,0.03999999999999959,1.0638297872340319,8623,8892919.732900001,9190220.94,407781.67,431150.0,0.0,-0.03,-0.0
IWM,2026-03-30,250.0,PUT,4,-1,2026-03-26T11:44:04.007,56,3.93,22,3.98,-0.4999,-0.4485,10.6578,-31.608,0.0412,0.0425,-1.0475,0.3616,2026-03-26T11:44:04.134,2026-03-26T11:43:47.152,4.43,4.53,3.1,3.91,773.0,246.0,2026-03-26T11:43:47.152,3.91,222,2026-03-26 11:43:45 EDT,249.71,1.0011613471627088,0.11613471627087103,250.0,3.955,0.04999999999999982,1.2642225031605516,732,-753085.4064,-780150.9600000001,32830.200000000004,-36592.68,0.0,0.035,0.01
IWM,2026-03-30,251.0,CALL,4,1,2026-03-26T11:44:04.051,33,3.22,26,3.26,0.458,-0.4626,10.5989,35.3123,0.0417,0.1598,-2.8645,0.3559,2026-03-26T11:44:04.134,2026-03-26T11:43:47.152,2.93,4.26,2.92,3.26,313.0,85.0,2026-03-26T11:43:47.152,3.26,222,2026-03-26 11:43:45 EDT,249.71,1.0051659925513596,0.5165992551359545,250.0,3.24,0.03999999999999959,1.2345679012345552,1544,1607752.8408000001,1636470.1600000001,71425.44,70715.20000000001,-0.0003,-0.035,-0.01
IWM,2026-03-30,251.0,PUT,4,-1,2026-03-26T11:44:03.759,93,4.42,28,4.47,-0.5417,-0.4394,10.5995,-30.4652,0.0415,0.1587,-2.8557,0.3574,2026-03-26T11:44:04.134,2026-03-26T11:30:23.441,4.95,4.95,3.5,4.39,321.0,116.0,2026-03-26T11:30:23.441,4.39,222,2026-03-26 11:43:45 EDT,249.71,1.0051659925513596,0.5165992551359545,250.0,4.445,0.04999999999999982,1.124859392575924,465,-481877.8725,-492876.75,20432.1,-25189.049999999996,0.0008,0.04,0.0
IWM,2026-03-30,252.0,CALL,4,1,2026-03-26T11:44:04.051,30,2.75,35,2.79,0.4156,-0.4483,10.4189,37.4772,0.0415,0.278,-4.6455,0.3514,2026-03-26T11:44:04.134,2026-03-26T11:43:47.152,2.56,3.81,2.52,2.79,319.0,109.0,2026-03-26T11:43:47.152,2.79,222,2026-03-26 11:43:45 EDT,249.71,1.0091706379400103,0.9170637940010379,250.0,2.77,0.040000000000000036,1.4440433212996402,2157,2235291.5505,2247356.7300000004,96698.31,89644.92,-0.0005,-0.03,0.0
IWM,2026-03-30,252.0,PUT,4,-1,2026-03-26T11:44:03.971,27,4.94,24,5.0,-0.5838,-0.4251,10.4212,-29.3366,0.0413,0.2759,-4.6299,0.3529,2026-03-26T11:44:04.134,2026-03-26T11:20:39.294,5.57,5.57,3.97,4.99,182.0,50.0,2026-03-26T11:20:39.294,4.99,222,2026-03-26 11:43:45 EDT,249.71,1.0091706379400103,0.9170637940010379,250.0,4.970000000000001,0.05999999999999961,1.2072434607645794,400,-412520.9200000001,-416848.00000000006,17004.0,-23352.0,0.0015,0.045,0.01
IWM,2026-03-30,253.0,CALL,4,1,2026-03-26T11:44:04.026,75,2.32,142,2.36,0.3732,-0.4287,10.1157,39.822,0.0408,0.3934,-6.3299,0.3466,2026-03-26T11:44:04.134,2026-03-26T11:41:46.112,2.2,3.24,2.13,2.38,408.0,105.0,2026-03-26T11:41:46.112,2.38,222,2026-03-26 11:43:45 EDT,249.71,1.0131752833286611,1.3175283328661214,250.0,2.34,0.040000000000000036,1.7094017094017109,1702,1734026.1936000003,1721692.14,72964.74,63518.63999999999,0.0002,-0.025,0.01
IWM,2026-03-30,253.0,PUT,4,-1,2026-03-26T11:44:03.974,35,5.5,17,5.57,-0.6265,-0.4042,10.1173,-28.2884,0.0408,0.3924,-6.3229,0.3471,2026-03-26T11:44:04.134,2026-03-26T11:33:38.84,6.12,6.12,4.54,5.51,50.0,21.0,2026-03-26T11:33:38.84,5.51,222,2026-03-26 11:43:45 EDT,249.71,1.0131752833286611,1.3175283328661214,250.0,5.535,0.07000000000000028,1.2646793134598064,173,-176255.30640000003,-175029.28999999998,6992.660000000001,-10838.449999999999,0.0012,0.05,0.02
IWM,2026-03-30,254.0,CALL,4,1,2026-03-26T11:44:04.051,39,1.93,32,1.96,0.3306,-0.4024,9.6822,42.5642,0.0398,0.5054,-7.8761,0.3403,2026-03-26T11:44:04.134,2026-03-26T11:42:34.707,1.88,2.84,1.76,1.97,368.0,60.0,2026-03-26T11:42:34.707,1.97,222,2026-03-26 11:43:45 EDT,249.71,1.017179928717312,1.717992871731205,250.0,1.9449999999999998,0.030000000000000027,1.5424164524421609,1674,1663697.8692,1620800.28,67361.76,55342.44,-0.001,-0.03,0.0
IWM,2026-03-30,254.0,PUT,4,-1,2026-03-26T11:44:03.829,21,6.11,6,6.17,-0.6685,-0.3795,9.6922,-27.1861,0.0397,0.501,-7.8478,0.342,2026-03-26T11:44:04.134,2026-03-26T11:04:20.706,5.3,5.86,5.04,5.81,13.0,11.0,2026-03-26T11:04:20.706,5.81,222,2026-03-26 11:43:45 EDT,249.71,1.017179928717312,1.717992871731205,250.0,6.140000000000001,0.05999999999999961,0.9771986970683975,50,-49567.435,-48461.0,1897.5000000000002,-3342.4999999999995,0.0011,0.045,-0.01
IWM,2026-03-30,255.0,CALL,4,1,2026-03-26T11:44:03.934,57,1.58,45,1.61,0.2891,-0.3728,9.1321,45.4185,0.0382,0.6042,-9.1827,0.3347,2026-03-26T11:44:04.134,2026-03-26T11:43:41.537,1.39,2.38,1.39,1.63,312.0,81.0,2026-03-26T11:43:41.537,1.63,222,2026-03-26 11:43:45 EDT,249.71,1.0211845741059629,2.1184574105962883,250.0,1.5950000000000002,0.030000000000000027,1.8808777429467098,1583,1510011.3525999999,1445611.43,59014.240000000005,45764.53,-0.0014,-0.03,0.0
IWM,2026-03-30,255.0,PUT,4,-1,2026-03-26T11:44:03.974,36,6.75,17,6.84,-0.7098,-0.3499,9.1473,-26.1077,0.038,0.5993,-9.154,0.3364,2026-03-26T11:44:04.134,2026-03-26T11:33:02.842,7.23,7.26,5.83,6.77,64.0,11.0,2026-03-26T11:33:02.842,6.77,222,2026-03-26 11:43:45 EDT,249.71,1.0211845741059629,2.1184574105962883,250.0,6.795,0.08999999999999986,1.324503311258276,230,-218246.54,-210387.9,8047.700000000001,-16325.4,0.0008,0.055,0.01
IWM,2026-03-30,256.0,CALL,4,1,2026-03-26T11:44:03.977,114,1.28,84,1.31,0.2496,-0.3409,8.4834,48.3605,0.036,0.6843,-10.188,0.3298,2026-03-26T11:44:04.134,2026-03-26T11:41:36.494,1.2,1.95,1.18,1.35,232.0,39.0,2026-03-26T11:41:36.494,1.35,222,2026-03-26 11:43:45 EDT,249.71,1.0251892194946137,2.518921949461372,250.0,1.295,0.030000000000000027,2.316602316602319,1345,1209095.8199999998,1141017.2999999998,45851.049999999996,33571.2,-0.0007,-0.02,0.0
IWM,2026-03-30,256.0,PUT,4,-1,2026-03-26T11:44:04.033,80,7.44,6,7.53,-0.7496,-0.3169,8.4954,-25.0239,0.0359,0.6813,-10.1738,0.3308,2026-03-26T11:44:04.134,2026-03-26T11:19:59.35,6.89,7.45,6.86,7.45,35.0,5.0,2026-03-26T11:19:59.35,7.45,222,2026-03-26 11:43:45 EDT,249.71,1.0251892194946137,2.518921949461372,250.0,7.485,0.08999999999999986,1.2024048096192366,42,-37651.2738,-35680.68,1330.98,-3148.32,0.0008,0.05,-0.0
IWM,2026-03-30,257.0,CALL,4,1,2026-03-26T11:44:04.007,106,1.02,51,1.04,0.2123,-0.3065,7.7493,51.5119,0.0334,0.7436,-10.8606,0.3249,2026-03-26T11:44:04.134,2026-03-26T11:37:34.155,0.94,1.63,0.9,1.08,2090.0,230.0,2026-03-26T11:37:34.155,1.08,222,2026-03-26 11:43:45 EDT,249.71,1.0291938648832646,2.9193864883264555,250.0,1.03,0.020000000000000018,1.9417475728155356,1845,1538787.933,1429745.85,56549.24999999999,39169.35,0.0002,-0.015,-0.01
IWM,2026-03-30,257.0,PUT,4,-1,2026-03-26T11:44:04.007,27,8.18,10,8.27,-0.7869,-0.2824,7.7647,-23.9065,0.0333,0.7408,-10.8509,0.3259,2026-03-26T11:44:04.134,2026-03-26T10:43:12.016,7.11,7.65,7.11,7.65,8.0,2.0,2026-03-26T10:43:12.016,7.65,222,2026-03-26 11:43:45 EDT,249.71,1.0291938648832646,2.9193864883264555,250.0,8.225,0.08999999999999986,1.0942249240121564,21,-17462.2203,-16305.87,593.04,-1652.4900000000002,0.0017,0.06,-0.0
IWM,2026-03-30,258.0,CALL,4,1,2026-03-26T11:44:03.963,93,0.8,83,0.82,0.1778,-0.271,6.9562,54.8305,0.0304,0.7787,-11.1736,0.3203,2026-03-26T11:44:04.134,2026-03-26T11:37:13.539,0.72,1.29,0.72,0.85,219.0,62.0,2026-03-26T11:37:13.539,0.85,222,2026-03-26 11:43:45 EDT,249.71,1.0331985102719154,3.3198510271915387,250.0,0.81,0.019999999999999907,2.469135802469124,1807,1371726.9488,1256985.34,48969.700000000004,32128.460000000003,0.0,-0.015,-0.01
IWM,2026-03-30,258.0,PUT,4,-1,2026-03-26T11:44:04.001,35,8.95,18,9.06,-0.8214,-0.2468,6.9749,-22.7933,0.0304,0.7762,-11.1708,0.3212,2026-03-26T11:44:04.134,2026-03-26T09:55:50.528,9.36,9.36,8.27,8.27,18.0,3.0,2026-03-26T09:55:50.528,8.27,222,2026-03-26 11:43:45 EDT,249.71,1.0331985102719154,3.3198510271915387,250.0,9.004999999999999,0.11000000000000121,1.2215435868961824,7,-5313.828799999999,-4882.43,172.76,-574.98,0.0014,0.065,0.01
IWM,2026-03-30,259.0,CALL,4,1,2026-03-26T11:44:04.051,85,0.62,178,0.64,0.1468,-0.2361,6.1423,58.1879,0.0271,0.7874,-11.1316,0.3164,2026-03-26T11:44:04.134,2026-03-26T11:11:39.761,0.55,1.01,0.54,0.68,1231.0,74.0,2026-03-26T11:11:39.761,0.68,222,2026-03-26 11:43:45 EDT,249.71,1.0372031556605663,3.7203155660566223,250.0,0.63,0.020000000000000018,3.174603174603177,963,651675.6783,591503.49,22736.43,14136.84,0.0,-0.01,0.0
IWM,2026-03-30,259.0,PUT,4,-1,2026-03-26T11:44:04.057,20,9.77,18,9.89,-0.8508,-0.215,6.2064,-21.6116,0.0272,0.7813,-11.1478,0.3193,2026-03-26T11:44:04.134,2026-03-26T10:54:04.672,10.04,10.04,8.15,9.99,66.0,7.0,2026-03-26T10:54:04.672,9.99,222,2026-03-26 11:43:45 EDT,249.71,1.0372031556605663,3.7203155660566223,250.0,9.83,0.120000000000001,1.2207527975585044,19,-12905.012799999997,-11792.160000000002,408.5,-1616.52,0.0049,0.075,0.01
IWM,2026-03-30,260.0,CALL,4,1,2026-03-26T11:44:04.003,20,0.48,238,0.49,0.1188,-0.2011,5.3092,61.8839,0.0238,0.7732,-10.7554,0.312,2026-03-26T11:44:04.134,2026-03-26T11:41:46.048,0.42,0.78,0.42,0.49,2240.0,103.0,2026-03-26T11:41:46.048,0.49,222,2026-03-26 11:43:45 EDT,249.71,1.041207801049217,4.120780104921706,250.0,0.485,0.010000000000000009,2.061855670103095,15937,9471515.2826,8461272.04,320493.07,189331.56000000003,-0.0005,-0.005,-0.01
IWM,2026-03-30,260.0,PUT,4,-1,2026-03-26T11:44:03.832,21,10.62,14,10.75,-0.8784,-0.1806,5.3918,-20.5402,0.0239,0.7685,-10.8076,0.3154,2026-03-26T11:44:04.134,2026-03-26T10:54:04.672,9.82,10.76,8.98,10.76,17.0,6.0,2026-03-26T10:54:04.672,10.76,222,2026-03-26 11:43:45 EDT,249.71,1.041207801049217,4.120780104921706,250.0,10.684999999999999,0.13000000000000078,1.2166588675713692,169,-100860.36610000001,-91121.42,3052.1400000000003,-14844.960000000001,0.0015,0.065,0.01
IWM,2026-03-30,261.0,CALL,4,1,2026-03-26T11:44:04.012,119,0.36,68,0.37,0.0946,-0.1684,4.5046,65.6673,0.0204,0.7362,-10.0958,0.3081,2026-03-26T11:44:04.134,2026-03-26T11:33:49.354,0.33,0.65,0.32,0.36,396.0,56.0,2026-03-26T11:33:49.354,0.36,222,2026-03-26 11:43:45 EDT,249.71,1.0452124464378678,4.5212446437867895,250.0,0.365,0.010000000000000009,2.739726027397263,965,491579.106,434693.9,16250.6,9128.9,-0.0009,-0.005,-0.01
IWM,2026-03-30,261.0,PUT,4,-1,2026-03-26T11:44:03.533,1,11.51,10,11.63,-0.9006,-0.152,4.6663,-19.4374,0.0207,0.7326,-10.2524,0.3144,2026-03-26T11:44:04.134,2026-03-25T11:51:35.3,10.48,10.48,10.03,10.03,2.0,2.0,2026-03-25T11:51:35.3,10.03,222,2026-03-26 11:43:45 EDT,249.71,1.0452124464378678,4.5212446437867895,250.0,11.57,0.120000000000001,1.037165082108911,2,-1033.7994,-933.26,30.4,-180.12,0.0034,0.065,-0.01
IWM,2026-03-30,262.0,CALL,4,1,2026-03-26T11:44:04.051,159,0.27,117,0.28,0.0749,-0.14,3.7786,69.1768,0.0173,0.6815,-9.2574,0.3056,2026-03-26T11:44:04.134,2026-03-26T11:13:01.678,0.36,0.5,0.26,0.3,160.0,36.0,2026-03-26T11:13:01.678,0.3,222,2026-03-26 11:43:45 EDT,249.71,1.0492170918265187,4.921709182651872,250.0,0.275,0.010000000000000009,3.636363636363639,1352,584061.7015999999,510866.72,18928.000000000004,10126.48,-0.0015,-0.01,0.0
IWM,2026-03-30,262.0,PUT,4,-1,2026-03-26T11:44:03.824,10,12.42,20,12.55,-0.92,-0.1245,3.9686,-18.4101,0.0177,0.683,-9.5003,0.3129,2026-03-26T11:44:04.134,2026-03-19T10:15:04.772,17.21,17.21,17.21,17.21,1.0,1.0,2026-03-19T10:15:04.772,17.21,222,2026-03-26 11:43:45 EDT,249.71,1.0492170918265187,4.921709182651872,250.0,12.485,0.13000000000000078,1.0412494993992856,1,-441.9867,-396.86,12.45,-92.0,0.0039,0.07,0.0
IWM,2026-03-30,263.0,CALL,4,1,2026-03-26T11:44:04.057,169,0.2,106,0.21,0.0582,-0.1143,3.1106,72.8317,0.0143,0.615,-8.2781,0.3032,2026-03-26T11:44:04.134,2026-03-26T11:33:48.74,0.18,0.34,0.17,0.2,168.0,36.0,2026-03-26T11:33:48.74,0.2,222,2026-03-26 11:43:45 EDT,249.71,1.0532217372151695,5.322173721516956,250.0,0.20500000000000002,0.009999999999999981,4.878048780487795,14534,5189877.7502,4520946.04,166123.62,84587.88,-0.0019,-0.005,-0.01
IWM,2026-03-30,263.0,PUT,4,-1,2026-03-26T11:44:03.592,20,13.35,10,13.48,-0.9359,-0.1005,3.3479,-17.4285,0.015,0.6236,-8.6505,0.3125,2026-03-26T11:44:04.134,2026-03-25T13:02:04.894,11.37,11.37,11.37,11.37,2.0,1.0,2026-03-25T13:02:04.894,11.37,222,2026-03-26 11:43:45 EDT,249.71,1.0532217372151695,5.322173721516956,250.0,13.415,0.13000000000000078,0.9690644800596406,2,-749.13,-669.58,20.1,-187.17999999999998,0.001,0.065,-0.01
IWM,2026-03-30,264.0,PUT,4,-1,2026-03-26T11:44:03.348,21,14.3,11,14.43,-0.9484,-0.0808,2.8225,-16.4941,0.0126,0.5607,-7.7931,0.3134,2026-03-26T11:44:04.134,,,,,,,,,,222,2026-03-26 11:43:45 EDT,249.71,1.0572263826038204,5.722638260382039,250.0,14.365,0.129999999999999,0.904977375565604,0,-0.0,-0.0,0.0,-0.0,0.0009,0.065,-0.01
IWM,2026-03-31,230.0,PUT,5,-1,2026-03-26T11:44:04.686,404,0.28,279,0.29,-0.051,-0.1286,3.1169,-45.5067,0.0081,-0.3845,5.7758,0.4316,2026-03-26T11:44:04.775,2026-03-26T11:40:18.692,0.34,0.34,0.22,0.28,727.0,63.0,2026-03-26T11:40:18.692,0.28,222,2026-03-26 11:43:45 EDT,249.71,0.921068439389692,-7.8931560610307985,250.0,0.28500000000000003,0.009999999999999953,3.5087719298245448,22369,-4524468.0219,-6972193.609999999,287665.33999999997,-114081.9,-0.0015,0.0,0.0
IWM,2026-03-31,231.0,CALL,5,1,2026-03-26T11:44:03.618,6,19.1,32,19.21,0.9419,-0.1634,3.4524,12.2825,0.0091,-0.4145,6.1382,0.4257,2026-03-26T11:44:04.775,2026-03-25T14:55:12.9,21.5,21.5,20.78,20.81,6.0,4.0,2026-03-25T14:55:12.9,20.81,222,2026-03-26 11:43:45 EDT,249.71,0.9250730847783428,-7.492691522165715,250.0,19.155,0.10999999999999943,0.5742625946228109,10,2272.361,3452.4,163.39999999999998,941.9000000000001,0.0044,-0.07,0.0
IWM,2026-03-31,231.0,PUT,5,-1,2026-03-26T11:44:04.758,256,0.33,141,0.34,-0.059,-0.1432,3.4996,-44.7636,0.0092,-0.4153,6.1855,0.4282,2026-03-26T11:44:04.775,2026-03-26T09:31:06.39,0.4,0.4,0.37,0.37,132.0,11.0,2026-03-26T09:31:06.39,0.37,222,2026-03-26 11:43:45 EDT,249.71,0.9250730847783428,-7.492691522165715,250.0,0.335,0.010000000000000009,2.985074626865674,110,-25270.652000000002,-38495.6,1575.1999999999998,-648.9999999999999,-0.0014,0.005,-0.01
IWM,2026-03-31,232.0,CALL,5,1,2026-03-26T11:44:03.618,9,18.16,32,18.27,0.9326,-0.1796,3.8746,12.7903,0.0103,-0.4454,6.5445,0.4228,2026-03-26T11:44:04.775,2026-03-25T14:53:16.636,20.9,20.9,19.84,19.84,7.0,5.0,2026-03-25T14:53:16.636,19.84,222,2026-03-26 11:43:45 EDT,249.71,0.9290777301669937,-7.092226983300631,250.0,18.215,0.10999999999999943,0.6038978863573946,5,1286.0065000000002,1937.3000000000002,89.8,466.3,0.0034,-0.07,0.0
IWM,2026-03-31,232.0,PUT,5,-1,2026-03-26T11:44:04.421,153,0.39,156,0.4,-0.0686,-0.1599,3.9325,-43.8531,0.0104,-0.4457,6.595,0.4257,2026-03-26T11:44:04.775,2026-03-26T11:25:34.796,0.46,0.46,0.37,0.38,134.0,14.0,2026-03-26T11:25:34.796,0.38,222,2026-03-26 11:43:45 EDT,249.71,0.9290777301669937,-7.092226983300631,250.0,0.395,0.010000000000000009,2.531645569620255,185,-48044.204000000005,-72751.25,2958.1499999999996,-1269.1,-0.0015,0.0,0.0
IWM,2026-03-31,233.0,CALL,5,1,2026-03-26T11:44:03.618,12,17.23,32,17.34,0.9219,-0.1973,4.3379,13.324,0.0116,-0.4747,6.9295,0.4204,2026-03-26T11:44:04.775,2026-03-25T14:49:54.157,19.08,19.08,18.98,18.98,4.0,2.0,2026-03-25T14:49:54.157,18.98,222,2026-03-26 11:43:45 EDT,249.71,0.9330823755556445,-6.691762444435548,250.0,17.285,0.10999999999999943,0.6363899334683218,19,5503.608399999999,8242.01,374.87,1751.6100000000001,0.003,-0.07,0.0
IWM,2026-03-31,233.0,PUT,5,-1,2026-03-26T11:44:04.431,226,0.46,107,0.47,-0.0791,-0.1771,4.3866,-43.0103,0.0117,-0.4744,6.9654,0.4228,2026-03-26T11:44:04.775,2026-03-26T11:33:27.971,0.53,0.53,0.47,0.47,175.0,10.0,2026-03-26T11:33:27.971,0.47,222,2026-03-26 11:43:45 EDT,249.71,0.9330823755556445,-6.691762444435548,250.0,0.46499999999999997,0.009999999999999953,2.1505376344085922,232,-67781.2824,-101769.11999999998,4108.72,-1835.1200000000001,-0.0015,0.005,-0.01
IWM,2026-03-31,234.0,CALL,5,1,2026-03-26T11:44:04.421,21,16.31,39,16.42,0.9099,-0.216,4.831,13.8888,0.013,-0.5016,7.2713,0.4179,2026-03-26T11:44:04.775,2026-03-25T14:47:27.289,17.04,18.18,17.04,18.08,5.0,3.0,2026-03-25T14:47:27.289,18.08,222,2026-03-26 11:43:45 EDT,249.71,0.9370870209442953,-6.291297905570464,250.0,16.365000000000002,0.11000000000000298,0.6721662083715427,116,37656.268,56039.600000000006,2505.6,10554.84,0.0024,-0.075,0.01
IWM,2026-03-31,234.0,PUT,5,-1,2026-03-26T11:44:04.422,271,0.54,153,0.56,-0.0921,-0.1979,4.9134,-41.8324,0.0131,-0.5,7.3199,0.4221,2026-03-26T11:44:04.775,2026-03-26T11:35:57.712,0.62,0.63,0.44,0.53,75.0,16.0,2026-03-26T11:35:57.712,0.53,222,2026-03-26 11:43:45 EDT,249.71,0.9370870209442953,-6.291297905570464,250.0,0.55,0.020000000000000018,3.636363636363639,564,-184495.73640000002,-277115.76,11161.56,-5194.4400000000005,0.0003,0.01,0.0
IWM,2026-03-31,235.0,CALL,5,1,2026-03-26T11:44:03.335,14,15.41,22,15.52,0.896,-0.2367,5.3703,14.4731,0.0145,-0.5243,7.5655,0.4165,2026-03-26T11:44:04.775,2026-03-25T14:56:40.39,16.34,16.61,16.34,16.61,2.0,2.0,2026-03-25T14:56:40.39,16.61,222,2026-03-26 11:43:45 EDT,249.71,0.9410916663329462,-5.890833366705381,250.0,15.465,0.10999999999999943,0.7112835434852858,2661,963493.5495,1429036.83,62985.87,238425.59999999998,0.002,-0.065,0.01
IWM,2026-03-31,235.0,PUT,5,-1,2026-03-26T11:44:04.634,199,0.64,162,0.66,-0.1061,-0.2187,5.4512,-40.7696,0.0146,-0.5216,7.6005,0.4206,2026-03-26T11:44:04.775,2026-03-26T11:35:24.781,0.82,0.82,0.5,0.62,903.0,70.0,2026-03-26T11:35:24.781,0.62,222,2026-03-26 11:43:45 EDT,249.71,0.9410916663329462,-5.890833366705381,250.0,0.65,0.020000000000000018,3.0769230769230793,14532,-5298027.1512,-7921683.840000001,317814.84,-154184.52,0.0002,0.01,0.0
IWM,2026-03-31,236.0,CALL,5,1,2026-03-26T11:44:04.471,19,14.53,40,14.63,0.8798,-0.2598,5.955,15.0691,0.0161,-0.5409,7.7898,0.4162,2026-03-26T11:44:04.775,2026-03-25T14:55:12.9,15.32,16.21,15.32,16.21,3.0,3.0,2026-03-25T14:55:12.9,16.21,222,2026-03-26 11:43:45 EDT,249.71,0.945096311721597,-5.490368827840298,250.0,14.58,0.10000000000000142,0.6858710562414364,15,6030.4965,8932.5,389.7,1319.7,0.0032,-0.06,0.0
IWM,2026-03-31,236.0,PUT,5,-1,2026-03-26T11:44:04.421,100,0.75,151,0.77,-0.1212,-0.2388,5.9917,-39.8443,0.0161,-0.5391,7.7997,0.4182,2026-03-26T11:44:04.775,2026-03-26T11:25:34.796,0.75,0.75,0.59,0.72,109.0,14.0,2026-03-26T11:25:34.796,0.72,222,2026-03-26 11:43:45 EDT,249.71,0.945096311721597,-5.490368827840298,250.0,0.76,0.020000000000000018,2.6315789473684235,702,-282227.2362,-420617.33999999997,16763.760000000002,-8508.240000000002,-0.0002,0.01,0.0
IWM,2026-03-31,237.0,CALL,5,1,2026-03-26T11:44:04.769,18,13.66,39,13.76,0.8627,-0.2817,6.5321,15.7126,0.0178,-0.5523,7.9138,0.4147,2026-03-26T11:44:04.775,2026-03-25T14:53:16.636,15.61,16.01,15.3,15.3,8.0,5.0,2026-03-25T14:53:16.636,15.3,222,2026-03-26 11:43:45 EDT,249.71,0.9491009571102479,-5.089904288975214,250.0,13.71,0.09999999999999964,0.729394602479939,10,4444.838,6532.099999999999,281.70000000000005,862.7,0.0026,-0.06,0.0
IWM,2026-03-31,237.0,PUT,5,-1,2026-03-26T11:44:04.437,254,0.87,158,0.9,-0.1374,-0.2584,6.5365,-39.0116,0.0178,-0.552,7.9142,0.415,2026-03-26T11:44:04.775,2026-03-26T10:53:19.127,0.91,1.02,0.76,0.91,116.0,18.0,2026-03-26T10:53:19.127,0.91,222,2026-03-26 11:43:45 EDT,249.71,0.9491009571102479,-5.089904288975214,250.0,0.885,0.030000000000000027,3.3898305084745792,378,-168014.8764,-247079.7,9767.52,-5193.719999999999,-0.0005,0.01,0.0
IWM,2026-03-31,238.0,CALL,5,1,2026-03-26T11:44:04.122,12,12.8,13,12.9,0.8446,-0.3022,7.0987,16.4126,0.0194,-0.5586,7.9372,0.4121,2026-03-26T11:44:04.775,2026-03-26T09:58:02.853,13.92,13.92,13.92,13.92,3.0,1.0,2026-03-26T09:58:02.853,13.92,222,2026-03-26 11:43:45 EDT,249.71,0.9531056024988986,-4.6894397501101315,250.0,12.850000000000001,0.09999999999999964,0.7782101167315146,4,1937.7496,2839.48,120.88000000000001,337.84000000000003,0.0025,-0.065,0.01
IWM,2026-03-31,238.0,PUT,5,-1,2026-03-26T11:44:04.656,115,1.02,88,1.05,-0.1563,-0.2808,7.1273,-37.9176,0.0194,-0.5561,7.9346,0.4138,2026-03-26T11:44:04.775,2026-03-26T11:27:52.84,1.17,1.17,0.8,0.99,269.0,65.0,2026-03-26T11:27:52.84,0.99,222,2026-03-26 11:43:45 EDT,249.71,0.9531056024988986,-4.6894397501101315,250.0,1.0350000000000001,0.030000000000000027,2.8985507246376834,19519,-9455733.6106,-13911776.87,548093.52,-305081.97,-0.0007,0.015,0.01
IWM,2026-03-31,239.0,CALL,5,1,2026-03-26T11:44:04.769,17,11.97,41,12.06,0.8246,-0.3229,7.675,17.1464,0.0211,-0.5572,7.8538,0.4096,2026-03-26T11:44:04.775,2026-03-25T14:47:27.289,12.76,14.34,12.76,13.67,6.0,6.0,2026-03-25T14:47:27.289,13.67,222,2026-03-26 11:43:45 EDT,249.71,0.9571102478875495,-4.288975211245048,250.0,12.015,0.08999999999999986,0.7490636704119839,42,22129.3002,32234.999999999996,1356.18,3463.32,0.0019,-0.06,0.0
IWM,2026-03-31,239.0,PUT,5,-1,2026-03-26T11:44:04.636,105,1.18,108,1.21,-0.1762,-0.3014,7.7013,-36.982,0.0211,-0.5543,7.8461,0.4113,2026-03-26T11:44:04.775,2026-03-26T11:29:27.692,1.39,1.39,1.07,1.12,106.0,18.0,2026-03-26T11:29:27.692,1.12,222,2026-03-26 11:43:45 EDT,249.71,0.9571102478875495,-4.288975211245048,250.0,1.1949999999999998,0.030000000000000027,2.5104602510460277,406,-213916.56860000003,-312672.78,12236.84,-7153.72,-0.0008,0.015,0.01
IWM,2026-03-31,240.0,CALL,5,1,2026-03-26T11:44:04.421,16,11.15,38,11.25,0.8023,-0.3449,8.266,17.8888,0.0228,-0.5454,7.6445,0.4084,2026-03-26T11:44:04.775,2026-03-26T10:14:56.571,12.56,12.56,12.56,12.56,1.0,1.0,2026-03-26T10:14:56.571,12.56,222,2026-03-26 11:43:45 EDT,249.71,0.9611148932762004,-3.8885106723799643,250.0,11.2,0.09999999999999964,0.8928571428571397,1064,605776.4832,879502.3999999999,36697.36,85364.72,0.0029,-0.055,0.01
IWM,2026-03-31,240.0,PUT,5,-1,2026-03-26T11:44:04.582,177,1.37,86,1.4,-0.1985,-0.3232,8.2895,-35.8996,0.0228,-0.5423,7.6322,0.4101,2026-03-26T11:44:04.775,2026-03-26T11:41:39.123,1.57,1.57,1.05,1.31,870.0,150.0,2026-03-26T11:41:39.123,1.31,222,2026-03-26 11:43:45 EDT,249.71,0.9611148932762004,-3.8885106723799643,250.0,1.385,0.029999999999999805,2.1660649819494444,21736,-12375148.1568,-18018057.200000003,702507.5199999999,-431459.60000000003,-0.0007,0.015,0.01
IWM,2026-03-31,241.0,CALL,5,1,2026-03-26T11:44:04.419,12,10.36,29,10.45,0.7793,-0.3638,8.8216,18.7134,0.0245,-0.5278,7.3208,0.4055,2026-03-26T11:44:04.775,2026-03-26T10:14:56.622,11.71,11.71,11.71,11.71,1.0,1.0,2026-03-26T10:14:56.622,11.71,222,2026-03-26 11:43:45 EDT,249.71,0.9651195386648512,-3.4880461335148807,250.0,10.405,0.08999999999999986,0.8649687650168176,264,161512.428,232890.24,9604.32,20573.52,0.0,-0.065,0.01
IWM,2026-03-31,241.0,PUT,5,-1,2026-03-26T11:44:04.74,107,1.57,153,1.6,-0.2215,-0.342,8.8421,-35.0199,0.0245,-0.5244,7.3049,0.4072,2026-03-26T11:44:04.775,2026-03-26T11:14:31.245,1.83,1.83,1.26,1.5,357.0,53.0,2026-03-26T11:14:31.245,1.5,222,2026-03-26 11:43:45 EDT,249.71,0.9651195386648512,-3.4880461335148807,250.0,1.585,0.030000000000000027,1.89274447949527,733,-448441.70350000006,-648125.93,25068.600000000002,-16235.949999999999,0.0,0.02,0.0
IWM,2026-03-31,242.0,CALL,5,1,2026-03-26T11:44:04.421,17,9.59,40,9.68,0.754,-0.3829,9.3692,19.5525,0.0262,-0.4989,6.8589,0.4035,2026-03-26T11:44:04.775,2026-03-26T10:14:56.571,9.4,10.9,9.4,10.9,19.0,2.0,2026-03-26T10:14:56.571,10.9,222,2026-03-26 11:43:45 EDT,249.71,0.969124184053502,-3.0875815946497966,250.0,9.635,0.08999999999999986,0.9340944473274505,83,54301.9366,77764.36,3178.07,6258.2,0.001,-0.055,0.01
IWM,2026-03-31,242.0,PUT,5,-1,2026-03-26T11:44:04.769,171,1.8,47,1.83,-0.2467,-0.3608,9.3853,-34.0417,0.0261,-0.4957,6.8417,0.4051,2026-03-26T11:44:04.775,2026-03-26T11:40:48.856,1.99,2.06,1.42,1.73,1086.0,102.0,2026-03-26T11:40:48.856,1.73,222,2026-03-26 11:43:45 EDT,249.71,0.969124184053502,-3.0875815946497966,250.0,1.815,0.030000000000000027,1.6528925619834725,751,-489459.06810000003,-704836.03,27096.08,-18527.170000000002,-0.0001,0.02,0.0
IWM,2026-03-31,243.0,CALL,5,1,2026-03-26T11:44:04.715,21,8.84,22,8.92,0.7274,-0.3996,9.8796,20.4582,0.0278,-0.4619,6.2735,0.4008,2026-03-26T11:44:04.775,2026-03-26T11:05:20.759,8.76,10.16,8.68,9.27,47.0,5.0,2026-03-26T11:05:20.759,9.27,222,2026-03-26 11:43:45 EDT,249.71,0.9731288294421528,-2.6871170557847135,250.0,8.879999999999999,0.08000000000000007,0.9009009009009018,349,242273.6362,344798.04,13946.039999999999,25386.260000000002,0.0005,-0.06,0.0
IWM,2026-03-31,243.0,PUT,5,-1,2026-03-26T11:44:04.754,45,2.05,97,2.08,-0.2733,-0.3776,9.8937,-33.1171,0.0277,-0.4584,6.2534,0.4025,2026-03-26T11:44:04.775,2026-03-26T11:29:27.692,2.29,2.3,1.64,1.95,265.0,55.0,2026-03-26T11:29:27.692,1.95,222,2026-03-26 11:43:45 EDT,249.71,0.9731288294421528,-2.6871170557847135,250.0,2.065,0.03000000000000025,1.4527845036319733,1226,-848020.1542000001,-1212967.62,46293.759999999995,-33506.579999999994,-0.0004,0.025,-0.01
IWM,2026-03-31,244.0,CALL,5,1,2026-03-26T11:44:04.769,19,8.11,39,8.2,0.6994,-0.414,10.3487,21.4307,0.0294,-0.416,5.5652,0.3977,2026-03-26T11:44:04.775,2026-03-26T11:05:21.221,7.82,9.08,7.82,8.58,4.0,4.0,2026-03-26T11:05:21.221,8.58,222,2026-03-26 11:43:45 EDT,249.71,0.9771334748308037,-2.28665251691963,250.0,8.155,0.08999999999999986,1.1036174126302865,251,184270.9974,259752.36999999997,10391.4,17554.94,0.0004,-0.055,0.01
IWM,2026-03-31,244.0,PUT,5,-1,2026-03-26T11:44:04.674,45,2.32,66,2.35,-0.3011,-0.3915,10.3581,-32.2764,0.0293,-0.4132,5.5477,0.3991,2026-03-26T11:44:04.775,2026-03-26T11:20:55.52,2.43,2.57,1.87,2.32,1129.0,88.0,2026-03-26T11:20:55.52,2.32,222,2026-03-26 11:43:45 EDT,249.71,0.9771334748308037,-2.28665251691963,250.0,2.335,0.03000000000000025,1.2847965738758138,20708,-15151014.412400002,-21449553.48,810718.2000000001,-623517.88,-0.0008,0.025,-0.01
IWM,2026-03-31,245.0,CALL,5,1,2026-03-26T11:44:04.216,19,7.41,58,7.49,0.6699,-0.4263,10.7716,22.4567,0.0308,-0.3605,4.7329,0.3945,2026-03-26T11:44:04.775,2026-03-26T11:39:00.668,7.3,8.69,7.3,7.65,24.0,10.0,2026-03-26T11:39:00.668,7.65,222,2026-03-26 11:43:45 EDT,249.71,0.9811381202194546,-1.8861879780545463,250.0,7.45,0.08000000000000007,1.0738255033557056,6173,4747696.276400001,6649308.679999999,263154.99,413529.27,0.001,-0.055,0.01
IWM,2026-03-31,245.0,PUT,5,-1,2026-03-26T11:44:04.769,21,2.62,33,2.65,-0.3306,-0.4038,10.779,-31.3935,0.0307,-0.3577,4.7148,0.3961,2026-03-26T11:44:04.775,2026-03-26T11:43:45.589,2.9,2.95,2.1,2.6,510.0,101.0,2026-03-26T11:43:45.589,2.6,222,2026-03-26 11:43:45 EDT,249.71,0.9811381202194546,-1.8861879780545463,250.0,2.635,0.029999999999999805,1.1385199240986643,21192,-16245992.762400003,-22842856.8,855732.96,-700607.52,0.0002,0.03,-0.0
IWM,2026-03-31,246.0,CALL,5,1,2026-03-26T11:44:04.107,13,6.74,18,6.8,0.6391,-0.4353,11.1361,23.575,0.0322,-0.2967,3.7927,0.3906,2026-03-26T11:44:04.775,2026-03-26T11:05:21.221,6.53,8.04,6.53,7.2,15.0,6.0,2026-03-26T11:05:21.221,7.2,222,2026-03-26 11:43:45 EDT,249.71,0.9851427656081053,-1.485723439189463,250.0,6.77,0.05999999999999961,0.8862629246676458,146,117393.6652,162587.06000000003,6355.38,9330.86,0.0008,-0.055,0.01
IWM,2026-03-31,246.0,PUT,5,-1,2026-03-26T11:44:04.67,117,2.93,49,2.97,-0.3613,-0.4126,11.141,-30.5846,0.0321,-0.2942,3.7765,0.3922,2026-03-26T11:44:04.775,2026-03-26T11:14:20.407,3.18,3.3,2.39,2.85,217.0,57.0,2026-03-26T11:14:20.407,2.85,222,2026-03-26 11:43:45 EDT,249.71,0.9851427656081053,-1.485723439189463,250.0,2.95,0.040000000000000036,1.3559322033898318,1768,-1417174.1687999999,-1969728.8,72947.68000000001,-63877.840000000004,-0.0001,0.025,0.01
IWM,2026-03-31,247.0,CALL,5,1,2026-03-26T11:44:04.431,23,6.09,21,6.15,0.6068,-0.4416,11.4367,24.7597,0.0334,-0.2238,2.7469,0.3867,2026-03-26T11:44:04.775,2026-03-26T11:14:52.254,6.06,7.42,5.99,6.24,19.0,11.0,2026-03-26T11:14:52.254,6.24,222,2026-03-26 11:43:45 EDT,249.71,0.9891474109967562,-1.0852589003243795,250.0,6.12,0.0600000000000005,0.9803921568627533,1099,916600.5086000001,1256893.33,48531.84,66687.32,0.0014,-0.045,-0.01
IWM,2026-03-31,247.0,PUT,5,-1,2026-03-26T11:44:04.768,41,3.28,35,3.32,-0.3934,-0.4186,11.4394,-29.7765,0.0333,-0.222,2.7348,0.3881,2026-03-26T11:44:04.775,2026-03-26T11:34:50.961,3.65,3.65,2.69,3.28,1229.0,130.0,2026-03-26T11:34:50.961,3.28,222,2026-03-26 11:43:45 EDT,249.71,0.9891474109967562,-1.0852589003243795,250.0,3.3,0.040000000000000036,1.2121212121212133,3655,-3039257.8665000005,-4181100.6999999997,152998.30000000002,-143787.7,-0.0005,0.03,0.0
IWM,2026-03-31,248.0,CALL,5,1,2026-03-26T11:44:04.36,24,5.47,23,5.53,0.5733,-0.4446,11.6638,26.0294,0.0344,-0.1428,1.613,0.3825,2026-03-26T11:44:04.775,2026-03-26T11:40:58.409,5.4,6.58,5.18,5.67,9.0,7.0,2026-03-26T11:40:58.409,5.67,222,2026-03-26 11:43:45 EDT,249.71,0.993152056385407,-0.684794361459296,250.0,5.5,0.0600000000000005,1.0909090909091,1170,1005032.808,1364664.6,52018.200000000004,67076.1,0.001,-0.04,0.0
IWM,2026-03-31,248.0,PUT,5,-1,2026-03-26T11:44:04.421,10,3.66,46,3.7,-0.4268,-0.4216,11.665,-28.9687,0.0343,-0.1416,1.6046,0.384,2026-03-26T11:44:04.775,2026-03-26T11:13:10.117,3.96,4.01,2.93,3.55,230.0,76.0,2026-03-26T11:13:10.117,3.55,222,2026-03-26 11:43:45 EDT,249.71,0.993152056385407,-0.684794361459296,250.0,3.68,0.040000000000000036,1.0869565217391313,1549,-1326726.7097,-1806908.5,65305.840000000004,-66111.32,0.0001,0.035,0.01
IWM,2026-03-31,249.0,CALL,5,1,2026-03-26T11:44:04.733,25,4.88,28,4.93,0.5387,-0.443,11.8089,27.46,0.0353,-0.0551,0.4117,0.3771,2026-03-26T11:44:04.775,2026-03-26T11:20:38.795,4.63,5.95,4.54,4.92,218.0,48.0,2026-03-26T11:20:38.795,4.92,222,2026-03-26 11:43:45 EDT,249.71,0.9971567017740579,-0.28432982259421247,250.0,4.904999999999999,0.04999999999999982,1.0193679918450527,987,870017.1081000001,1165538.43,43724.1,53169.68999999999,0.0007,-0.035,-0.01
IWM,2026-03-31,249.0,PUT,5,-1,2026-03-26T11:44:04.666,72,4.06,40,4.11,-0.4613,-0.4202,11.8092,-28.2277,0.0352,-0.0544,0.407,0.3789,2026-03-26T11:44:04.775,2026-03-26T11:34:23.322,4.6,4.6,3.46,4.13,147.0,58.0,2026-03-26T11:34:23.322,4.13,222,2026-03-26 11:43:45 EDT,249.71,0.9971567017740579,-0.28432982259421247,250.0,4.085,0.05000000000000071,1.2239902080783527,1339,-1176953.1488,-1581251.8800000001,56264.780000000006,-61768.07,-0.0008,0.035,0.01
IWM,2026-03-31,250.0,CALL,5,1,2026-03-26T11:44:04.77,10,4.33,63,4.37,0.503,-0.4397,11.8646,28.8784,0.0359,0.0392,-0.8429,0.3732,2026-03-26T11:44:04.775,2026-03-26T11:36:00.397,4.09,5.33,4.06,4.48,484.0,122.0,2026-03-26T11:36:00.397,4.48,222,2026-03-26 11:43:45 EDT,249.71,1.0011613471627088,0.11613471627087103,250.0,4.35,0.040000000000000036,0.9195402298850583,7192,6447332.408800001,8533020.319999998,316232.24,361757.6,0.0004,-0.035,-0.01
IWM,2026-03-31,250.0,PUT,5,-1,2026-03-26T11:44:04.769,34,4.5,24,4.55,-0.4968,-0.4157,11.8646,-27.4518,0.0358,0.0391,-0.8425,0.374,2026-03-26T11:44:04.775,2026-03-26T11:35:27.06,4.76,4.95,3.74,4.41,466.0,120.0,2026-03-26T11:35:27.06,4.41,222,2026-03-26 11:43:45 EDT,249.71,1.0011613471627088,0.11613471627087103,250.0,4.525,0.04999999999999982,1.1049723756906038,10014,-8952133.465200001,-11881210.44,416281.98000000004,-497495.52,-0.0003,0.035,0.01
IWM,2026-03-31,251.0,CALL,5,1,2026-03-26T11:44:04.768,24,3.8,24,3.84,0.4665,-0.4313,11.8233,30.5039,0.0363,0.1379,-2.1197,0.3679,2026-03-26T11:44:04.775,2026-03-26T11:30:10.325,3.58,4.87,3.56,3.89,95.0,33.0,2026-03-26T11:30:10.325,3.89,222,2026-03-26 11:43:45 EDT,249.71,1.0051659925513596,0.5165992551359545,250.0,3.82,0.040000000000000036,1.0471204188481684,1000,906447.3,1182330.0,43130.0,46650.0,0.0002,-0.035,-0.01
IWM,2026-03-31,251.0,PUT,5,-1,2026-03-26T11:44:04.768,57,4.97,24,5.02,-0.5333,-0.4072,11.8236,-26.6882,0.0362,0.1374,-2.1163,0.3687,2026-03-26T11:44:04.775,2026-03-26T11:42:08.235,5.48,5.48,4.13,4.94,181.0,44.0,2026-03-26T11:42:08.235,4.94,222,2026-03-26 11:43:45 EDT,249.71,1.0051659925513596,0.5165992551359545,250.0,4.994999999999999,0.04999999999999982,1.0010010010009975,153,-138304.3806,-180901.08000000002,6230.16,-8159.49,-0.0006,0.035,0.01
IWM,2026-03-31,252.0,CALL,5,1,2026-03-26T11:44:04.577,20,3.31,17,3.35,0.4295,-0.4196,11.6793,32.2088,0.0363,0.2389,-3.3877,0.3629,2026-03-26T11:44:04.775,2026-03-26T11:13:17.35,3.13,4.31,3.09,3.51,83.0,37.0,2026-03-26T11:13:17.35,3.51,222,2026-03-26 11:43:45 EDT,249.71,1.0091706379400103,0.9170637940010379,250.0,3.33,0.040000000000000036,1.2012012012012023,966,875628.0917999998,1128220.38,40533.36,41489.7,0.0008,-0.03,0.0
IWM,2026-03-31,252.0,PUT,5,-1,2026-03-26T11:44:04.768,18,5.48,22,5.53,-0.5702,-0.3955,11.6803,-25.8934,0.0363,0.2379,-3.3815,0.3637,2026-03-26T11:44:04.775,2026-03-26T11:41:23.042,6.08,6.09,4.5,5.35,236.0,95.0,2026-03-26T11:41:23.042,5.35,222,2026-03-26 11:43:45 EDT,249.71,1.0091706379400103,0.9170637940010379,250.0,5.505000000000001,0.04999999999999982,0.9082652134423217,337,-305472.7401,-393626.11000000004,13328.35,-19215.74,-0.001,0.04,0.0
IWM,2026-03-31,253.0,CALL,5,1,2026-03-26T11:44:04.509,49,2.85,67,2.89,0.3919,-0.4036,11.427,34.106,0.0361,0.3408,-4.6192,0.3571,2026-03-26T11:44:04.775,2026-03-26T11:14:38.464,2.61,3.75,2.61,2.98,90.0,34.0,2026-03-26T11:14:38.464,2.98,222,2026-03-26 11:43:45 EDT,249.71,1.0131752833286611,1.3175283328661214,250.0,2.87,0.040000000000000036,1.3937282229965169,1461,1317022.9790999999,1669484.6999999997,58965.96000000001,57256.590000000004,0.0005,-0.03,0.0
IWM,2026-03-31,253.0,PUT,5,-1,2026-03-26T11:44:04.769,60,6.02,26,6.08,-0.6074,-0.3806,11.432,-25.0722,0.036,0.3377,-4.6006,0.359,2026-03-26T11:44:04.775,2026-03-26T11:36:27.064,6.2,6.47,5.05,5.88,87.0,21.0,2026-03-26T11:36:27.064,5.88,222,2026-03-26 11:43:45 EDT,249.71,1.0131752833286611,1.3175283328661214,250.0,6.05,0.0600000000000005,0.9917355371900909,391,-351491.796,-446991.2,14881.46,-23749.34,-0.0003,0.045,0.01
IWM,2026-03-31,254.0,CALL,5,1,2026-03-26T11:44:04.766,35,2.44,34,2.47,0.3543,-0.3842,11.0654,36.1289,0.0355,0.4396,-5.7711,0.3515,2026-03-26T11:44:04.775,2026-03-26T11:30:10.316,2.39,3.3,2.33,2.5,223.0,42.0,2026-03-26T11:30:10.316,2.5,222,2026-03-26 11:43:45 EDT,249.71,1.017179928717312,1.717992871731205,250.0,2.455,0.03000000000000025,1.2219959266802545,1661,1472427.5004999998,1837962.9400000002,63815.62,58849.23,0.0001,-0.025,-0.01
IWM,2026-03-31,254.0,PUT,5,-1,2026-03-26T11:44:04.695,20,6.6,22,6.66,-0.6447,-0.3613,11.0749,-24.2852,0.0354,0.4354,-5.7472,0.3535,2026-03-26T11:44:04.775,2026-03-26T11:20:39.3,7.13,7.25,5.59,6.66,25.0,6.0,2026-03-26T11:20:39.3,6.66,222,2026-03-26 11:43:45 EDT,249.71,1.017179928717312,1.717992871731205,250.0,6.63,0.0600000000000005,0.9049773755656184,292,-258120.23280000003,-323387.07999999996,10549.960000000001,-18825.24,-0.0007,0.05,0.0
IWM,2026-03-31,255.0,CALL,5,1,2026-03-26T11:44:04.686,33,2.06,134,2.09,0.3172,-0.3619,10.5978,38.2677,0.0346,0.5316,-6.8018,0.3461,2026-03-26T11:44:04.775,2026-03-26T11:39:15.187,1.91,2.9,1.86,2.16,1315.0,212.0,2026-03-26T11:39:15.187,2.16,222,2026-03-26 11:43:45 EDT,249.71,1.0211845741059629,2.1184574105962883,250.0,2.075,0.029999999999999805,1.445783132530111,9409,8129344.009400001,9971470.02,340511.71,298453.48,0.0008,-0.02,0.0
IWM,2026-03-31,255.0,PUT,5,-1,2026-03-26T11:44:04.437,75,7.21,21,7.29,-0.6816,-0.339,10.6124,-23.4801,0.0344,0.5266,-6.7758,0.3481,2026-03-26T11:44:04.775,2026-03-26T11:23:17.134,8.01,8.01,6.29,7.3,49.0,12.0,2026-03-26T11:23:17.134,7.3,222,2026-03-26 11:43:45 EDT,249.71,1.0211845741059629,2.1184574105962883,250.0,7.25,0.08000000000000007,1.1034482758620698,4564,-3920486.9535999997,-4843499.359999999,154719.6,-311082.24,-0.0011,0.05,0.0
IWM,2026-03-31,256.0,CALL,5,1,2026-03-26T11:44:04.315,71,1.72,127,1.75,0.281,-0.3369,10.0291,40.5586,0.0332,0.6138,-7.6766,0.3408,2026-03-26T11:44:04.775,2026-03-26T10:55:02.978,2.13,2.42,1.69,1.69,369.0,82.0,2026-03-26T10:55:02.978,1.69,222,2026-03-26 11:43:45 EDT,249.71,1.0251892194946137,2.518921949461372,250.0,1.7349999999999999,0.030000000000000027,1.7291066282420764,1112,921889.3663999999,1115235.92,37463.28,31247.200000000004,0.0005,-0.02,0.0
IWM,2026-03-31,256.0,PUT,5,-1,2026-03-26T11:44:04.437,42,7.87,19,7.95,-0.7176,-0.3143,10.0521,-22.655,0.0331,0.6076,-7.648,0.343,2026-03-26T11:44:04.775,2026-03-26T11:05:21.476,8.32,8.32,6.85,7.54,7.0,5.0,2026-03-26T11:05:21.476,7.54,222,2026-03-26 11:43:45 EDT,249.71,1.0251892194946137,2.518921949461372,250.0,7.91,0.08000000000000007,1.011378002528446,76,-62817.04759999999,-76395.95999999999,2388.6800000000003,-5453.76,-0.0005,0.06,0.0
IWM,2026-03-31,257.0,CALL,5,1,2026-03-26T11:44:04.418,70,1.41,46,1.44,0.2454,-0.3084,9.3584,43.1327,0.0316,0.6851,-8.3703,0.3347,2026-03-26T11:44:04.775,2026-03-26T11:05:21.476,1.28,2.04,1.27,1.61,224.0,50.0,2026-03-26T11:05:21.476,1.61,222,2026-03-26 11:43:45 EDT,249.71,1.0291938648832646,2.9193864883264555,250.0,1.4249999999999998,0.030000000000000027,2.105263157894739,995,785138.1820000001,931160.8,30685.8,24417.3,0.0003,-0.02,0.0
IWM,2026-03-31,257.0,PUT,5,-1,2026-03-26T11:44:04.672,41,8.56,19,8.65,-0.7529,-0.286,9.3907,-21.8638,0.0314,0.6783,-8.3445,0.337,2026-03-26T11:44:04.775,2026-03-26T09:30:41.012,9.03,9.03,9.03,9.03,1.0,1.0,2026-03-26T09:30:41.012,9.03,222,2026-03-26 11:43:45 EDT,249.71,1.0291938648832646,2.9193864883264555,250.0,8.605,0.08999999999999986,1.0459035444508988,98,-76840.7612,-92028.86000000002,2802.7999999999997,-7378.42,-0.0018,0.055,0.01
IWM,2026-03-31,258.0,CALL,5,1,2026-03-26T11:44:04.769,72,1.15,132,1.18,0.2122,-0.2799,8.6256,45.6877,0.0295,0.7367,-8.8336,0.3298,2026-03-26T11:44:04.775,2026-03-26T11:23:46.821,1.03,1.7,1.03,1.17,497.0,67.0,2026-03-26T11:23:46.821,1.17,222,2026-03-26 11:43:45 EDT,249.71,1.0331985102719154,3.3198510271915387,250.0,1.165,0.030000000000000027,2.5751072961373414,3179,2341792.8655,2742078.24,88980.21,67458.38,0.0,-0.02,0.0
IWM,2026-03-31,258.0,PUT,5,-1,2026-03-26T11:44:04.733,47,9.3,16,9.39,-0.7857,-0.2579,8.6721,-21.0073,0.0294,0.729,-8.8129,0.3325,2026-03-26T11:44:04.775,2026-03-26T11:20:26.129,9.81,9.87,8.04,9.27,21.0,15.0,2026-03-26T11:20:26.129,9.27,222,2026-03-26 11:43:45 EDT,249.71,1.0331985102719154,3.3198510271915387,250.0,9.345,0.08999999999999986,0.9630818619582648,3,-2202.4422,-2601.63,77.37,-235.71,-0.0012,0.06,0.0
IWM,2026-03-31,259.0,CALL,5,1,2026-03-26T11:44:04.423,127,0.92,154,0.95,0.1807,-0.2495,7.8242,48.5122,0.0272,0.7712,-9.0679,0.3244,2026-03-26T11:44:04.775,2026-03-26T11:20:49.64,0.82,1.33,0.82,0.95,297.0,65.0,2026-03-26T11:20:49.64,0.95,222,2026-03-26 11:43:45 EDT,249.71,1.0372031556605663,3.7203155660566223,250.0,0.935,0.029999999999999916,3.208556149732611,873,592951.3776,683052.66,21781.350000000002,15775.11,-0.0005,-0.02,-0.0
IWM,2026-03-31,259.0,PUT,5,-1,2026-03-26T11:44:04.47,30,10.07,21,10.17,-0.816,-0.2296,7.9099,-20.138,0.0272,0.7605,-9.056,0.3286,2026-03-26T11:44:04.775,2026-03-25T14:07:28.834,8.52,8.52,8.49,8.49,4.0,2.0,2026-03-25T14:07:28.834,8.49,222,2026-03-26 11:43:45 EDT,249.71,1.0372031556605663,3.7203155660566223,250.0,10.120000000000001,0.09999999999999964,0.988142292490115,1,-679.2112,-790.99,22.96,-81.6,-0.0005,0.06,0.0
IWM,2026-03-31,260.0,CALL,5,1,2026-03-26T11:44:04.14,6,0.74,258,0.76,0.1532,-0.2219,7.0336,51.0552,0.0247,0.7809,-9.0683,0.3212,2026-03-26T11:44:04.775,2026-03-26T11:43:26.381,0.67,1.15,0.64,0.77,708.0,86.0,2026-03-26T11:43:26.381,0.77,222,2026-03-26 11:43:45 EDT,249.71,1.041207801049217,4.120780104921706,250.0,0.75,0.020000000000000018,2.6666666666666687,13660,8425265.342,9607897.6,303115.4,209271.2,0.0004,-0.01,0.0
IWM,2026-03-31,260.0,PUT,5,-1,2026-03-26T11:44:04.733,33,10.87,27,10.98,-0.8452,-0.1988,7.0797,-19.3299,0.0247,0.7767,-9.0746,0.3232,2026-03-26T11:44:04.775,2026-03-26T10:39:22.187,9.84,9.84,9.84,9.84,1.0,1.0,2026-03-26T10:39:22.187,9.84,222,2026-03-26 11:43:45 EDT,249.71,1.041207801049217,4.120780104921706,250.0,10.925,0.11000000000000121,1.0068649885583634,5600,-3453988.7199999997,-3964632.0,111328.0,-473312.0,-0.0024,0.06,0.0
IWM,2026-03-31,261.0,CALL,5,1,2026-03-26T11:44:04.436,44,0.58,356,0.6,0.1275,-0.1932,6.2083,53.9564,0.0221,0.774,-8.8533,0.3171,2026-03-26T11:44:04.775,2026-03-26T11:15:45.486,0.55,0.9,0.51,0.61,315.0,30.0,2026-03-26T11:15:45.486,0.61,222,2026-03-26 11:43:45 EDT,249.71,1.0452124464378678,4.5212446437867895,250.0,0.59,0.020000000000000018,3.3898305084745797,761,419964.7751,472451.63,14702.52,9702.75,0.002,-0.005,-0.01
IWM,2026-03-31,261.0,PUT,5,-1,2026-03-26T11:44:04.441,13,11.72,29,11.83,-0.8694,-0.1727,6.3096,-18.4464,0.0222,0.7679,-8.8917,0.321,2026-03-26T11:44:04.775,2026-03-25T14:13:43.613,9.97,10.06,9.97,10.06,2.0,2.0,2026-03-25T14:13:43.613,10.06,222,2026-03-26 11:43:45 EDT,249.71,1.0452124464378678,4.5212446437867895,250.0,11.775,0.10999999999999943,0.9341825902335408,7,-3880.4934000000003,-4416.719999999999,120.88999999999999,-608.58,-0.0012,0.065,-0.01
IWM,2026-03-31,262.0,CALL,5,1,2026-03-26T11:44:04.431,132,0.45,405,0.47,0.1048,-0.1661,5.4029,56.9013,0.0194,0.7485,-8.4477,0.3134,2026-03-26T11:44:04.775,2026-03-26T11:27:51.023,0.4,0.69,0.4,0.49,119.0,25.0,2026-03-26T11:27:51.023,0.49,222,2026-03-26 11:43:45 EDT,249.71,1.0492170918265187,4.921709182651872,250.0,0.45999999999999996,0.019999999999999962,4.347826086956514,610,295506.814,329576.89999999997,10132.1,6392.8,0.0019,0.0,0.0
IWM,2026-03-31,262.0,PUT,5,-1,2026-03-26T11:44:04.189,41,12.58,34,12.71,-0.8916,-0.1464,5.5311,-17.615,0.0196,0.7444,-8.5257,0.3181,2026-03-26T11:44:04.775,2026-03-25T14:13:09.048,10.79,10.84,10.79,10.84,2.0,2.0,2026-03-25T14:13:09.048,10.84,222,2026-03-26 11:43:45 EDT,249.71,1.0492170918265187,4.921709182651872,250.0,12.645,0.13000000000000078,1.0280743376828847,2,-978.8632,-1106.22,29.28,-178.32,-0.0017,0.065,0.01
IWM,2026-03-31,263.0,CALL,5,1,2026-03-26T11:44:04.451,257,0.34,241,0.36,0.0843,-0.1394,4.6029,60.2137,0.0168,0.7075,-7.8608,0.309,2026-03-26T11:44:04.775,2026-03-26T11:34:46.231,0.31,0.54,0.31,0.36,134.0,21.0,2026-03-26T11:34:46.231,0.36,222,2026-03-26 11:43:45 EDT,249.71,1.0532217372151695,5.322173721516956,250.0,0.35,0.019999999999999962,5.714285714285704,957,401473.74960000004,440497.53,13340.58,8067.51,-0.0005,-0.01,-0.0
IWM,2026-03-31,263.0,PUT,5,-1,2026-03-26T11:44:04.113,10,13.48,20,13.61,-0.9102,-0.1233,4.8192,-16.7875,0.0172,0.7062,-8.0386,0.3166,2026-03-26T11:44:04.775,2026-03-25T14:09:55.663,12.05,12.05,11.66,11.72,7.0,4.0,2026-03-25T14:09:55.663,11.72,222,2026-03-26 11:43:45 EDT,249.71,1.0532217372151695,5.322173721516956,250.0,13.545,0.129999999999999,0.9597637504614176,7,-3006.5084,-3373.44,86.31,-637.14,-0.0024,0.07,0.0
IWM,2026-03-31,264.0,CALL,5,1,2026-03-26T11:44:04.446,206,0.27,435,0.28,0.0682,-0.1178,3.9165,62.9709,0.0144,0.654,-7.2116,0.3071,2026-03-26T11:44:04.775,2026-03-26T11:02:01.394,0.38,0.41,0.32,0.32,17.0,8.0,2026-03-26T11:02:01.394,0.32,222,2026-03-26 11:43:45 EDT,249.71,1.0572263826038204,5.722638260382039,250.0,0.275,0.010000000000000009,3.636363636363639,491,176554.9584,192300.15,5783.9800000000005,3348.62,0.002,0.0,0.0
IWM,2026-03-31,264.0,PUT,5,-1,2026-03-26T11:44:04.107,10,14.4,20,14.53,-0.9259,-0.1026,4.1683,-15.9907,0.0149,0.6583,-7.4668,0.3159,2026-03-26T11:44:04.775,2026-03-26T09:55:57.994,13.43,13.43,13.43,13.43,3.0,1.0,2026-03-26T09:55:57.994,13.43,222,2026-03-26 11:43:45 EDT,249.71,1.0572263826038204,5.722638260382039,250.0,14.465,0.129999999999999,0.8987210508122987,10,-3720.6789999999996,-4168.300000000001,102.60000000000001,-925.9000000000001,-0.0009,0.07,-0.0
IWM,2026-03-31,265.0,CALL,5,1,2026-03-26T11:44:04.757,461,0.2,93,0.21,0.0533,-0.0958,3.2295,66.4688,0.012,0.5906,-6.4222,0.3032,2026-03-26T11:44:04.775,2026-03-26T11:17:07.586,0.18,0.32,0.18,0.2,62.0,16.0,2026-03-26T11:17:07.586,0.2,222,2026-03-26 11:43:45 EDT,249.71,1.0612310279924713,6.123102799247123,250.0,0.20500000000000002,0.009999999999999981,4.878048780487795,13234,3965594.5679999995,4273920.3,126781.72,70537.22,-0.0014,-0.01,-0.0
IWM,2026-03-31,265.0,PUT,5,-1,2026-03-26T11:44:04.189,10,15.34,30,15.47,-0.9384,-0.0856,3.6134,-15.2167,0.0128,0.6056,-6.8824,0.3168,2026-03-26T11:44:04.775,2026-03-26T11:06:26.231,15.06,15.06,14.91,14.91,2.0,2.0,2026-03-26T11:06:26.231,14.91,222,2026-03-26 11:43:45 EDT,249.71,1.0612310279924713,6.123102799247123,250.0,15.405000000000001,0.13000000000000078,0.8438818565400894,3123,-998200.7424000001,-1128464.82,26732.88,-293062.32,-0.001,0.07,0.0
IWM,2026-03-31,266.0,PUT,5,-1,2026-03-26T11:44:04.11,10,16.3,20,16.43,-0.9475,-0.0735,3.1873,-14.4621,0.0112,0.5544,-6.3709,0.3208,2026-03-26T11:44:04.775,,,,,,,,,,222,2026-03-26 11:43:45 EDT,249.71,1.0652356733811221,6.5235673381122075,250.0,16.365000000000002,0.129999999999999,0.7943782462572501,0,-0.0,-0.0,0.0,-0.0,-0.0014,0.08,-0.0
QQQ,2026-03-26,560.0,CALL,0,1,2026-03-26T11:43:57.744,26,20.62,36,21.5,0.9466,-4.0838,1.3921,26.1045,0.0082,-0.1677,177.1223,1.0296,2026-03-26T11:43:58.397,2026-03-26T10:55:02.218,21.4,24.0,20.0,20.33,19.0,17.0,2026-03-26T10:55:02.218,20.33,222,2026-03-26 11:43:45 EDT,580.75,0.964270340077486,-3.572965992251399,581.0,21.060000000000002,0.879999999999999,4.178537511870839,392,186676.28000000003,54570.31999999999,160084.96,37106.72,,,
QQQ,2026-03-26,563.0,CALL,0,1,2026-03-26T11:43:53.757,34,17.0,34,19.06,0.9445,-3.6338,1.4345,30.4252,0.0098,-0.1984,180.6349,0.8878,2026-03-26T11:43:58.397,2026-03-23T12:08:12.653,27.21,27.21,27.21,27.21,3.0,1.0,2026-03-23T12:08:12.653,27.21,222,2026-03-26 11:43:45 EDT,580.75,0.9694360740421868,-3.056392595781317,581.0,18.03,2.0599999999999987,11.42540210759844,4,2276.54,573.8000000000001,1453.52,377.8,,,
QQQ,2026-03-26,564.0,CALL,0,1,2026-03-26T11:43:57.666,34,16.21,34,18.01,0.9314,-4.3307,1.6934,31.6143,0.0114,-0.2157,198.6728,0.8984,2026-03-26T11:43:58.397,2026-03-26T10:55:02.218,16.34,16.34,16.34,16.34,1.0,1.0,2026-03-26T10:55:02.218,16.34,222,2026-03-26 11:43:45 EDT,580.75,0.9711579853637538,-2.884201463624623,581.0,17.11,1.8000000000000007,10.520163646990069,1,662.0550000000001,169.34,433.07000000000005,93.14,0.0492,0.0,-0.1
QQQ,2026-03-26,565.0,CALL,0,1,2026-03-26T11:43:53.756,36,15.04,35,17.01,0.9414,-3.4236,1.4987,34.1291,0.0113,-0.2263,185.6017,0.8,2026-03-26T11:43:58.397,2026-03-26T10:22:45.576,16.76,19.18,16.76,19.18,137.0,13.0,2026-03-26T10:22:45.576,19.18,222,2026-03-26 11:43:45 EDT,580.75,0.9728798966853207,-2.7120103314679294,581.0,16.025,1.9700000000000024,12.293291731669283,189,124030.7775,28325.43,64706.03999999999,17792.46,,,
QQQ,2026-03-26,566.0,CALL,0,1,2026-03-26T11:43:56.882,35,14.01,35,15.98,0.9433,-3.0896,1.4588,36.5478,0.0119,-0.2409,182.8441,0.7402,2026-03-26T11:43:58.397,2026-03-26T10:55:02.218,18.0,18.0,14.34,14.34,5.0,3.0,2026-03-26T10:55:02.218,14.34,222,2026-03-26 11:43:45 EDT,580.75,0.9746018080068877,-2.539819199311235,581.0,14.995000000000001,1.9700000000000006,13.137712570856955,3,2073.2775,437.64000000000004,926.8799999999999,282.99,,,
QQQ,2026-03-26,567.0,CALL,0,1,2026-03-26T11:43:53.758,36,13.26,36,14.62,0.9498,-2.5288,1.3258,39.5714,0.0121,-0.2536,172.5717,0.664,2026-03-26T11:43:58.397,2026-03-26T11:41:17.871,16.82,16.82,13.89,13.89,105.0,9.0,2026-03-26T11:41:17.871,13.89,222,2026-03-26 11:43:45 EDT,580.75,0.9763237193284546,-2.3676280671545413,581.0,13.94,1.3599999999999994,9.756097560975606,2,1405.415,265.16,505.76,189.96,,,
QQQ,2026-03-26,568.0,CALL,0,1,2026-03-26T11:43:57.744,26,12.62,36,13.44,0.9307,-3.3283,1.7059,41.4887,0.0152,-0.2858,200.0383,0.6828,2026-03-26T11:43:58.397,2026-03-26T11:08:55.625,13.23,16.03,12.36,13.0,22.0,10.0,2026-03-26T11:08:55.625,13.0,222,2026-03-26 11:43:45 EDT,580.75,0.9780456306500215,-2.1954369349978475,581.0,13.03,0.8200000000000003,6.2931696085955515,12,10592.880000000001,2047.0800000000002,3993.96,1116.84,0.0485,-0.0,-0.1
QQQ,2026-03-26,571.0,CALL,0,1,2026-03-26T11:43:56.878,21,9.72,37,10.15,0.9387,-2.231,1.5518,54.9009,0.0189,-0.3719,190.1278,0.499,2026-03-26T11:43:58.397,2026-03-26T11:42:55.652,10.3,13.21,9.5,9.6,96.0,39.0,2026-03-26T11:42:55.652,9.6,222,2026-03-26 11:43:45 EDT,580.75,0.9832113646147224,-1.6788635385277657,581.0,9.935,0.4299999999999997,4.328132863613485,8,8780.94,1241.44,1784.8,750.96,,,
QQQ,2026-03-26,572.0,CALL,0,1,2026-03-26T11:43:57.744,26,8.65,37,9.16,0.942,-1.8907,1.4865,61.4654,0.0205,-0.4122,185.5284,0.4394,2026-03-26T11:43:58.397,2026-03-26T11:37:14.346,9.43,12.81,8.16,8.5,480.0,49.0,2026-03-26T11:37:14.346,8.5,222,2026-03-26 11:43:45 EDT,580.75,0.9849332759362893,-1.506672406371072,581.0,8.905000000000001,0.5099999999999998,5.727119595732731,3,3571.6124999999997,445.95000000000005,567.21,282.59999999999997,,,
QQQ,2026-03-26,573.0,CALL,0,1,2026-03-26T11:43:56.894,47,7.75,47,8.19,0.9184,-2.4358,1.9331,66.9309,0.0268,-0.4764,213.8351,0.4384,2026-03-26T11:43:58.397,2026-03-26T11:38:20.234,8.57,11.6,7.47,7.88,244.0,39.0,2026-03-26T11:38:20.234,7.88,222,2026-03-26 11:43:45 EDT,580.75,0.9866551872578562,-1.334481274214378,581.0,7.97,0.4399999999999995,5.520702634880797,9,14007.689999999999,1739.79,2192.22,826.56,0.0244,-0.03,-0.06
QQQ,2026-03-26,574.0,CALL,0,1,2026-03-26T11:43:57.902,1,6.86,45,7.13,0.9054,-2.5114,2.1582,75.2216,0.0324,-0.5419,224.7727,0.4052,2026-03-26T11:43:58.397,2026-03-26T11:42:53.435,7.96,10.88,6.65,7.0,1243.0,115.0,2026-03-26T11:42:53.435,7.0,222,2026-03-26 11:43:45 EDT,580.75,0.9883770985794231,-1.162290142057684,581.0,6.995,0.2699999999999996,3.8598999285203655,20,37632.6,4316.400000000001,5022.8,1810.8,0.0381,0.0,0.0
QQQ,2026-03-26,574.0,PUT,0,-1,2026-03-26T11:43:58.246,1199,0.1,320,0.11,-0.0551,-1.3351,1.4291,-319.5578,0.0261,-0.5321,181.3495,0.333,2026-03-26T11:43:58.397,2026-03-26T11:42:42.318,0.24,0.39,0.1,0.12,14217.0,1370.0,2026-03-26T11:42:42.318,0.12,222,2026-03-26 11:43:45 EDT,580.75,0.9883770985794231,-1.162290142057684,581.0,0.10500000000000001,0.009999999999999995,9.523809523809518,2466,-3737857.995,-352416.06,329235.66000000003,-13587.66,-0.0029,0.0,0.0
QQQ,2026-03-26,575.0,CALL,0,1,2026-03-26T11:43:58.048,35,5.89,49,6.11,0.8932,-2.4675,2.3589,86.4544,0.0394,-0.6244,232.6304,0.3642,2026-03-26T11:43:58.397,2026-03-26T11:43:47.283,6.9,9.5,5.29,6.0,1350.0,230.0,2026-03-26T11:43:47.283,6.0,222,2026-03-26 11:43:45 EDT,580.75,0.9900990099009901,-0.9900990099009901,581.0,6.0,0.22000000000000064,3.666666666666677,50,114407.74999999999,11794.5,12337.499999999998,4466.0,0.0391,0.005,-0.11
QQQ,2026-03-26,575.0,PUT,0,-1,2026-03-26T11:43:58.06,1056,0.15,456,0.16,-0.08,-1.7224,1.9056,-309.3002,0.0359,-0.6449,212.5741,0.3222,2026-03-26T11:43:58.397,2026-03-26T11:43:41.035,0.32,0.53,0.14,0.16,33126.0,2966.0,2026-03-26T11:43:41.035,0.16,222,2026-03-26 11:43:45 EDT,580.75,0.9900990099009901,-0.9900990099009901,581.0,0.155,0.010000000000000009,6.451612903225811,6267,-13066021.2975,-1194239.52,1079428.08,-50136.0,-0.0029,0.0,0.0
QQQ,2026-03-26,576.0,CALL,0,1,2026-03-26T11:43:58.287,31,4.97,30,5.04,0.8806,-2.3296,2.5535,102.3043,0.0489,-0.7353,238.5197,0.3173,2026-03-26T11:43:58.397,2026-03-26T11:41:42.586,5.79,8.33,4.51,5.1,5168.0,352.0,2026-03-26T11:41:42.586,5.1,222,2026-03-26 11:43:45 EDT,580.75,0.991820921222557,-0.8179078777442962,581.0,5.005,0.07000000000000028,1.3986013986014043,75,212990.06249999997,19151.25,17472.0,6604.5,0.0,-0.065,-0.01
QQQ,2026-03-26,576.0,PUT,0,-1,2026-03-26T11:43:58.214,429,0.23,454,0.24,-0.1164,-2.2057,2.5097,-294.8366,0.0487,-0.7408,237.367,0.3134,2026-03-26T11:43:58.397,2026-03-26T11:43:45.313,0.44,0.7,0.17,0.23,42154.0,3488.0,2026-03-26T11:43:45.313,0.23,222,2026-03-26 11:43:45 EDT,580.75,0.991820921222557,-0.8179078777442962,581.0,0.235,0.009999999999999981,4.255319148936162,2330,-6589828.325000001,-584760.1,513928.1000000001,-27121.199999999997,0.0005,0.01,-0.0
QQQ,2026-03-26,577.0,CALL,0,1,2026-03-26T11:43:58.287,56,4.09,94,4.14,0.833,-2.8037,3.206,117.7319,0.0638,-0.7851,245.0029,0.3056,2026-03-26T11:43:58.397,2026-03-26T11:43:25.248,5.48,7.62,3.65,4.15,2795.0,472.0,2026-03-26T11:43:25.248,4.15,222,2026-03-26 11:43:45 EDT,580.75,0.993542832544124,-0.6457167455876023,581.0,4.115,0.04999999999999982,1.2150668286755728,43,159322.95500000002,13785.800000000001,12055.91,3581.8999999999996,-0.001,-0.07,-0.02
QQQ,2026-03-26,577.0,PUT,0,-1,2026-03-26T11:43:58.283,200,0.35,225,0.36,-0.1669,-2.7461,3.206,-277.8136,0.0638,-0.7851,245.0038,0.3056,2026-03-26T11:43:58.397,2026-03-26T11:43:58.076,0.61,0.92,0.23,0.36,40929.0,5619.0,2026-03-26T11:43:58.076,0.36,222,2026-03-26 11:43:45 EDT,580.75,0.993542832544124,-0.6457167455876023,581.0,0.355,0.010000000000000009,2.8169014084507067,7386,-27366496.409999996,-2367951.6,2028269.4600000002,-123272.33999999998,-0.001,0.01,0.0
QQQ,2026-03-26,578.0,CALL,0,1,2026-03-26T11:43:58.285,49,3.27,93,3.32,0.7652,-3.3628,3.9364,135.0969,0.0799,-0.7341,224.2437,0.2998,2026-03-26T11:43:58.397,2026-03-26T11:42:48.83,5.28,6.77,2.9,3.34,4470.0,575.0,2026-03-26T11:42:48.83,3.34,222,2026-03-26 11:43:45 EDT,580.75,0.995264743865691,-0.4735256134309083,581.0,3.295,0.04999999999999982,1.517450682852802,150,696028.875,59046.0,50442.0,11478.0,0.0005,-0.065,-0.01
QQQ,2026-03-26,578.0,PUT,0,-1,2026-03-26T11:43:58.283,283,0.52,121,0.53,-0.2329,-3.2642,3.9196,-260.2376,0.0802,-0.7431,225.1374,0.2973,2026-03-26T11:43:58.397,2026-03-26T11:43:48.371,0.75,1.21,0.31,0.53,53816.0,8102.0,2026-03-26T11:43:48.371,0.53,222,2026-03-26 11:43:45 EDT,580.75,0.995264743865691,-0.4735256134309083,581.0,0.525,0.010000000000000009,1.9047619047619064,3495,-16278364.424999999,-1369900.2,1140837.9000000001,-81398.55,-0.002,0.01,0.0
QQQ,2026-03-26,579.0,CALL,0,1,2026-03-26T11:43:58.289,36,2.53,73,2.55,0.6815,-3.8144,4.5745,155.8183,0.0948,-0.566,168.5085,0.2934,2026-03-26T11:43:58.397,2026-03-26T11:43:44.613,4.03,5.93,2.23,2.66,16954.0,1557.0,2026-03-26T11:43:58.843,2.56,222,2026-03-26 11:43:45 EDT,580.75,0.9969866551872578,-0.30133448127421436,581.0,2.54,0.020000000000000018,0.7874015748031503,100,550551.0,45744.99999999999,38144.0,6815.000000000001,0.0015,-0.065,-0.01
QQQ,2026-03-26,579.0,PUT,0,-1,2026-03-26T11:43:58.288,326,0.77,228,0.79,-0.3184,-3.7567,4.5745,-237.1946,0.0948,-0.566,168.5099,0.2934,2026-03-26T11:43:58.397,2026-03-26T11:43:56.438,0.98,1.56,0.42,0.77,59607.0,9747.0,2026-03-26T11:43:56.438,0.77,222,2026-03-26 11:43:45 EDT,580.75,0.9969866551872578,-0.30133448127421436,581.0,0.78,0.020000000000000018,2.5641025641025665,6886,-37910941.86,-3150000.6999999997,2586863.62,-219250.24000000002,-0.001,0.02,0.0
QQQ,2026-03-26,580.0,CALL,0,1,2026-03-26T11:43:58.29,28,1.89,104,1.9,0.5824,-4.108,5.0038,178.9036,0.1051,-0.272,78.6391,0.2895,2026-03-26T11:43:58.397,2026-03-26T11:43:58.047,3.39,5.11,1.63,1.9,29150.0,4689.0,2026-03-26T11:43:58.839,1.9,222,2026-03-26 11:43:45 EDT,580.75,0.9987085665088248,-0.12914334911752046,581.0,1.895,0.010000000000000009,0.5277044854881272,561,3424165.8825,280713.18,230458.8,32672.64,0.0,-0.055,-0.01
QQQ,2026-03-26,580.0,PUT,0,-1,2026-03-26T11:43:58.283,91,1.13,54,1.14,-0.4175,-4.0502,5.0038,-214.502,0.1051,-0.272,78.6391,0.2895,2026-03-26T11:43:58.397,2026-03-26T11:43:56.874,1.3,1.98,0.56,1.12,150584.0,22773.0,2026-03-26T11:43:56.874,1.12,222,2026-03-26 11:43:45 EDT,580.75,0.9987085665088248,-0.12914334911752046,581.0,1.1349999999999998,0.010000000000000009,0.8810572687224679,5662,-34559050.315,-2833151.56,2293223.24,-236388.49999999997,-0.0022,0.03,0.0
QQQ,2026-03-26,581.0,CALL,0,1,2026-03-26T11:43:58.29,8,1.36,112,1.37,0.4754,-4.1692,5.1037,203.1483,0.1076,0.0937,-30.0587,0.2885,2026-03-26T11:43:58.397,2026-03-26T11:43:57.791,3.19,4.31,1.17,1.36,62190.0,10062.0,2026-03-26T11:43:57.791,1.36,222,2026-03-26 11:43:45 EDT,580.75,1.0004304778303916,0.04304778303917348,581.0,1.3650000000000002,0.010000000000000009,0.7326007326007331,263,1643452.81,134227.31,109649.96,12503.019999999999,0.0,-0.045,-0.01
QQQ,2026-03-26,581.0,PUT,0,-1,2026-03-26T11:43:58.282,117,1.59,2,1.6,-0.5247,-4.0866,5.1036,-191.6397,0.1082,0.0948,-30.2215,0.2868,2026-03-26T11:43:58.397,2026-03-26T11:43:56.065,1.61,2.5,0.76,1.56,122870.0,20043.0,2026-03-26T11:43:56.065,1.56,222,2026-03-26 11:43:45 EDT,580.75,1.0004304778303916,0.04304778303917348,581.0,1.5950000000000002,0.010000000000000009,0.6269592476489033,2865,-18002843.474999998,-1462181.4000000001,1170810.9,-150326.55000000002,-0.0039,0.035,-0.01
QQQ,2026-03-26,582.0,CALL,0,1,2026-03-26T11:43:58.286,3,0.94,237,0.95,0.37,-3.949,4.8398,228.8027,0.102,0.4422,-133.1568,0.2885,2026-03-26T11:43:58.397,2026-03-26T11:43:57.558,3.0,3.59,0.81,0.95,122017.0,16744.0,2026-03-26T11:43:57.558,0.95,222,2026-03-26 11:43:45 EDT,580.75,1.0021523891519586,0.2152389151958674,581.0,0.945,0.010000000000000009,1.0582010582010593,509,3015137.85,246345.82,201004.1,18833.0,0.0,-0.03,0.0
QQQ,2026-03-26,582.0,PUT,0,-1,2026-03-26T11:43:58.286,76,2.17,36,2.19,-0.6299,-3.891,4.8398,-167.8807,0.102,0.4422,-133.1567,0.2885,2026-03-26T11:43:58.397,2026-03-26T11:43:39.968,2.5,3.15,1.01,2.09,101561.0,16542.0,2026-03-26T11:43:39.968,2.09,222,2026-03-26 11:43:45 EDT,580.75,1.0021523891519586,0.2152389151958674,581.0,2.1799999999999997,0.020000000000000018,0.9174311926605514,3033,-17966430.45,-1467911.34,1180140.3,-191048.67,-0.002,0.05,0.0
QQQ,2026-03-26,583.0,CALL,0,1,2026-03-26T11:43:58.283,53,0.62,219,0.63,0.2738,-3.4795,4.2681,256.2469,0.09,0.701,-209.5585,0.2885,2026-03-26T11:43:58.397,2026-03-26T11:43:56.228,2.14,2.92,0.53,0.63,127101.0,16761.0,2026-03-26T11:43:56.228,0.63,222,2026-03-26 11:43:45 EDT,580.75,1.0038743004735255,0.38743004735256137,581.0,0.625,0.010000000000000009,1.6000000000000014,815,4259801.25,347850.14999999997,283579.25,22314.7,0.001,-0.02,0.0
QQQ,2026-03-26,583.0,PUT,0,-1,2026-03-26T11:43:58.284,83,2.84,57,2.88,-0.7261,-3.4213,4.2681,-147.4304,0.09,0.701,-209.5579,0.2885,2026-03-26T11:43:58.397,2026-03-26T11:43:48.017,2.56,3.81,1.34,2.85,93006.0,15224.0,2026-03-26T11:43:48.017,2.85,222,2026-03-26 11:43:45 EDT,580.75,1.0038743004735255,0.38743004735256137,581.0,2.86,0.040000000000000036,1.3986013986014,4919,-25710383.25,-2099478.3899999997,1682937.47,-357168.58999999997,0.001,0.06,0.0
QQQ,2026-03-26,584.0,CALL,0,1,2026-03-26T11:43:58.281,200,0.39,241,0.4,0.1916,-2.8442,3.497,285.9472,0.0738,0.8315,-247.4712,0.288,2026-03-26T11:43:58.397,2026-03-26T11:43:58.16,1.55,2.33,0.33,0.39,114282.0,18591.0,2026-03-26T11:43:58.16,0.39,222,2026-03-26 11:43:45 EDT,580.75,1.0055962117950925,0.5596211795092553,581.0,0.395,0.010000000000000009,2.531645569620255,978,4191644.43,342006.6,278162.76,18738.48,0.0019,-0.01,0.0
QQQ,2026-03-26,584.0,PUT,0,-1,2026-03-26T11:43:58.288,78,3.61,43,3.66,-0.8079,-2.7944,3.5015,-129.2322,0.0738,0.8298,-247.3736,0.2885,2026-03-26T11:43:58.397,2026-03-26T11:42:00.278,3.04,4.65,1.74,3.63,52115.0,8023.0,2026-03-26T11:42:00.278,3.63,222,2026-03-26 11:43:45 EDT,580.75,1.0055962117950925,0.5596211795092553,581.0,3.635,0.050000000000000266,1.3755158184319194,3173,-13599271.755,-1111025.95,886663.12,-256346.66999999998,0.0019,0.08,0.0
QQQ,2026-03-26,585.0,CALL,0,1,2026-03-26T11:43:58.282,39,0.25,876,0.26,0.1321,-2.2788,2.743,306.9302,0.0567,0.8159,-247.7924,0.2944,2026-03-26T11:43:58.397,2026-03-26T11:43:58.689,1.2,1.8,0.21,0.26,111255.0,16648.0,2026-03-26T11:43:58.789,0.25,222,2026-03-26 11:43:45 EDT,580.75,1.0073181231166595,0.7318123116659492,581.0,0.255,0.010000000000000009,3.921568627450984,1759,5792127.547499999,482493.7,400840.92,23236.39,0.0044,0.0,0.0
QQQ,2026-03-26,585.0,PUT,0,-1,2026-03-26T11:43:58.064,38,4.39,20,4.51,-0.8803,-1.9579,2.5583,-114.9043,0.0557,0.8454,-243.5498,0.2792,2026-03-26T11:43:58.397,2026-03-26T11:43:41.475,3.64,5.5,2.25,4.39,18955.0,3332.0,2026-03-26T11:43:41.475,4.39,222,2026-03-26 11:43:45 EDT,580.75,1.0073181231166595,0.7318123116659492,581.0,4.449999999999999,0.1200000000000001,2.696629213483149,4428,-14323594.77,-1132815.24,866958.1200000001,-389796.83999999997,-0.0074,0.045,0.05
QQQ,2026-03-26,586.0,CALL,0,1,2026-03-26T11:43:58.284,452,0.16,1208,0.17,0.0892,-1.7607,2.0688,325.2851,0.0417,0.7231,-224.8671,0.3017,2026-03-26T11:43:58.397,2026-03-26T11:43:40.854,0.98,1.36,0.14,0.17,66068.0,9776.0,2026-03-26T11:43:40.854,0.17,222,2026-03-26 11:43:45 EDT,580.75,1.0090400344382264,0.9040034438226432,581.0,0.165,0.010000000000000009,6.060606060606066,1673,4051550.1075,346110.24,294565.11,14923.160000000002,0.0039,0.0,0.0
QQQ,2026-03-26,586.0,PUT,0,-1,2026-03-26T11:43:58.284,37,5.23,33,5.43,-0.9291,-1.2957,1.7371,-100.8486,0.0382,0.7235,-206.0762,0.2763,2026-03-26T11:43:58.397,2026-03-26T11:43:25.779,4.32,6.36,2.85,5.23,8977.0,1698.0,2026-03-26T11:43:25.779,5.23,222,2026-03-26 11:43:45 EDT,580.75,1.0090400344382264,0.9040034438226432,581.0,5.33,0.1999999999999993,3.7523452157598363,4470,-9916538.549999999,-776483.7000000001,579177.9,-415307.7,0.0039,0.06,-0.0
QQQ,2026-03-26,587.0,CALL,0,1,2026-03-26T11:43:58.29,931,0.11,1371,0.12,0.0628,-1.4073,1.5825,331.8655,0.0305,0.6022,-195.6239,0.3154,2026-03-26T11:43:58.397,2026-03-26T11:43:56.065,0.74,1.0,0.1,0.12,57903.0,7283.0,2026-03-26T11:43:58.794,0.11,222,2026-03-26 11:43:45 EDT,580.75,1.0107619457597934,1.076194575979337,581.0,0.11499999999999999,0.009999999999999995,8.695652173913041,2316,4102301.8500000006,366507.0,325930.68,14544.48,0.0029,0.0,0.0
QQQ,2026-03-26,603.0,PUT,0,-1,2026-03-26T11:43:53.72,36,21.69,34,23.37,-0.9477,-3.9529,1.3696,-24.4288,0.008,0.1688,-180.6572,1.0414,2026-03-26T11:43:58.397,2026-03-26T10:55:02.209,21.61,23.1,21.61,23.1,3.0,3.0,2026-03-26T10:55:02.209,23.1,222,2026-03-26 11:43:45 EDT,580.75,1.0383125269048643,3.8312526904864397,581.0,22.53,1.6799999999999997,7.4567243675099855,15,-6969.0,-2054.4,5929.35,-1421.55,-0.0492,0.0,-0.1
QQQ,2026-03-27,553.0,CALL,1,1,2026-03-26T11:43:53.768,35,27.44,20,29.05,0.945,-0.9013,3.6666,19.4352,0.0061,-0.3193,26.8676,0.5457,2026-03-26T11:43:59.254,2026-03-23T15:54:10.057,37.44,37.44,37.44,37.44,1.0,1.0,2026-03-23T15:54:10.057,37.44,222,2026-03-26 11:43:45 EDT,580.75,0.9522169608265174,-4.778303917348257,581.0,28.245,1.6099999999999994,5.700123915737296,1,354.25750000000005,366.65999999999997,90.13,94.5,,,
QQQ,2026-03-27,554.0,CALL,1,1,2026-03-26T11:43:53.768,35,26.45,34,27.96,0.9472,-0.8337,3.5495,20.2254,0.0062,-0.3296,26.3645,0.5187,2026-03-26T11:43:59.254,,,,,,,,,,222,2026-03-26 11:43:45 EDT,580.75,0.9539388721480844,-4.606112785191563,581.0,27.205,1.5100000000000016,5.550450284874111,0,0.0,0.0,0.0,0.0,,,
QQQ,2026-03-27,555.0,CALL,1,1,2026-03-26T11:43:53.744,39,25.45,39,27.09,0.9393,-0.9286,3.9608,20.7671,0.0069,-0.3499,28.1303,0.5214,2026-03-26T11:43:59.254,2026-03-26T10:58:40.95,27.44,27.44,27.32,27.32,3.0,2.0,2026-03-26T10:58:40.95,27.32,222,2026-03-26 11:43:45 EDT,580.75,0.9556607834696513,-4.433921653034869,581.0,26.27,1.6400000000000006,6.242862580890752,380,152272.65,150510.4,35286.8,35693.4,0.0229,0.0,0.0
QQQ,2026-03-27,556.0,CALL,1,1,2026-03-26T11:43:49.143,20,24.46,20,25.97,0.9433,-0.833,3.7565,21.7316,0.007,-0.3617,27.2966,0.4897,2026-03-26T11:43:59.254,2026-03-24T11:43:09.092,31.27,31.27,31.27,31.27,1.0,1.0,2026-03-24T11:43:09.092,31.27,222,2026-03-26 11:43:45 EDT,580.75,0.9573826947912183,-4.261730520878175,581.0,25.215,1.509999999999998,5.98849890937933,1,406.525,375.65,83.3,94.33,,,
QQQ,2026-03-27,557.0,CALL,1,1,2026-03-26T11:43:53.753,36,23.46,39,24.98,0.9406,-0.8403,3.8965,22.5543,0.0075,-0.3799,27.899,0.4765,2026-03-26T11:43:59.254,2026-03-26T11:25:36.45,24.5,24.5,24.5,24.5,1.0,1.0,2026-03-26T11:25:36.45,24.5,222,2026-03-26 11:43:45 EDT,580.75,0.9591046061127851,-4.089539388721481,581.0,24.22,1.5199999999999996,6.275805119735754,4,1742.25,1558.6000000000001,336.12,376.24,0.0234,0.0,0.0
QQQ,2026-03-27,561.0,CALL,1,1,2026-03-26T11:43:53.756,20,19.51,34,21.02,0.9286,-0.8541,4.4962,26.6195,0.0098,-0.4673,30.238,0.4204,2026-03-26T11:43:59.254,2026-03-20T15:56:53.216,23.39,23.4,23.16,23.32,27.0,8.0,2026-03-20T15:56:53.216,23.32,222,2026-03-26 11:43:45 EDT,580.75,0.965992251399053,-3.4007748600947054,581.0,20.265,1.509999999999998,7.451270663705886,27,15366.645,12139.74,2306.07,2507.22,0.0196,0.0,0.0
QQQ,2026-03-27,562.0,CALL,1,1,2026-03-26T11:43:53.752,35,18.53,35,20.04,0.9239,-0.8696,4.7211,27.8297,0.0106,-0.4938,31.012,0.4082,2026-03-26T11:43:59.254,2026-03-23T15:33:09.729,29.72,32.0,29.06,29.45,5.0,5.0,2026-03-23T15:33:09.729,29.45,222,2026-03-26 11:43:45 EDT,580.75,0.9677141627206199,-3.2285837279380116,581.0,19.285,1.509999999999998,7.829919626652829,6,3693.5700000000006,2832.66,521.76,554.34,0.0191,0.0,0.0
QQQ,2026-03-27,563.0,CALL,1,1,2026-03-26T11:43:53.753,35,17.55,34,18.84,0.9314,-0.7396,4.3587,29.739,0.0107,-0.5211,29.7743,0.3715,2026-03-26T11:43:59.254,2026-03-20T14:07:33.386,23.46,23.46,23.46,23.46,1.0,1.0,2026-03-20T14:07:33.386,23.46,222,2026-03-26 11:43:45 EDT,580.75,0.9694360740421868,-3.056392595781317,581.0,18.195,1.2899999999999991,7.08985985160758,1,621.4024999999999,435.87,73.96000000000001,93.14,0.0205,0.0,0.0
QQQ,2026-03-27,564.0,CALL,1,1,2026-03-26T11:43:56.914,35,16.58,35,18.05,0.9149,-0.8803,5.138,30.6949,0.0124,-0.5531,32.3155,0.3801,2026-03-26T11:43:59.254,2026-03-23T14:30:38.104,27.12,27.12,27.12,27.12,1.0,1.0,2026-03-23T14:30:38.104,27.12,222,2026-03-26 11:43:45 EDT,580.75,0.9711579853637538,-2.884201463624623,581.0,17.314999999999998,1.4700000000000024,8.489748772740413,1,720.13,513.8,88.03,91.49000000000001,0.0169,0.0,0.0
QQQ,2026-03-27,565.0,CALL,1,1,2026-03-26T11:43:53.744,39,15.61,39,17.14,0.9049,-0.9365,5.5787,32.1021,0.0137,-0.5827,33.4825,0.374,2026-03-26T11:43:59.254,2026-03-26T11:30:37.447,16.6,19.68,16.19,16.19,267.0,44.0,2026-03-26T11:30:37.447,16.19,222,2026-03-26 11:43:45 EDT,580.75,0.9728798966853207,-2.7120103314679294,581.0,16.375,1.5300000000000011,9.343511450381687,253,201293.7575,141141.11000000002,23693.449999999997,22893.97,0.0157,0.0,0.0
QQQ,2026-03-27,566.0,CALL,1,1,2026-03-26T11:43:53.754,35,14.65,35,15.78,0.9198,-0.7318,4.9115,35.1207,0.0138,-0.6324,31.6683,0.3261,2026-03-26T11:43:59.254,2026-03-24T10:44:47.028,19.2,20.2,19.2,20.2,4.0,2.0,2026-03-24T10:44:47.028,20.2,222,2026-03-26 11:43:45 EDT,580.75,0.9746018080068877,-2.539819199311235,581.0,15.215,1.129999999999999,7.426881367071962,50,40071.75,24557.5,3659.0000000000005,4598.999999999999,0.018,0.0,0.0
QQQ,2026-03-27,566.0,PUT,1,-1,2026-03-26T11:43:59.086,67,0.23,963,0.24,-0.0565,-0.4559,3.7491,-142.2098,0.0119,-0.6176,27.3659,0.2885,2026-03-26T11:43:59.254,2026-03-26T11:43:50.7,0.41,0.42,0.23,0.23,924.0,252.0,2026-03-26T11:43:50.7,0.23,222,2026-03-26 11:43:45 EDT,580.75,0.9746018080068877,-2.539819199311235,581.0,0.235,0.009999999999999981,4.255319148936162,1814,-1253641.7950000002,-680086.74,82700.26000000001,-10249.1,-0.001,0.0,0.0
QQQ,2026-03-27,567.0,CALL,1,1,2026-03-26T11:43:58.785,35,13.7,20,14.78,0.9122,-0.7541,5.2564,37.2045,0.0153,-0.6763,32.6842,0.3149,2026-03-26T11:43:59.254,2026-03-25T14:55:34.82,22.6,24.0,21.34,21.34,3.0,3.0,2026-03-25T14:55:34.82,21.34,222,2026-03-26 11:43:45 EDT,580.75,0.9763237193284546,-2.3676280671545413,581.0,14.239999999999998,1.08,7.584269662921351,37,32876.2575,19448.68,2790.1699999999996,3375.1400000000003,-0.0264,-0.235,-0.47
QQQ,2026-03-27,567.0,PUT,1,-1,2026-03-26T11:43:59.029,496,0.27,238,0.28,-0.0658,-0.5033,4.2257,-141.4122,0.0137,-0.6756,29.3093,0.2827,2026-03-26T11:43:59.254,2026-03-26T11:40:24.38,0.4,0.52,0.26,0.31,9488.0,384.0,2026-03-26T11:40:24.38,0.31,222,2026-03-26 11:43:45 EDT,580.75,0.9763237193284546,-2.3676280671545413,581.0,0.275,0.010000000000000009,3.636363636363639,1948,-1549882.3699999999,-823166.36,98042.84,-12817.839999999998,-0.0014,0.0,0.0
QQQ,2026-03-27,568.0,CALL,1,1,2026-03-26T11:43:53.755,39,12.75,39,13.86,0.9003,-0.8058,5.773,39.3185,0.0172,-0.7192,33.9704,0.3081,2026-03-26T11:43:59.254,2026-03-26T09:37:58.307,14.39,14.39,14.39,14.39,2.0,1.0,2026-03-26T09:37:58.307,14.39,222,2026-03-26 11:43:45 EDT,580.75,0.9780456306500215,-2.1954369349978475,581.0,13.305,1.1099999999999994,8.342728297632465,3,2996.67,1731.8999999999999,241.73999999999998,270.09,0.0147,0.0,0.0
QQQ,2026-03-27,568.0,PUT,1,-1,2026-03-26T11:43:59.086,55,0.33,1019,0.34,-0.0786,-0.5692,4.8394,-138.6347,0.0159,-0.7346,31.4562,0.2792,2026-03-26T11:43:59.254,2026-03-26T11:43:48.307,0.57,0.62,0.3,0.32,1824.0,370.0,2026-03-26T11:43:48.307,0.32,222,2026-03-26 11:43:45 EDT,580.75,0.9780456306500215,-2.1954369349978475,581.0,0.335,0.010000000000000009,2.985074626865674,3047,-2813576.9475000002,-1474565.1800000002,173435.24000000002,-23949.420000000002,-0.0015,0.0,0.0
QQQ,2026-03-27,569.0,CALL,1,1,2026-03-26T11:43:53.755,39,11.83,39,13.43,0.859,-1.1111,7.3769,39.5031,0.0199,-0.6963,36.1907,0.3393,2026-03-26T11:43:59.254,2026-03-26T11:12:20.41,13.32,13.84,13.32,13.37,4.0,4.0,2026-03-26T11:12:20.41,13.37,222,2026-03-26 11:43:45 EDT,580.75,0.9797675419715884,-2.0232458028411537,581.0,12.629999999999999,1.5999999999999996,12.668250197941408,22,25425.235,16229.18,2444.42,1889.8,0.0107,0.0,0.0
QQQ,2026-03-27,569.0,PUT,1,-1,2026-03-26T11:43:59.068,427,0.39,148,0.4,-0.0919,-0.6275,5.4425,-137.1702,0.0182,-0.7909,33.188,0.2739,2026-03-26T11:43:59.254,2026-03-26T11:43:40.779,0.67,0.74,0.38,0.39,2487.0,361.0,2026-03-26T11:43:40.779,0.39,222,2026-03-26 11:43:45 EDT,580.75,0.9797675419715884,-2.0232458028411537,581.0,0.395,0.010000000000000009,2.531645569620255,1857,-1962784.0050000004,-1010672.25,116526.75,-17065.829999999998,-0.0034,-0.01,0.0
QQQ,2026-03-27,570.0,CALL,1,1,2026-03-26T11:43:58.811,39,11.1,27,11.68,0.8779,-0.8608,6.6778,44.766,0.0214,-0.8125,35.5736,0.2861,2026-03-26T11:43:59.254,2026-03-26T11:43:58.976,12.15,14.9,11.08,11.4,113.0,33.0,2026-03-26T11:43:58.976,11.4,222,2026-03-26 11:43:45 EDT,580.75,0.9814894532931554,-1.8510546706844595,581.0,11.39,0.5800000000000001,5.092186128182616,400,497121.99999999994,267112.00000000006,34432.0,35116.0,-0.0105,-0.15,-0.3
QQQ,2026-03-27,570.0,PUT,1,-1,2026-03-26T11:43:59.127,129,0.48,246,0.49,-0.1101,-0.7098,6.2088,-133.2531,0.0209,-0.8383,34.8536,0.2717,2026-03-26T11:43:59.254,2026-03-26T11:43:54.087,0.68,0.88,0.42,0.47,7358.0,1054.0,2026-03-26T11:43:54.087,0.47,222,2026-03-26 11:43:45 EDT,580.75,0.9814894532931554,-1.8510546706844595,581.0,0.485,0.010000000000000009,2.061855670103095,12668,-15376006.689999998,-7865307.84,899174.64,-139474.68000000002,-0.0014,0.0,0.0
QQQ,2026-03-27,571.0,CALL,1,1,2026-03-26T11:43:53.756,39,10.02,39,11.66,0.8245,-1.2217,8.5182,44.1777,0.024,-0.7265,36.0712,0.3249,2026-03-26T11:43:59.254,2026-03-26T11:21:42.66,12.95,12.95,10.96,10.96,2.0,2.0,2026-03-26T11:21:42.66,10.96,222,2026-03-26 11:43:45 EDT,580.75,0.9832113646147224,-1.6788635385277657,581.0,10.84,1.6400000000000006,15.12915129151292,58,80840.40000000001,49405.560000000005,7085.86,4782.099999999999,0.0088,0.0,0.0
QQQ,2026-03-27,571.0,PUT,1,-1,2026-03-26T11:43:59.08,118,0.58,100,0.59,-0.13,-0.7875,6.9803,-130.1138,0.0239,-0.8761,35.9189,0.2683,2026-03-26T11:43:59.254,2026-03-26T11:43:50.7,0.91,1.01,0.49,0.57,3260.0,481.0,2026-03-26T11:43:50.7,0.57,222,2026-03-26 11:43:45 EDT,580.75,0.9832113646147224,-1.6788635385277657,581.0,0.585,0.010000000000000009,1.7094017094017109,1611,-2236055.9175000004,-1124526.3299999998,126866.24999999999,-20943.0,-0.0017,0.0,0.0
QQQ,2026-03-27,572.0,CALL,1,1,2026-03-26T11:43:53.674,60,9.18,59,10.0,0.8389,-0.9859,8.0619,50.8008,0.027,-0.8685,36.3271,0.2741,2026-03-26T11:43:59.254,2026-03-26T11:22:40.643,9.26,9.26,9.26,9.26,1.0,1.0,2026-03-26T11:22:40.643,9.26,222,2026-03-26 11:43:45 EDT,580.75,0.9849332759362893,-1.506672406371072,581.0,9.59,0.8200000000000003,8.550573514077167,11,17248.274999999998,8868.09,1084.49,922.79,0.0097,0.0,0.0
QQQ,2026-03-27,572.0,PUT,1,-1,2026-03-26T11:43:59.139,130,0.7,20,0.71,-0.1528,-0.8669,7.789,-126.8567,0.027,-0.8995,36.3502,0.2648,2026-03-26T11:43:59.254,2026-03-26T11:43:48.793,0.96,1.19,0.6,0.7,4034.0,519.0,2026-03-26T11:43:48.793,0.7,222,2026-03-26 11:43:45 EDT,580.75,0.9849332759362893,-1.506672406371072,581.0,0.705,0.010000000000000009,1.4184397163120581,4716,-7394805.899999999,-3673292.4,408830.04000000004,-72060.48,-0.0018,0.0,0.0
QQQ,2026-03-27,573.0,CALL,1,1,2026-03-26T11:43:48.285,108,8.38,108,9.14,0.811,-1.0798,8.9223,53.774,0.03,-0.8583,35.6623,0.2729,2026-03-26T11:43:59.254,2026-03-26T10:53:26.393,9.47,9.47,9.45,9.45,2.0,2.0,2026-03-26T10:53:26.393,9.45,222,2026-03-26 11:43:45 EDT,580.75,0.9866551872578562,-1.334481274214378,581.0,8.760000000000002,0.7599999999999998,8.675799086757987,82,142864.5,73162.86,8854.36,6650.200000000001,0.0083,0.0,0.0
QQQ,2026-03-27,573.0,PUT,1,-1,2026-03-26T11:43:59.13,118,0.85,13,0.86,-0.1797,-0.953,8.6476,-122.8592,0.0302,-0.9004,35.9797,0.2624,2026-03-26T11:43:59.254,2026-03-26T11:43:54.21,1.12,1.39,0.68,0.84,4105.0,648.0,2026-03-26T11:43:54.21,0.84,222,2026-03-26 11:43:45 EDT,580.75,0.9866551872578562,-1.334481274214378,581.0,0.855,0.010000000000000009,1.1695906432748548,1483,-2600981.795,-1282439.08,141329.9,-26649.51,-0.002,0.0,0.0
QQQ,2026-03-27,574.0,CALL,1,1,2026-03-26T11:43:53.74,100,7.83,100,8.35,0.7694,-1.2579,10.0306,55.2416,0.0323,-0.7686,33.277,0.2851,2026-03-26T11:43:59.254,2026-03-26T10:55:02.218,8.8,11.34,8.06,8.06,367.0,21.0,2026-03-26T10:55:02.218,8.06,222,2026-03-26 11:43:45 EDT,580.75,0.9883770985794231,-1.162290142057684,581.0,8.09,0.5199999999999996,6.427688504326323,84,157569.09,84257.04,10566.36,6462.96,0.0071,0.0,-0.02
QQQ,2026-03-27,574.0,PUT,1,-1,2026-03-26T11:43:59.139,100,1.03,95,1.05,-0.2111,-1.0464,9.5381,-117.9237,0.0335,-0.8708,34.5758,0.2614,2026-03-26T11:43:59.254,2026-03-26T11:43:44.864,1.33,1.64,0.8,1.01,7233.0,734.0,2026-03-26T11:43:44.864,1.01,222,2026-03-26 11:43:45 EDT,580.75,0.9883770985794231,-1.162290142057684,581.0,1.04,0.020000000000000018,1.9230769230769247,4403,-8566091.537500001,-4199625.43,460729.92000000004,-92947.33,-0.001,0.005,0.01
QQQ,2026-03-27,575.0,CALL,1,1,2026-03-26T11:43:59.02,110,7.16,161,7.59,0.7336,-1.3655,10.8332,57.8055,0.0345,-0.6931,30.1837,0.2878,2026-03-26T11:43:59.254,2026-03-26T11:41:15.374,8.41,10.28,6.9,7.43,176.0,48.0,2026-03-26T11:41:15.374,7.43,222,2026-03-26 11:43:45 EDT,580.75,0.9900990099009901,-0.9900990099009901,581.0,7.375,0.4299999999999997,5.830508474576267,1470,2945273.625,1592480.4,200728.5,107839.20000000001,0.0034,-0.03,0.06
QQQ,2026-03-27,575.0,PUT,1,-1,2026-03-26T11:43:59.081,120,1.24,15,1.26,-0.2448,-1.1267,10.3662,-113.7222,0.0367,-0.8195,32.148,0.2592,2026-03-26T11:43:59.254,2026-03-26T11:43:54.087,1.5,1.93,0.93,1.23,36325.0,2088.0,2026-03-26T11:43:54.087,1.23,222,2026-03-26 11:43:45 EDT,580.75,0.9900990099009901,-0.9900990099009901,581.0,1.25,0.020000000000000018,1.6000000000000014,34492,-73514610.43,-35755097.04,3886213.64,-844364.1599999999,-0.0011,0.005,0.01
QQQ,2026-03-27,576.0,CALL,1,1,2026-03-26T11:43:57.719,77,6.42,89,6.65,0.7048,-1.3758,11.3849,62.6955,0.0378,-0.6527,27.1538,0.2763,2026-03-26T11:43:59.254,2026-03-26T11:41:45.196,7.88,9.8,6.24,6.49,724.0,121.0,2026-03-26T11:41:45.196,6.49,222,2026-03-26 11:43:45 EDT,580.75,0.991820921222557,-0.8179078777442962,581.0,6.535,0.23000000000000043,3.519510328997711,1033,2267677.7550000004,1176060.17,142120.13999999998,72805.84,0.0039,-0.02,0.04
QQQ,2026-03-27,576.0,PUT,1,-1,2026-03-26T11:43:59.125,62,1.5,86,1.52,-0.2828,-1.2082,11.1585,-108.7226,0.0396,-0.7324,28.5043,0.2585,2026-03-26T11:43:59.254,2026-03-26T11:43:54.662,2.09,2.2,1.1,1.48,5657.0,883.0,2026-03-26T11:43:54.662,1.48,222,2026-03-26 11:43:45 EDT,580.75,0.991820921222557,-0.8179078777442962,581.0,1.51,0.020000000000000018,1.3245033112582794,2208,-5077892.16,-2463796.8000000003,266770.56,-62442.240000000005,-0.0012,0.01,0.0
QQQ,2026-03-27,577.0,CALL,1,1,2026-03-26T11:43:59.107,20,5.73,31,5.78,0.6703,-1.3973,11.9427,67.7001,0.0409,-0.5746,23.0041,0.268,2026-03-26T11:43:59.254,2026-03-26T11:42:39.216,6.66,8.97,5.55,5.75,731.0,164.0,2026-03-26T11:42:39.216,5.75,222,2026-03-26 11:43:45 EDT,580.75,0.993542832544124,-0.6457167455876023,581.0,5.755000000000001,0.04999999999999982,0.8688097306689803,54,128264.445,64490.58,7545.42,3619.62,0.0001,-0.055,0.01
QQQ,2026-03-27,577.0,PUT,1,-1,2026-03-26T11:43:59.127,31,1.8,89,1.81,-0.323,-1.2731,11.8442,-104.2243,0.0423,-0.6211,23.8365,0.2569,2026-03-26T11:43:59.254,2026-03-26T11:43:44.866,1.99,2.54,1.35,1.75,12139.0,1547.0,2026-03-26T11:43:44.866,1.75,222,2026-03-26 11:43:45 EDT,580.75,0.993542832544124,-0.6457167455876023,581.0,1.8050000000000002,0.010000000000000009,0.5540166204986154,4952,-12164947.02,-5865247.840000001,630439.1199999999,-159949.6,-0.0016,0.015,-0.01
QQQ,2026-03-27,578.0,CALL,1,1,2026-03-26T11:43:59.112,24,5.07,28,5.1,0.629,-1.4435,12.4656,71.912,0.043,-0.4465,17.4956,0.2659,2026-03-26T11:43:59.254,2026-03-26T11:43:37.464,6.3,8.1,4.92,5.13,2274.0,358.0,2026-03-26T11:43:37.464,5.13,222,2026-03-26 11:43:45 EDT,580.75,0.995264743865691,-0.4735256134309083,581.0,5.085,0.02999999999999936,0.5899705014749137,112,279689.19999999995,139614.72,16167.199999999999,7044.800000000001,-0.001,-0.07,-0.0
QQQ,2026-03-27,578.0,PUT,1,-1,2026-03-26T11:43:59.022,82,2.12,35,2.15,-0.3659,-1.324,12.4109,-99.7583,0.0446,-0.4832,18.1791,0.2553,2026-03-26T11:43:59.254,2026-03-26T11:43:44.834,2.32,2.95,1.58,2.08,8275.0,1510.0,2026-03-26T11:43:44.834,2.08,222,2026-03-26 11:43:45 EDT,580.75,0.995264743865691,-0.4735256134309083,581.0,2.135,0.029999999999999805,1.4051522248243469,2075,-5374550.875,-2575261.75,274730.0,-75924.25,-0.0026,0.005,0.01
QQQ,2026-03-27,579.0,CALL,1,1,2026-03-26T11:43:59.139,4,4.46,52,4.48,0.5853,-1.4814,12.8585,76.0548,0.0445,-0.2946,11.1706,0.2652,2026-03-26T11:43:59.254,2026-03-26T11:43:59.319,6.2,7.48,4.29,4.46,3721.0,579.0,2026-03-26T11:43:59.319,4.46,222,2026-03-26 11:43:45 EDT,580.75,0.9969866551872578,-0.30133448127421436,581.0,4.470000000000001,0.020000000000000462,0.44742729306488715,109,281692.7875,140157.65,16147.26,6379.77,-0.0005,-0.06,0.0
QQQ,2026-03-27,579.0,PUT,1,-1,2026-03-26T11:43:59.139,13,2.52,9,2.53,-0.4114,-1.3654,12.8357,-94.8327,0.0462,-0.3192,11.635,0.255,2026-03-26T11:43:59.254,2026-03-26T11:43:55.922,2.7,3.35,1.83,2.49,7408.0,1239.0,2026-03-26T11:43:55.922,2.49,222,2026-03-26 11:43:45 EDT,580.75,0.9969866551872578,-0.30133448127421436,581.0,2.525,0.009999999999999787,0.3960396039603876,1927,-5170266.255,-2473439.39,263112.57999999996,-79276.78,-0.0013,0.025,-0.01
QQQ,2026-03-27,580.0,CALL,1,1,2026-03-26T11:43:59.121,50,3.88,35,3.91,0.5404,-1.4958,13.0931,80.6799,0.0456,-0.1305,4.3655,0.2635,2026-03-26T11:43:59.254,2026-03-26T11:43:54.876,5.3,6.73,3.7,3.93,15030.0,1801.0,2026-03-26T11:43:54.876,3.93,222,2026-03-26 11:43:45 EDT,580.75,0.9987085665088248,-0.12914334911752046,581.0,3.895,0.03000000000000025,0.7702182284980809,2586,6848296.919999999,3385875.66,386813.88,139747.44,-0.0007,-0.055,0.01
QQQ,2026-03-27,580.0,PUT,1,-1,2026-03-26T11:43:59.131,60,2.94,48,2.96,-0.4582,-1.3853,13.0887,-90.2319,0.0473,-0.1411,4.5589,0.2541,2026-03-26T11:43:59.254,2026-03-26T11:43:56.875,2.97,3.85,2.06,2.92,27719.0,4129.0,2026-03-26T11:43:56.875,2.92,222,2026-03-26 11:43:45 EDT,580.75,0.9987085665088248,-0.12914334911752046,581.0,2.95,0.020000000000000018,0.6779661016949159,12633,-34702187.767500006,-16534954.709999999,1750049.4900000002,-578844.0599999999,-0.0009,0.03,0.0
QQQ,2026-03-27,581.0,CALL,1,1,2026-03-26T11:43:59.125,71,3.35,52,3.38,0.4945,-1.4924,13.1597,85.4935,0.0461,0.0433,-2.7346,0.262,2026-03-26T11:43:59.254,2026-03-26T11:43:57.681,4.56,6.08,3.2,3.38,13358.0,2114.0,2026-03-26T11:43:57.681,3.38,222,2026-03-26 11:43:45 EDT,580.75,1.0004304778303916,0.04304778303917348,581.0,3.365,0.029999999999999805,0.8915304606240654,1103,2953015.0225,1451514.9100000001,164611.72,54543.35,-0.0011,-0.055,0.01
QQQ,2026-03-27,581.0,PUT,1,-1,2026-03-26T11:43:59.091,79,3.39,40,3.43,-0.5058,-1.3785,13.1594,-86.1597,0.0479,0.0459,-2.8073,0.252,2026-03-26T11:43:59.254,2026-03-26T11:43:55.678,3.5,4.35,2.4,3.37,19580.0,3707.0,2026-03-26T11:43:55.678,3.37,222,2026-03-26 11:43:45 EDT,580.75,1.0004304778303916,0.04304778303917348,581.0,3.41,0.040000000000000036,1.1730205278592385,5075,-14117596.937500002,-6678395.5,699588.7500000001,-256693.5,-0.0019,0.02,0.02
QQQ,2026-03-27,582.0,CALL,1,1,2026-03-26T11:43:59.13,20,2.87,20,2.88,0.4482,-1.4674,13.05,90.6978,0.046,0.2202,-9.8546,0.2602,2026-03-26T11:43:59.254,2026-03-26T11:43:54.068,4.24,5.45,2.71,2.89,20485.0,3214.0,2026-03-26T11:43:54.068,2.89,222,2026-03-26 11:43:45 EDT,580.75,1.0021523891519586,0.2152389151958674,581.0,2.875,0.009999999999999787,0.34782608695651435,606,1618898.7000000002,790830.0,88924.44,27160.92,-0.0007,-0.045,-0.01
QQQ,2026-03-27,582.0,PUT,1,-1,2026-03-26T11:43:59.121,24,3.92,35,3.94,-0.5538,-1.3569,13.0407,-81.8309,0.0477,0.2357,-10.1787,0.2509,2026-03-26T11:43:59.254,2026-03-26T11:43:39.968,3.89,4.85,2.75,3.86,20084.0,3142.0,2026-03-26T11:43:39.968,3.86,222,2026-03-26 11:43:45 EDT,580.75,1.0021523891519586,0.2152389151958674,581.0,3.9299999999999997,0.020000000000000018,0.5089058524173032,1824,-5052803.760000001,-2378623.6799999997,247498.56,-101013.12,-0.0006,0.03,0.0
QQQ,2026-03-27,583.0,CALL,1,1,2026-03-26T11:43:59.121,57,2.42,73,2.44,0.4021,-1.4245,12.7629,96.094,0.0453,0.3926,-16.6955,0.2586,2026-03-26T11:43:59.254,2026-03-26T11:43:50.151,3.71,4.83,2.28,2.45,16095.0,2720.0,2026-03-26T11:43:50.151,2.45,222,2026-03-26 11:43:45 EDT,580.75,1.0038743004735255,0.38743004735256137,581.0,2.4299999999999997,0.020000000000000018,0.8230452674897127,1153,3033309.5175,1471562.37,164244.85,46362.130000000005,-0.0003,-0.045,-0.01
QQQ,2026-03-27,583.0,PUT,1,-1,2026-03-26T11:43:59.039,45,4.45,13,4.49,-0.6024,-1.3019,12.7248,-78.2609,0.0472,0.4263,-17.3541,0.2475,2026-03-26T11:43:59.254,2026-03-26T11:43:56.891,4.31,5.44,3.14,4.47,16562.0,2846.0,2026-03-26T11:43:56.891,4.47,222,2026-03-26 11:43:45 EDT,580.75,1.0038743004735255,0.38743004735256137,581.0,4.470000000000001,0.040000000000000036,0.8948545861297545,1952,-5350705.279999999,-2483880.96,254130.88000000003,-117588.48000000001,-0.0018,0.025,0.01
QQQ,2026-03-27,584.0,CALL,1,1,2026-03-26T11:43:59.121,23,2.02,23,2.03,0.3561,-1.3553,12.2956,102.385,0.0441,0.5586,-23.072,0.2557,2026-03-26T11:43:59.254,2026-03-26T11:43:58.544,3.55,4.25,1.91,2.03,20131.0,3676.0,2026-03-26T11:43:58.544,2.03,222,2026-03-26 11:43:45 EDT,580.75,1.0055962117950925,0.5596211795092553,581.0,2.025,0.009999999999999787,0.49382716049381664,1405,3598356.0375,1727531.7999999998,190419.65,50032.05,-0.0013,-0.045,-0.01
QQQ,2026-03-27,584.0,PUT,1,-1,2026-03-26T11:43:59.085,39,5.05,10,5.09,-0.6501,-1.2325,12.2179,-74.4693,0.0458,0.6039,-23.8958,0.2449,2026-03-26T11:43:59.254,2026-03-26T11:43:59.324,4.84,6.08,3.56,5.09,9465.0,1995.0,2026-03-26T11:43:59.324,5.09,222,2026-03-26 11:43:45 EDT,580.75,1.0055962117950925,0.5596211795092553,581.0,5.07,0.040000000000000036,0.788954635108482,5154,-13708789.59,-6297105.66,635230.4999999999,-335061.54000000004,-0.0024,0.03,0.02
QQQ,2026-03-27,585.0,CALL,1,1,2026-03-26T11:43:59.121,38,1.66,69,1.67,0.3114,-1.2713,11.6626,108.911,0.0423,0.7066,-28.6146,0.2531,2026-03-26T11:43:59.254,2026-03-26T11:43:57.553,2.76,3.69,1.57,1.67,18672.0,3739.0,2026-03-26T11:43:57.553,1.67,222,2026-03-26 11:43:45 EDT,580.75,1.0073181231166595,0.7318123116659492,581.0,1.665,0.010000000000000009,0.6006006006006012,3780,9285844.049999999,4408462.8,480551.4,117709.20000000001,-0.0009,-0.035,-0.01
QQQ,2026-03-27,585.0,PUT,1,-1,2026-03-26T11:43:59.106,87,5.65,10,5.73,-0.6982,-1.1306,11.5,-71.2745,0.044,0.7742,-29.724,0.2399,2026-03-26T11:43:59.254,2026-03-26T11:43:25.779,5.26,6.67,4.03,5.7,8725.0,1477.0,2026-03-26T11:43:25.779,5.7,222,2026-03-26 11:43:45 EDT,580.75,1.0073181231166595,0.7318123116659492,581.0,5.69,0.08000000000000007,1.4059753954305811,8102,-20703040.599999998,-9317300.0,916012.12,-565681.64,-0.0028,0.025,0.01
QQQ,2026-03-27,586.0,CALL,1,1,2026-03-26T11:43:59.104,36,1.34,78,1.35,0.2681,-1.1691,10.8708,116.1936,0.0399,0.8337,-33.142,0.25,2026-03-26T11:43:59.254,2026-03-26T11:43:49.443,2.45,3.19,1.27,1.35,7327.0,1394.0,2026-03-26T11:43:49.443,1.35,222,2026-03-26 11:43:45 EDT,580.75,1.0090400344382264,0.9040034438226432,581.0,1.3450000000000002,0.010000000000000009,0.7434944237918222,2084,4829029.17,2265474.7199999997,243640.44,55872.04,-0.0013,-0.03,0.0
QQQ,2026-03-27,586.0,PUT,1,-1,2026-03-26T11:43:58.189,89,6.29,89,6.47,-0.7432,-1.025,10.6303,-67.6613,0.0412,0.9075,-34.1738,0.2368,2026-03-26T11:43:59.254,2026-03-26T11:41:42.721,5.86,7.35,4.53,6.32,17785.0,1079.0,2026-03-26T11:41:42.721,6.32,222,2026-03-26 11:43:45 EDT,580.75,1.0090400344382264,0.9040034438226432,581.0,6.38,0.17999999999999972,2.8213166144200583,3696,-8843382.24,-3928958.88,378839.99999999994,-274686.72,-0.0024,0.035,0.05
QQQ,2026-03-27,587.0,CALL,1,1,2026-03-26T11:43:59.139,33,1.07,85,1.08,0.2276,-1.0587,9.9599,123.6616,0.037,0.9285,-36.3652,0.2473,2026-03-26T11:43:59.254,2026-03-26T11:43:54.239,2.23,2.72,1.01,1.07,6073.0,1147.0,2026-03-26T11:43:59.8,1.08,222,2026-03-26 11:43:45 EDT,580.75,1.0107619457597934,1.076194575979337,581.0,1.0750000000000002,0.010000000000000009,0.9302325581395355,2162,4645651.55,2153330.38,228890.94,49207.119999999995,0.0,-0.02,0.0
QQQ,2026-03-27,587.0,PUT,1,-1,2026-03-26T11:43:59.048,196,6.92,157,7.19,-0.7926,-0.8614,9.436,-65.2975,0.0382,1.0455,-37.5335,0.2266,2026-03-26T11:43:59.254,2026-03-26T11:40:02.34,6.67,8.0,5.13,7.17,1809.0,350.0,2026-03-26T11:40:02.34,7.17,222,2026-03-26 11:43:45 EDT,580.75,1.0107619457597934,1.076194575979337,581.0,7.055,0.27000000000000046,3.8270729978738554,2794,-6198391.209999999,-2636418.4,240675.16,-221452.43999999997,-0.0075,0.0,0.0
QQQ,2026-03-27,588.0,CALL,1,1,2026-03-26T11:43:59.11,115,0.83,10,0.84,0.1891,-0.9343,8.9279,132.2948,0.0336,0.9938,-38.2356,0.2436,2026-03-26T11:43:59.254,2026-03-26T11:43:49.623,1.71,2.32,0.8,0.84,6424.0,1076.0,2026-03-26T11:43:49.623,0.84,222,2026-03-26 11:43:45 EDT,580.75,1.0124838570813603,1.248385708136031,581.0,0.835,0.010000000000000009,1.1976047904191627,2306,4499743.92,2058773.7399999998,215449.58000000002,43606.46,-0.0002,-0.02,0.0
QQQ,2026-03-27,588.0,PUT,1,-1,2026-03-26T11:43:57.056,148,7.54,159,8.18,-0.829,-0.7551,8.3773,-61.2642,0.034,1.082,-38.6247,0.226,2026-03-26T11:43:59.254,2026-03-26T11:41:09.146,7.12,8.7,5.62,7.7,1658.0,377.0,2026-03-26T11:41:09.146,7.7,222,2026-03-26 11:43:45 EDT,580.75,1.0124838570813603,1.248385708136031,581.0,7.859999999999999,0.6399999999999997,8.142493638676841,2767,-5463579.850000001,-2317998.9099999997,208936.16999999998,-229384.3,-0.0088,0.0,0.0
QQQ,2026-03-27,589.0,CALL,1,1,2026-03-26T11:43:59.121,124,0.64,137,0.65,0.155,-0.8131,7.862,140.7778,0.0299,1.0174,-38.6244,0.2409,2026-03-26T11:43:59.254,2026-03-26T11:43:48.578,1.61,1.93,0.61,0.65,4360.0,797.0,2026-03-26T11:43:48.578,0.65,222,2026-03-26 11:43:45 EDT,580.75,1.0142057684029273,1.420576840292725,581.0,0.645,0.010000000000000009,1.5503875968992262,2522,4379307.984999999,1982796.4,205063.82000000004,39091.0,-0.0007,-0.02,0.0
QQQ,2026-03-27,589.0,PUT,1,-1,2026-03-26T11:43:47.858,53,8.51,52,8.89,-0.8615,-0.6454,7.2859,-57.5129,0.0297,1.0795,-38.2774,0.225,2026-03-26T11:43:59.254,2026-03-26T11:42:59.95,6.47,9.3,6.34,8.58,740.0,161.0,2026-03-26T11:42:59.95,8.58,222,2026-03-26 11:43:45 EDT,580.75,1.0142057684029273,1.420576840292725,581.0,8.7,0.3800000000000008,4.367816091954032,2907,-5014073.5425,-2118011.13,187617.78,-250438.05000000002,-0.0103,0.0,-0.02
QQQ,2026-03-27,590.0,CALL,1,1,2026-03-26T11:43:59.007,41,0.49,105,0.5,0.1256,-0.6994,6.8152,148.9007,0.0261,1.0023,-37.713,0.2392,2026-03-26T11:43:59.254,2026-03-26T11:43:50.1,1.34,1.61,0.47,0.5,10370.0,2052.0,2026-03-26T11:43:50.1,0.5,222,2026-03-26 11:43:45 EDT,580.75,1.0159276797244943,1.5927679724494186,581.0,0.495,0.010000000000000009,2.020202020202022,8597,13030967.227500003,5859027.44,601274.1799999999,107978.31999999998,0.0002,-0.01,0.0
QQQ,2026-03-27,590.0,PUT,1,-1,2026-03-26T11:43:58.374,20,9.31,29,9.74,-0.899,-0.4798,5.8297,-54.8497,0.0248,1.0573,-35.8043,0.2153,2026-03-26T11:43:59.254,2026-03-26T11:42:40.324,8.66,10.5,6.94,9.4,1839.0,420.0,2026-03-26T11:42:40.324,9.4,222,2026-03-26 11:43:45 EDT,580.75,1.0159276797244943,1.5927679724494186,581.0,9.525,0.4299999999999997,4.5144356955380545,9745,-14035333.7,-5681042.65,467565.1,-876075.5000000001,-0.0117,0.01,-0.02
QQQ,2026-03-27,591.0,CALL,1,1,2026-03-26T11:43:59.109,135,0.37,188,0.38,0.1003,-0.5915,5.8028,157.1494,0.0224,0.9566,-35.7233,0.2377,2026-03-26T11:43:59.254,2026-03-26T11:43:47.961,1.0,1.32,0.36,0.38,4776.0,822.0,2026-03-26T11:43:47.961,0.38,222,2026-03-26 11:43:45 EDT,580.75,1.0176495910460612,1.7649591046061126,581.0,0.375,0.010000000000000009,2.6666666666666687,2452,3189757.76,1422846.56,145035.80000000002,24593.559999999998,0.0,-0.01,0.0
QQQ,2026-03-27,592.0,CALL,1,1,2026-03-26T11:43:59.006,60,0.28,466,0.29,0.0795,-0.4967,4.8853,164.71,0.0189,0.8869,-33.014,0.2373,2026-03-26T11:43:59.254,2026-03-26T11:43:48.307,0.87,1.07,0.26,0.28,9574.0,905.0,2026-03-26T11:43:48.307,0.28,222,2026-03-26 11:43:45 EDT,580.75,1.019371502367628,1.9371502367628066,581.0,0.28500000000000003,0.009999999999999953,3.5087719298245448,3498,3839466.015,1708877.94,173745.66,27809.100000000002,0.0015,0.0,0.0
QQQ,2026-03-27,592.0,PUT,1,-1,2026-03-26T11:43:56.987,39,10.88,38,11.85,-0.9406,-0.2991,3.8982,-48.0857,0.0167,0.8666,-29.139,0.2143,2026-03-26T11:43:59.254,2026-03-26T11:34:36.128,11.0,11.82,8.57,11.82,151.0,38.0,2026-03-26T11:34:36.128,11.82,222,2026-03-26 11:43:45 EDT,580.75,1.019371502367628,1.9371502367628066,581.0,11.365,0.9699999999999989,8.534975802903642,798,-773942.2949999999,-311076.36000000004,23868.179999999997,-75059.88,-0.0151,0.025,0.05
QQQ,2026-03-27,593.0,CALL,1,1,2026-03-26T11:43:59.013,266,0.21,1016,0.22,0.0622,-0.4101,4.044,172.4445,0.0156,0.8021,-29.7675,0.2368,2026-03-26T11:43:59.254,2026-03-26T11:40:59.431,0.58,0.84,0.19,0.23,4390.0,867.0,2026-03-26T11:40:59.431,0.23,222,2026-03-26 11:43:45 EDT,580.75,1.021093413689195,2.1093413689195004,581.0,0.215,0.010000000000000009,4.651162790697678,2834,2567518.98,1146069.5999999999,116222.34000000001,17627.48,0.0015,0.0,0.0
QQQ,2026-03-27,596.0,PUT,1,-1,2026-03-26T11:43:53.753,36,14.69,36,16.16,-0.9409,-0.4199,3.8789,-35.4394,0.0123,0.6424,-29.0368,0.289,2026-03-26T11:43:59.254,2026-03-26T11:26:47.466,13.4,16.2,12.2,15.2,211.0,27.0,2026-03-26T11:26:47.466,15.2,222,2026-03-26 11:43:45 EDT,580.75,1.0262591476538958,2.6259147653895822,581.0,15.425,1.4700000000000006,9.529983792544575,1090,-778611.525,-422800.10000000003,45769.1,-102558.09999999999,-0.0198,0.0,0.0
QQQ,2026-03-27,601.0,PUT,1,-1,2026-03-26T11:43:53.749,39,19.72,39,21.27,-0.9417,-0.563,3.8375,-26.6935,0.0092,0.4867,-28.8824,0.3803,2026-03-26T11:43:59.254,2026-03-26T10:55:41.544,18.94,21.16,17.3,20.95,33.0,11.0,2026-03-26T10:55:41.544,20.95,222,2026-03-26 11:43:45 EDT,580.75,1.0348687042617306,3.486870426173052,581.0,20.494999999999997,1.5500000000000007,7.5628202000487965,1388,-741594.52,-532645.0,78144.4,-130707.96,-0.0205,0.0,0.0
QQQ,2026-03-30,551.0,CALL,4,1,2026-03-26T11:43:36.68,1,28.62,14,32.17,0.949,-0.29,6.5041,18.1361,0.0055,-0.5485,7.2135,0.3059,2026-03-26T11:44:00.318,,,,,,,,,,222,2026-03-26 11:43:45 EDT,580.75,0.9487731381833836,-5.122686181661645,581.0,30.395000000000003,3.5500000000000007,11.679552557986513,0,0.0,0.0,0.0,0.0,,,
QQQ,2026-03-30,553.0,PUT,4,-1,2026-03-26T11:44:00.174,130,0.38,255,0.39,-0.0507,-0.2176,6.4809,-77.5729,0.0059,-0.5895,7.2,0.2844,2026-03-26T11:44:00.318,2026-03-26T11:25:09.397,0.49,0.52,0.37,0.38,41.0,16.0,2026-03-26T11:25:09.397,0.38,222,2026-03-26 11:43:45 EDT,580.75,0.9522169608265174,-4.778303917348257,581.0,0.385,0.010000000000000009,2.5974025974025996,181,-62018.29250000001,-117304.29,3938.5599999999995,-917.6700000000001,-0.0007,0.005,-0.01
QQQ,2026-03-30,554.0,PUT,4,-1,2026-03-26T11:44:00.175,336,0.42,108,0.43,-0.0556,-0.2323,6.9803,-77.0536,0.0064,-0.6222,7.5294,0.2819,2026-03-26T11:44:00.318,2026-03-26T11:41:25.742,0.56,0.58,0.4,0.42,54.0,21.0,2026-03-26T11:41:25.742,0.42,222,2026-03-26 11:43:45 EDT,580.75,0.9539388721480844,-4.606112785191563,581.0,0.425,0.010000000000000009,2.35294117647059,251,-93291.68000000001,-175205.53,5830.7300000000005,-1395.56,-0.0008,0.0,0.0
QQQ,2026-03-30,555.0,CALL,4,1,2026-03-26T11:43:53.755,14,26.07,14,26.88,0.9367,-0.3124,7.7096,20.5534,0.007,-0.6574,7.9706,0.2827,2026-03-26T11:44:00.318,2026-03-26T09:53:31.721,27.44,29.13,27.44,29.13,100.0,2.0,2026-03-26T09:53:31.721,29.13,222,2026-03-26 11:43:45 EDT,580.75,0.9556607834696513,-4.433921653034869,581.0,26.475,0.8099999999999987,3.0594900849858306,52,21139.3,40089.92,1624.4800000000002,4870.84,0.013,0.01,-0.02
QQQ,2026-03-30,555.0,PUT,4,-1,2026-03-26T11:44:00.176,447,0.47,456,0.49,-0.0625,-0.2542,7.6483,-75.6046,0.007,-0.6568,7.9355,0.2817,2026-03-26T11:44:00.318,2026-03-26T11:39:00.694,0.64,0.67,0.45,0.5,165.0,35.0,2026-03-26T11:39:00.694,0.5,222,2026-03-26 11:43:45 EDT,580.75,0.9556607834696513,-4.433921653034869,581.0,0.48,0.020000000000000018,4.1666666666666705,4427,-1799686.175,-3385902.41,112534.34,-27668.75,0.0007,0.005,0.01
QQQ,2026-03-30,556.0,CALL,4,1,2026-03-26T11:43:53.759,14,24.72,14,25.94,0.9481,-0.2532,6.5918,21.7398,0.0067,-0.6667,7.2749,0.2546,2026-03-26T11:44:00.318,2026-03-26T11:38:20.307,25.65,25.65,25.65,25.65,1.0,1.0,2026-03-26T11:38:20.307,25.65,222,2026-03-26 11:43:45 EDT,580.75,0.9573826947912183,-4.261730520878175,581.0,25.33,1.2200000000000024,4.8164232135807445,1,389.1025,659.1800000000001,25.319999999999997,94.81,,,
QQQ,2026-03-30,556.0,PUT,4,-1,2026-03-26T11:44:00.17,240,0.53,489,0.55,-0.0694,-0.2742,8.2897,-74.5552,0.0076,-0.6896,8.2895,0.2805,2026-03-26T11:44:00.318,2026-03-26T11:39:49.325,0.67,0.76,0.5,0.55,108.0,25.0,2026-03-26T11:39:49.325,0.55,222,2026-03-26 11:43:45 EDT,580.75,0.9573826947912183,-4.261730520878175,581.0,0.54,0.020000000000000018,3.703703703703707,232,-102397.84000000001,-192321.03999999998,6361.4400000000005,-1610.08,0.0005,0.005,0.01
QQQ,2026-03-30,557.0,CALL,4,1,2026-03-26T11:43:24.613,6,23.95,6,24.98,0.9341,-0.3029,7.9557,22.1803,0.0078,-0.7177,8.1087,0.2639,2026-03-26T11:44:00.318,2026-03-25T14:55:34.82,31.82,31.82,31.82,31.82,1.0,1.0,2026-03-25T14:55:34.82,31.82,222,2026-03-26 11:43:45 EDT,580.75,0.9591046061127851,-4.089539388721481,581.0,24.465,1.0300000000000011,4.210096055589623,7,3170.895,5568.99,212.02999999999997,653.87,0.0113,0.0,0.0
QQQ,2026-03-30,557.0,PUT,4,-1,2026-03-26T11:44:00.197,97,0.6,159,0.61,-0.0762,-0.2924,8.909,-73.8356,0.0082,-0.7213,8.5988,0.2784,2026-03-26T11:44:00.318,2026-03-26T11:43:13.472,0.77,0.83,0.58,0.58,56.0,30.0,2026-03-26T11:43:13.472,0.58,222,2026-03-26 11:43:45 EDT,580.75,0.9591046061127851,-4.089539388721481,581.0,0.605,0.010000000000000009,1.6528925619834725,286,-136197.49000000002,-254797.40000000002,8362.640000000001,-2179.32,-0.0008,0.005,-0.01
QQQ,2026-03-30,558.0,CALL,4,1,2026-03-26T11:43:24.612,6,23.03,6,24.04,0.926,-0.3256,8.7046,22.8555,0.0085,-0.7543,8.4993,0.2634,2026-03-26T11:44:00.318,2026-03-24T14:12:34.834,27.88,28.11,27.85,27.85,102.0,4.0,2026-03-24T14:12:34.834,27.85,222,2026-03-26 11:43:45 EDT,580.75,0.9608265174343521,-3.9173482565647872,581.0,23.535,1.009999999999998,4.291480773316328,51,25175.5125,44393.45999999999,1660.56,4722.6,0.01,0.0,0.0
QQQ,2026-03-30,558.0,PUT,4,-1,2026-03-26T11:44:00.179,136,0.67,99,0.68,-0.084,-0.3128,9.5911,-72.9054,0.0089,-0.7518,8.903,0.2768,2026-03-26T11:44:00.318,2026-03-26T11:32:29.495,0.88,0.9,0.58,0.74,434.0,56.0,2026-03-26T11:32:29.495,0.74,222,2026-03-26 11:43:45 EDT,580.75,0.9608265174343521,-3.9173482565647872,581.0,0.675,0.010000000000000009,1.4814814814814827,254,-131284.345,-243613.94,7945.12,-2133.6000000000004,-0.0007,0.005,-0.01
QQQ,2026-03-30,559.0,CALL,4,1,2026-03-26T11:43:53.759,14,22.12,14,23.16,0.9143,-0.3605,9.7195,23.4548,0.0094,-0.7868,8.9559,0.2663,2026-03-26T11:44:00.318,2026-03-26T11:31:40.089,22.55,22.55,22.55,22.55,1.0,1.0,2026-03-26T11:31:40.089,22.55,222,2026-03-26 11:43:45 EDT,580.75,0.9625484287559191,-3.745157124408093,581.0,22.64,1.0399999999999991,4.593639575971728,3,1637.7150000000001,2915.85,108.14999999999999,274.29,0.0089,0.0,0.0
QQQ,2026-03-30,559.0,PUT,4,-1,2026-03-26T11:44:00.153,53,0.75,368,0.77,-0.0935,-0.338,10.3819,-71.4934,0.0097,-0.7794,9.2083,0.2764,2026-03-26T11:44:00.318,2026-03-26T11:38:36.205,0.93,1.02,0.7,0.78,198.0,41.0,2026-03-26T11:38:36.205,0.78,222,2026-03-26 11:43:45 EDT,580.75,0.9625484287559191,-3.745157124408093,581.0,0.76,0.020000000000000018,2.6315789473684235,488,-274903.82,-506636.72,16494.4,-4562.8,0.0001,0.01,0.0
QQQ,2026-03-30,560.0,CALL,4,1,2026-03-26T11:43:53.755,14,21.21,14,22.24,0.9054,-0.3818,10.4642,24.2102,0.0102,-0.8173,9.237,0.2647,2026-03-26T11:44:00.318,2026-03-26T09:56:58.195,22.23,25.21,22.23,25.0,200.0,3.0,2026-03-26T09:56:58.195,25.0,222,2026-03-26 11:43:45 EDT,580.75,0.964270340077486,-3.572965992251399,581.0,21.725,1.0299999999999976,4.741081703107008,5,2961.8250000000003,5232.099999999999,190.89999999999998,452.7,0.008,0.0,0.0
QQQ,2026-03-30,560.0,PUT,4,-1,2026-03-26T11:44:00.134,54,0.84,92,0.85,-0.1023,-0.3582,11.0918,-70.7272,0.0104,-0.8059,9.4393,0.2744,2026-03-26T11:44:00.318,2026-03-26T11:42:37.257,1.05,1.1,0.7,0.85,1088.0,162.0,2026-03-26T11:42:37.257,0.85,222,2026-03-26 11:43:45 EDT,580.75,0.964270340077486,-3.572965992251399,581.0,0.845,0.010000000000000009,1.1834319526627228,2412,-1456799.7599999998,-2675342.1599999997,86397.84000000001,-24674.760000000002,-0.0007,0.005,-0.01
QQQ,2026-03-30,561.0,CALL,4,1,2026-03-26T11:43:49.143,6,20.31,6,21.31,0.8955,-0.4046,11.256,24.9917,0.011,-0.8447,9.4865,0.2634,2026-03-26T11:44:00.318,2026-03-25T14:55:34.82,27.83,27.83,27.43,27.43,2.0,2.0,2026-03-25T14:55:34.82,27.43,222,2026-03-26 11:43:45 EDT,580.75,0.965992251399053,-3.4007748600947054,581.0,20.81,1.0,4.805382027871216,2,1277.6499999999999,2251.2,80.92,179.1,0.0073,0.0,0.0
QQQ,2026-03-30,561.0,PUT,4,-1,2026-03-26T11:44:00.144,35,0.94,265,0.96,-0.1133,-0.3848,11.9355,-69.3121,0.0112,-0.8269,9.6606,0.274,2026-03-26T11:44:00.318,2026-03-26T11:41:00.497,1.17,1.22,0.8,0.93,868.0,79.0,2026-03-26T11:41:00.497,0.93,222,2026-03-26 11:43:45 EDT,580.75,0.965992251399053,-3.4007748600947054,581.0,0.95,0.020000000000000018,2.105263157894739,346,-225052.24,-412968.3,13314.079999999998,-3920.18,0.0,0.01,0.0
QQQ,2026-03-30,562.0,CALL,4,1,2026-03-26T11:43:49.142,8,19.42,8,20.42,0.884,-0.4309,12.1305,25.7733,0.0119,-0.8667,9.703,0.2629,2026-03-26T11:44:00.318,2026-03-25T14:55:34.819,27.17,27.17,27.17,27.17,1.0,1.0,2026-03-25T14:55:34.819,27.17,222,2026-03-26 11:43:45 EDT,580.75,0.9677141627206199,-3.2285837279380116,581.0,19.92,1.0,5.02008032128514,1,691.0925000000001,1213.05,43.09,88.4,0.0068,0.0,0.0
QQQ,2026-03-30,562.0,PUT,4,-1,2026-03-26T11:44:00.198,29,1.05,83,1.06,-0.1237,-0.4064,12.7032,-68.4724,0.012,-0.8469,9.8112,0.272,2026-03-26T11:44:00.318,2026-03-26T11:41:57.02,1.19,1.36,0.87,1.07,236.0,86.0,2026-03-26T11:41:57.02,1.07,222,2026-03-26 11:43:45 EDT,580.75,0.9677141627206199,-3.2285837279380116,581.0,1.0550000000000002,0.010000000000000009,0.9478672985781998,425,-296182.5,-539886.0,17272.0,-5257.250000000001,-0.0009,0.005,-0.01
QQQ,2026-03-30,563.0,CALL,4,1,2026-03-26T11:43:24.613,8,18.79,8,19.54,0.864,-0.4882,13.5587,26.1892,0.0129,-0.8603,9.9198,0.2712,2026-03-26T11:44:00.318,2026-03-25T14:55:34.819,25.52,25.74,25.52,25.74,2.0,2.0,2026-03-25T14:55:34.819,25.74,222,2026-03-26 11:43:45 EDT,580.75,0.9694360740421868,-3.056392595781317,581.0,19.165,0.75,3.913383772501957,2,1498.335,2711.74,97.64,172.8,0.0059,0.0,0.0
QQQ,2026-03-30,563.0,PUT,4,-1,2026-03-26T11:44:00.149,26,1.17,14,1.18,-0.1356,-0.4308,13.5357,-67.3567,0.0129,-0.8613,9.9188,0.2708,2026-03-26T11:44:00.318,2026-03-26T11:43:45.071,1.45,1.54,0.98,1.16,255.0,75.0,2026-03-26T11:43:45.071,1.16,222,2026-03-26 11:43:45 EDT,580.75,0.9694360740421868,-3.056392595781317,581.0,1.1749999999999998,0.010000000000000009,0.8510638297872349,527,-394811.2725,-713331.39,22703.16,-7146.120000000001,-0.0009,0.005,-0.01
QQQ,2026-03-30,564.0,CALL,4,1,2026-03-26T11:43:56.882,14,18.06,14,18.7,0.846,-0.5342,14.7402,26.7313,0.0138,-0.8506,9.9675,0.2761,2026-03-26T11:44:00.318,2026-03-26T11:35:34.093,18.31,18.31,18.31,18.31,1.0,1.0,2026-03-26T11:35:34.093,18.31,222,2026-03-26 11:43:45 EDT,580.75,0.9711579853637538,-2.884201463624623,581.0,18.38,0.6400000000000006,3.4820457018498403,5,4007.175,7370.099999999999,267.1,422.99999999999994,0.0053,0.0,0.0
QQQ,2026-03-30,564.0,PUT,4,-1,2026-03-26T11:44:00.151,28,1.3,35,1.32,-0.1489,-0.4575,14.4175,-66.0247,0.0138,-0.869,9.9673,0.2702,2026-03-26T11:44:00.318,2026-03-26T11:34:47.008,1.63,1.63,1.13,1.41,176.0,52.0,2026-03-26T11:34:47.008,1.41,222,2026-03-26 11:43:45 EDT,580.75,0.9711579853637538,-2.884201463624623,581.0,1.31,0.020000000000000018,1.5267175572519098,261,-209174.535,-376296.75,11940.75,-3886.2900000000004,-0.0003,0.01,0.0
QQQ,2026-03-30,565.0,CALL,4,1,2026-03-26T11:43:56.882,10,17.11,10,17.82,0.8362,-0.5432,15.3448,27.8159,0.0147,-0.8681,9.9426,0.2703,2026-03-26T11:44:00.318,2026-03-25T14:55:34.82,24.57,25.93,23.93,23.93,4.0,4.0,2026-03-25T14:55:34.82,23.93,222,2026-03-26 11:43:45 EDT,580.75,0.9728798966853207,-2.7120103314679294,581.0,17.465,0.7100000000000009,4.065273403950764,23,19635.1575,35293.03999999999,1249.3600000000001,1923.2600000000002,0.005,0.0,0.0
QQQ,2026-03-30,565.0,PUT,4,-1,2026-03-26T11:44:00.149,36,1.44,143,1.47,-0.1623,-0.4813,15.2604,-64.9816,0.0147,-0.8737,9.9482,0.2687,2026-03-26T11:44:00.318,2026-03-26T11:41:57.02,1.6,1.86,1.26,1.46,682.0,146.0,2026-03-26T11:41:57.02,1.46,222,2026-03-26 11:43:45 EDT,580.75,0.9728798966853207,-2.7120103314679294,581.0,1.455,0.030000000000000027,2.0618556701030943,1636,-1396657.29,-2496601.44,78740.68,-26552.280000000002,-0.0003,0.01,0.0
QQQ,2026-03-30,566.0,CALL,4,1,2026-03-26T11:43:56.882,11,16.07,11,17.0,0.8267,-0.5482,15.916,29.0458,0.0156,-0.8874,9.8866,0.2635,2026-03-26T11:44:00.318,2026-03-23T13:05:40.021,24.45,24.45,24.45,24.45,1.0,1.0,2026-03-23T13:05:40.021,24.45,222,2026-03-26 11:43:45 EDT,580.75,0.9746018080068877,-2.539819199311235,581.0,16.535,0.9299999999999997,5.6244330208648305,1,905.9699999999999,1591.6000000000001,54.82,82.67,0.0048,0.0,0.0
QQQ,2026-03-30,566.0,PUT,4,-1,2026-03-26T11:44:00.161,45,1.6,162,1.63,-0.1769,-0.5063,16.1277,-63.809,0.0156,-0.8712,9.858,0.2677,2026-03-26T11:44:00.318,2026-03-26T11:41:10.994,1.8,2.02,1.4,1.58,206.0,88.0,2026-03-26T11:41:10.994,1.58,222,2026-03-26 11:43:45 EDT,580.75,0.9746018080068877,-2.539819199311235,581.0,1.615,0.029999999999999805,1.8575851393188731,253,-229210.41,-408030.81,12809.39,-4475.57,-0.0003,0.015,0.01
QQQ,2026-03-30,567.0,CALL,4,1,2026-03-26T11:43:57.558,15,15.57,15,16.16,0.803,-0.6055,17.2319,29.4063,0.0164,-0.8402,9.6313,0.2718,2026-03-26T11:44:00.318,2026-03-26T09:34:26.548,16.11,16.11,16.11,16.11,20.0,1.0,2026-03-26T09:34:26.548,16.11,222,2026-03-26 11:43:45 EDT,580.75,0.9763237193284546,-2.3676280671545413,581.0,15.865,0.5899999999999999,3.7188780334068694,2,1904.8600000000001,3446.38,121.10000000000001,160.60000000000002,0.0043,0.0,0.0
QQQ,2026-03-30,567.0,PUT,4,-1,2026-03-26T11:44:00.109,69,1.77,26,1.8,-0.1922,-0.53,16.9814,-62.7099,0.0165,-0.8631,9.6943,0.2663,2026-03-26T11:44:00.318,2026-03-26T11:38:36.191,1.96,2.19,1.55,1.81,445.0,66.0,2026-03-26T11:38:36.191,1.81,222,2026-03-26 11:43:45 EDT,580.75,0.9763237193284546,-2.3676280671545413,581.0,1.7850000000000001,0.030000000000000027,1.6806722689075644,382,-366046.72500000003,-648689.48,20246.0,-7342.04,-0.0004,0.01,0.0
QQQ,2026-03-30,568.0,CALL,4,1,2026-03-26T11:43:57.558,14,14.77,14,15.37,0.786,-0.6324,18.1024,30.2919,0.0172,-0.8192,9.3555,0.2716,2026-03-26T11:44:00.318,2026-03-26T09:34:26.548,15.31,15.31,15.31,15.31,20.0,1.0,2026-03-26T09:34:26.548,15.31,222,2026-03-26 11:43:45 EDT,580.75,0.9780456306500215,-2.1954369349978475,581.0,15.07,0.5999999999999996,3.9814200398141977,0,0.0,0.0,0.0,0.0,0.004,0.0,0.0
QQQ,2026-03-30,568.0,PUT,4,-1,2026-03-26T11:44:00.139,37,1.96,43,1.99,-0.2086,-0.554,17.8388,-61.5282,0.0174,-0.8472,9.4487,0.2652,2026-03-26T11:44:00.318,2026-03-26T11:38:36.187,2.25,2.36,1.67,2.0,287.0,90.0,2026-03-26T11:38:36.187,2.0,222,2026-03-26 11:43:45 EDT,580.75,0.9780456306500215,-2.1954369349978475,581.0,1.975,0.030000000000000027,1.5189873417721533,857,-866002.785,-1528785.16,47477.8,-17877.02,-0.0005,0.015,0.01
QQQ,2026-03-30,569.0,CALL,4,1,2026-03-26T11:42:55.242,8,13.98,8,14.56,0.7693,-0.6534,18.8981,31.3095,0.0181,-0.7975,9.0185,0.2698,2026-03-26T11:44:00.318,2026-03-26T10:55:00.716,14.09,14.09,14.09,14.09,1.0,1.0,2026-03-26T10:55:00.716,14.09,222,2026-03-26 11:43:45 EDT,580.75,0.9797675419715884,-2.0232458028411537,581.0,14.27,0.5800000000000001,4.064470918009811,28,29432.410000000003,52914.68,1829.5200000000002,2154.04,0.0036,0.0,0.0
QQQ,2026-03-30,569.0,PUT,4,-1,2026-03-26T11:44:00.156,40,2.17,137,2.2,-0.2261,-0.5781,18.6899,-60.2711,0.0183,-0.8227,9.1156,0.2644,2026-03-26T11:44:00.318,2026-03-26T11:42:48.831,2.49,2.49,1.86,2.18,174.0,63.0,2026-03-26T11:42:48.831,2.18,222,2026-03-26 11:43:45 EDT,580.75,0.9797675419715884,-2.0232458028411537,581.0,2.185,0.03000000000000025,1.372997711670492,259,-275258.0775,-484068.41000000003,14972.789999999997,-5855.99,0.0,0.02,0.0
QQQ,2026-03-30,570.0,CALL,4,1,2026-03-26T11:43:56.882,24,13.24,24,13.76,0.7512,-0.6759,19.6937,32.3157,0.0189,-0.7655,8.592,0.2689,2026-03-26T11:44:00.318,2026-03-26T11:20:13.455,15.06,16.08,13.48,13.48,56.0,13.0,2026-03-26T11:20:13.455,13.48,222,2026-03-26 11:43:45 EDT,580.75,0.9814894532931554,-1.8510546706844595,581.0,13.5,0.5199999999999996,3.8518518518518485,31,34026.142499999994,61050.469999999994,2095.29,2328.72,0.0034,0.0,0.0
QQQ,2026-03-30,570.0,PUT,4,-1,2026-03-26T11:44:00.125,30,2.39,74,2.42,-0.2443,-0.5999,19.5033,-59.1221,0.0191,-0.7922,8.7031,0.2631,2026-03-26T11:44:00.318,2026-03-26T11:42:37.257,2.8,2.85,1.87,2.42,1672.0,340.0,2026-03-26T11:42:37.257,2.42,222,2026-03-26 11:43:45 EDT,580.75,0.9814894532931554,-1.8510546706844595,581.0,2.4050000000000002,0.029999999999999805,1.247401247401239,3706,-4110815.6449999996,-7227922.98,222322.94,-90537.57999999999,-0.0006,0.015,-0.01
QQQ,2026-03-30,571.0,CALL,4,1,2026-03-26T11:43:56.882,10,12.47,13,13.04,0.7321,-0.6976,20.4627,33.3453,0.0197,-0.7255,8.078,0.268,2026-03-26T11:44:00.318,2026-03-26T10:55:00.716,12.59,12.59,12.59,12.59,1.0,1.0,2026-03-26T10:55:00.716,12.59,222,2026-03-26 11:43:45 EDT,580.75,0.9832113646147224,-1.6788635385277657,581.0,12.754999999999999,0.5699999999999985,4.468835750685994,1,1144.0774999999999,2046.2700000000002,69.76,73.21,0.0033,0.0,0.0
QQQ,2026-03-30,571.0,PUT,4,-1,2026-03-26T11:44:00.116,19,2.63,24,2.66,-0.2634,-0.6209,20.2906,-57.9353,0.02,-0.7534,8.2022,0.262,2026-03-26T11:44:00.318,2026-03-26T11:40:36.35,2.99,3.08,2.2,2.66,227.0,79.0,2026-03-26T11:40:36.35,2.66,222,2026-03-26 11:43:45 EDT,580.75,0.9832113646147224,-1.6788635385277657,581.0,2.645,0.03000000000000025,1.134215500945189,1042,-1210283.0,-2114280.5200000005,64697.78,-27446.280000000002,-0.0006,0.015,-0.01
QQQ,2026-03-30,572.0,CALL,4,1,2026-03-26T11:43:56.882,18,11.76,17,12.14,0.7144,-0.707,21.1119,34.7202,0.0207,-0.693,7.5521,0.2639,2026-03-26T11:44:00.318,2026-03-23T12:56:52.516,20.98,24.5,20.09,20.09,8.0,6.0,2026-03-23T12:56:52.516,20.09,222,2026-03-26 11:43:45 EDT,580.75,0.9849332759362893,-1.506672406371072,581.0,11.95,0.3800000000000008,3.1799163179916388,5,6010.7625,10555.949999999999,353.49999999999994,357.2,0.0031,0.0,-0.02
QQQ,2026-03-30,572.0,PUT,4,-1,2026-03-26T11:44:00.124,19,2.89,59,2.92,-0.2834,-0.6404,21.0392,-56.7477,0.0208,-0.7066,7.6154,0.2609,2026-03-26T11:44:00.318,2026-03-26T11:42:08.799,3.3,3.45,2.38,2.9,331.0,106.0,2026-03-26T11:42:08.799,2.9,222,2026-03-26 11:43:45 EDT,580.75,0.9849332759362893,-1.506672406371072,581.0,2.9050000000000002,0.029999999999999805,1.0327022375215078,497,-600356.12,-1045648.2400000001,31827.879999999997,-14084.98,-0.0007,0.015,-0.01
QQQ,2026-03-30,573.0,CALL,4,1,2026-03-26T11:43:57.286,44,10.95,46,11.41,0.6953,-0.7169,21.7515,36.1216,0.0216,-0.6498,6.9336,0.2603,2026-03-26T11:44:00.318,2026-03-26T10:55:02.218,12.02,12.94,11.12,11.12,17.0,7.0,2026-03-26T10:55:02.218,11.12,222,2026-03-26 11:43:45 EDT,580.75,0.9866551872578562,-1.334481274214378,581.0,11.18,0.46000000000000085,4.114490161001797,1,1254.42,2175.15,71.69,69.53,0.0034,0.005,-0.01
QQQ,2026-03-30,573.0,PUT,4,-1,2026-03-26T11:44:00.171,16,3.17,44,3.2,-0.3042,-0.6582,21.7412,-55.5599,0.0216,-0.652,6.9443,0.2598,2026-03-26T11:44:00.318,2026-03-26T11:40:08.105,3.47,3.77,2.57,3.25,1116.0,154.0,2026-03-26T11:40:08.105,3.25,222,2026-03-26 11:43:45 EDT,580.75,0.9866551872578562,-1.334481274214378,581.0,3.185,0.03000000000000025,0.9419152276295211,585,-733835.7000000001,-1271860.2,38504.700000000004,-17795.7,-0.0008,0.015,-0.01
QQQ,2026-03-30,574.0,CALL,4,1,2026-03-26T11:44:00.142,20,10.48,21,10.54,0.673,-0.737,22.4176,37.1887,0.0222,-0.5821,6.1548,0.2605,2026-03-26T11:44:00.318,2026-03-26T11:38:20.331,11.17,13.25,10.44,10.6,41.0,17.0,2026-03-26T11:38:20.331,10.6,222,2026-03-26 11:43:45 EDT,580.75,0.9883770985794231,-1.162290142057684,581.0,10.51,0.05999999999999872,0.5708848715508917,3,3867.795,6725.280000000001,221.1,201.9,0.0005,-0.055,-0.01
QQQ,2026-03-30,574.0,PUT,4,-1,2026-03-26T11:44:00.134,13,3.47,16,3.5,-0.3259,-0.674,22.3876,-54.388,0.0224,-0.5898,6.1932,0.2587,2026-03-26T11:44:00.318,2026-03-26T11:38:20.417,3.82,4.08,2.79,3.5,925.0,124.0,2026-03-26T11:38:20.417,3.5,222,2026-03-26 11:43:45 EDT,580.75,0.9883770985794231,-1.162290142057684,581.0,3.4850000000000003,0.029999999999999805,0.8608321377331363,664,-863784.32,-1486536.64,44753.6,-21639.760000000002,-0.0008,0.015,-0.01
QQQ,2026-03-30,575.0,CALL,4,1,2026-03-26T11:44:00.197,24,9.8,22,9.86,0.6508,-0.7502,22.9933,38.4535,0.0229,-0.5136,5.3319,0.2592,2026-03-26T11:44:00.318,2026-03-26T11:39:14.394,10.77,12.82,9.85,9.87,211.0,35.0,2026-03-26T11:39:14.394,9.87,222,2026-03-26 11:43:45 EDT,580.75,0.9900990099009901,-0.9900990099009901,581.0,9.83,0.05999999999999872,0.6103763987792342,144,191508.12,331103.52,10802.88,9371.52,0.0003,-0.055,-0.01
QQQ,2026-03-30,575.0,PUT,4,-1,2026-03-26T11:44:00.133,21,3.79,37,3.83,-0.3484,-0.6887,22.9766,-53.1278,0.023,-0.5188,5.3581,0.2579,2026-03-26T11:44:00.318,2026-03-26T11:41:07.964,4.11,4.41,3.03,3.75,1187.0,287.0,2026-03-26T11:41:07.964,3.75,222,2026-03-26 11:43:45 EDT,580.75,0.9900990099009901,-0.9900990099009901,581.0,3.81,0.040000000000000036,1.0498687664042003,2973,-3971110.4250000003,-6830943.180000001,204750.50999999998,-103579.32,-0.0005,0.02,0.0
QQQ,2026-03-30,576.0,CALL,4,1,2026-03-26T11:44:00.157,10,9.15,13,9.21,0.6279,-0.7609,23.5004,39.7732,0.0236,-0.4383,4.4399,0.2579,2026-03-26T11:44:00.318,2026-03-26T11:27:48.884,10.16,11.97,9.2,9.3,90.0,20.0,2026-03-26T11:27:48.884,9.3,222,2026-03-26 11:43:45 EDT,580.75,0.991820921222557,-0.8179078777442962,581.0,9.18,0.0600000000000005,0.6535947712418355,14,19187.98,32900.56,1065.26,879.06,0.0003,-0.045,-0.01
QQQ,2026-03-30,576.0,PUT,4,-1,2026-03-26T11:44:00.125,11,4.14,43,4.17,-0.3714,-0.6997,23.4894,-51.9746,0.0237,-0.4424,4.461,0.2567,2026-03-26T11:44:00.318,2026-03-26T11:42:45.225,4.35,4.65,3.32,4.18,373.0,87.0,2026-03-26T11:42:45.225,4.18,222,2026-03-26 11:43:45 EDT,580.75,0.991820921222557,-0.8179078777442962,581.0,4.154999999999999,0.03000000000000025,0.7220216606498255,1181,-1625501.8275000001,-2774098.14,82634.56999999999,-43862.340000000004,-0.0005,0.025,-0.01
QQQ,2026-03-30,577.0,CALL,4,1,2026-03-26T11:44:00.174,21,8.52,10,8.57,0.6043,-0.7702,23.9347,41.0916,0.0241,-0.3553,3.479,0.2569,2026-03-26T11:44:00.318,2026-03-26T11:29:32.277,9.85,11.27,8.66,8.74,32.0,17.0,2026-03-26T11:29:32.277,8.74,222,2026-03-26 11:43:45 EDT,580.75,0.993542832544124,-0.6457167455876023,581.0,8.545,0.05000000000000071,0.5851375073142272,43,60183.122500000005,102919.20999999999,3311.86,2598.49,0.0002,-0.045,-0.01
QQQ,2026-03-30,577.0,PUT,4,-1,2026-03-26T11:44:00.177,13,4.5,32,4.54,-0.3952,-0.7088,23.9271,-50.7812,0.0242,-0.359,3.4977,0.2556,2026-03-26T11:44:00.318,2026-03-26T11:43:41.181,4.51,5.05,3.6,4.47,417.0,117.0,2026-03-26T11:43:41.181,4.47,222,2026-03-26 11:43:45 EDT,580.75,0.993542832544124,-0.6457167455876023,581.0,4.52,0.040000000000000036,0.8849557522123902,998,-1402604.17,-2387924.58,70738.23999999999,-39440.96,-0.0002,0.025,-0.01
QQQ,2026-03-30,578.0,CALL,4,1,2026-03-26T11:44:00.197,8,7.91,12,7.96,0.5801,-0.776,24.2845,42.4898,0.0245,-0.2675,2.4684,0.2557,2026-03-26T11:44:00.318,2026-03-26T11:29:32.068,9.27,10.61,7.79,8.11,37.0,20.0,2026-03-26T11:29:32.068,8.11,222,2026-03-26 11:43:45 EDT,580.75,0.995264743865691,-0.4735256134309083,581.0,7.9350000000000005,0.04999999999999982,0.6301197227473198,32,45530.8,77710.40000000001,2483.2000000000003,1856.32,0.0001,-0.045,-0.01
QQQ,2026-03-30,578.0,PUT,4,-1,2026-03-26T11:44:00.173,11,4.89,29,4.93,-0.4194,-0.7148,24.2804,-49.6187,0.0247,-0.2702,2.482,0.2545,2026-03-26T11:44:00.318,2026-03-26T11:43:56.888,5.14,5.36,3.85,4.91,591.0,170.0,2026-03-26T11:43:56.888,4.91,222,2026-03-26 11:43:45 EDT,580.75,0.995264743865691,-0.4735256134309083,581.0,4.91,0.040000000000000036,0.8146639511201635,254,-364350.935,-616722.16,18155.920000000002,-10652.759999999998,-0.0003,0.025,-0.01
QQQ,2026-03-30,579.0,CALL,4,1,2026-03-26T11:44:00.131,6,7.33,23,7.37,0.5555,-0.7798,24.5465,43.8982,0.0249,-0.1742,1.4119,0.2547,2026-03-26T11:44:00.318,2026-03-26T11:43:56.89,8.63,9.8,7.12,7.35,153.0,24.0,2026-03-26T11:43:56.89,7.35,222,2026-03-26 11:43:45 EDT,580.75,0.9969866551872578,-0.30133448127421436,581.0,7.35,0.040000000000000036,0.5442176870748304,50,72303.375,122732.5,3899.0,2777.5,0.0004,-0.04,-0.02
QQQ,2026-03-30,579.0,PUT,4,-1,2026-03-26T11:44:00.174,6,5.31,58,5.35,-0.4442,-0.7187,24.5448,-48.4099,0.025,-0.176,1.4204,0.2536,2026-03-26T11:44:00.318,2026-03-26T11:43:56.891,5.62,6.06,4.2,5.32,632.0,227.0,2026-03-26T11:43:56.891,5.32,222,2026-03-26 11:43:45 EDT,580.75,0.9969866551872578,-0.30133448127421436,581.0,5.33,0.040000000000000036,0.7504690431519707,284,-412332.50000000006,-697072.32,20411.08,-12615.28,0.0,0.035,-0.01
QQQ,2026-03-30,580.0,CALL,4,1,2026-03-26T11:44:00.198,27,6.76,16,6.8,0.5305,-0.779,24.7144,45.4461,0.0252,-0.0778,0.3262,0.2532,2026-03-26T11:44:00.318,2026-03-26T11:43:55.356,7.6,9.09,6.5,6.81,706.0,149.0,2026-03-26T11:43:55.356,6.81,222,2026-03-26 11:43:45 EDT,580.75,0.9987085665088248,-0.12914334911752046,581.0,6.779999999999999,0.040000000000000036,0.5899705014749268,679,993709.7100000001,1678107.76,52894.100000000006,36020.95,0.0003,-0.045,-0.01
QQQ,2026-03-30,580.0,PUT,4,-1,2026-03-26T11:44:00.123,32,5.74,38,5.78,-0.4693,-0.7178,24.7139,-47.3289,0.0253,-0.0787,0.3298,0.252,2026-03-26T11:44:00.318,2026-03-26T11:43:36.129,5.57,6.52,4.61,5.73,2449.0,701.0,2026-03-26T11:43:36.129,5.73,222,2026-03-26 11:43:45 EDT,580.75,0.9987085665088248,-0.12914334911752046,581.0,5.76,0.040000000000000036,0.6944444444444451,2020,-2967980.9499999997,-4992207.8,144995.59999999998,-94798.6,-0.0005,0.03,0.0
QQQ,2026-03-30,581.0,CALL,4,1,2026-03-26T11:44:00.171,40,6.22,54,6.26,0.5051,-0.7758,24.7849,47.0193,0.0254,0.0221,-0.7825,0.2518,2026-03-26T11:44:00.318,2026-03-26T11:42:57.272,7.08,8.51,6.0,6.3,1733.0,282.0,2026-03-26T11:42:57.272,6.3,222,2026-03-26 11:43:45 EDT,580.75,1.0004304778303916,0.04304778303917348,581.0,6.24,0.040000000000000036,0.6410256410256416,107,157836.23500000002,265198.43,8301.060000000001,5404.57,0.0001,-0.04,0.0
QQQ,2026-03-30,581.0,PUT,4,-1,2026-03-26T11:44:00.172,10,6.2,12,6.24,-0.4948,-0.7146,24.785,-46.2013,0.0256,0.0221,-0.7838,0.2507,2026-03-26T11:44:00.318,2026-03-26T11:42:11.958,6.49,6.98,4.89,6.2,1849.0,365.0,2026-03-26T11:42:11.958,6.2,222,2026-03-26 11:43:45 EDT,580.75,1.0004304778303916,0.04304778303917348,581.0,6.220000000000001,0.040000000000000036,0.6430868167202577,270,-401414.39999999997,-669195.0,19294.2,-13359.6,-0.0002,0.035,-0.01
QQQ,2026-03-30,582.0,CALL,4,1,2026-03-26T11:44:00.131,34,5.71,31,5.74,0.4795,-0.7689,24.7544,48.6847,0.0256,0.1242,-1.9008,0.2503,2026-03-26T11:44:00.318,2026-03-26T11:42:43.832,6.89,7.95,5.54,5.72,3901.0,436.0,2026-03-26T11:42:43.832,5.72,222,2026-03-26 11:43:45 EDT,580.75,1.0021523891519586,0.2152389151958674,581.0,5.725,0.03000000000000025,0.5240174672489127,159,236388.48000000004,393594.95999999996,12225.51,7624.049999999999,0.0001,-0.035,-0.01
QQQ,2026-03-30,582.0,PUT,4,-1,2026-03-26T11:44:00.134,10,6.68,58,6.73,-0.5205,-0.7087,24.7541,-45.0561,0.0256,0.1249,-1.905,0.2496,2026-03-26T11:44:00.318,2026-03-26T11:37:33.648,6.82,7.36,5.35,6.83,1850.0,340.0,2026-03-26T11:37:33.648,6.83,222,2026-03-26 11:43:45 EDT,580.75,1.0021523891519586,0.2152389151958674,581.0,6.705,0.05000000000000071,0.7457121551081388,1325,-1969904.0,-3279918.2500000005,93902.75,-68966.24999999999,0.0001,0.04,0.0
QQQ,2026-03-30,583.0,CALL,4,1,2026-03-26T11:44:00.197,33,5.21,37,5.25,0.4537,-0.7593,24.6202,50.3868,0.0256,0.2273,-3.0142,0.2489,2026-03-26T11:44:00.318,2026-03-26T11:42:42.222,6.33,7.37,5.03,5.22,1529.0,280.0,2026-03-26T11:42:42.222,5.22,222,2026-03-26 11:43:45 EDT,580.75,1.0038743004735255,0.38743004735256137,581.0,5.23,0.040000000000000036,0.7648183556405359,176,261662.72000000003,433315.52,13363.68,7985.120000000001,0.0,-0.04,0.0
QQQ,2026-03-30,583.0,PUT,4,-1,2026-03-26T11:44:00.116,5,7.19,24,7.23,-0.5465,-0.6979,24.6184,-44.0211,0.0257,0.2291,-3.0253,0.2478,2026-03-26T11:44:00.318,2026-03-26T11:36:18.009,7.22,7.9,5.71,7.29,1432.0,337.0,2026-03-26T11:36:18.009,7.29,222,2026-03-26 11:43:45 EDT,580.75,1.0038743004735255,0.38743004735256137,581.0,7.210000000000001,0.040000000000000036,0.5547850208044387,722,-1077604.855,-1777448.4800000002,50388.38,-39457.299999999996,-0.0004,0.04,-0.02
QQQ,2026-03-30,584.0,CALL,4,1,2026-03-26T11:44:00.168,36,4.75,23,4.78,0.4278,-0.7459,24.3802,52.2049,0.0255,0.3306,-4.1119,0.2473,2026-03-26T11:44:00.318,2026-03-26T11:42:37.248,5.78,6.86,4.56,4.75,2107.0,818.0,2026-03-26T11:42:37.248,4.75,222,2026-03-26 11:43:45 EDT,580.75,1.0055962117950925,0.5596211795092553,581.0,4.765000000000001,0.03000000000000025,0.6295907660021037,167,247312.38749999998,407149.33999999997,12456.53,7144.26,0.0004,-0.025,-0.01
QQQ,2026-03-30,584.0,PUT,4,-1,2026-03-26T11:44:00.169,5,7.72,34,7.76,-0.5725,-0.6843,24.376,-42.9643,0.0256,0.3333,-4.1276,0.2462,2026-03-26T11:44:00.318,2026-03-26T11:40:35.9,7.51,8.43,6.21,7.75,1644.0,362.0,2026-03-26T11:40:35.9,7.75,222,2026-03-26 11:43:45 EDT,580.75,1.0055962117950925,0.5596211795092553,581.0,7.74,0.040000000000000036,0.5167958656330753,858,-1275605.76,-2091460.8,58712.94,-49120.5,-0.0005,0.04,-0.02
QQQ,2026-03-30,585.0,CALL,4,1,2026-03-26T11:44:00.169,46,4.3,8,4.33,0.4018,-0.7289,24.0326,54.1376,0.0253,0.4331,-5.1809,0.2454,2026-03-26T11:44:00.318,2026-03-26T11:42:37.247,5.71,6.3,4.14,4.3,1208.0,320.0,2026-03-26T11:42:37.247,4.3,222,2026-03-26 11:43:45 EDT,580.75,1.0073181231166595,0.7318123116659492,581.0,4.3149999999999995,0.03000000000000025,0.6952491309385921,895,1315021.2625,2150917.7,65236.55,35961.1,-0.0002,-0.035,-0.01
QQQ,2026-03-30,585.0,PUT,4,-1,2026-03-26T11:44:00.193,5,8.27,19,8.32,-0.5986,-0.6671,24.0252,-41.9365,0.0254,0.4367,-5.2006,0.2443,2026-03-26T11:44:00.318,2026-03-26T11:42:37.297,8.26,9.05,6.7,8.27,942.0,255.0,2026-03-26T11:42:37.297,8.27,222,2026-03-26 11:43:45 EDT,580.75,1.0073181231166595,0.7318123116659492,581.0,8.295,0.05000000000000071,0.6027727546714975,9666,-14258364.93,-23222758.320000004,644818.86,-578606.76,-0.0006,0.045,-0.01
QQQ,2026-03-30,586.0,CALL,4,1,2026-03-26T11:44:00.188,41,3.88,39,3.91,0.3759,-0.7091,23.5788,56.1328,0.025,0.5328,-6.2028,0.2437,2026-03-26T11:44:00.318,2026-03-26T11:43:06.345,4.89,5.76,3.7,3.93,1408.0,211.0,2026-03-26T11:43:06.345,3.93,222,2026-03-26 11:43:45 EDT,580.75,1.0090400344382264,0.9040034438226432,581.0,3.895,0.03000000000000025,0.7702182284980809,509,739004.3750000001,1200160.9200000002,36093.189999999995,19133.31,0.0002,-0.025,-0.01
QQQ,2026-03-30,586.0,PUT,4,-1,2026-03-26T11:44:00.125,10,8.84,9,8.89,-0.6246,-0.6472,23.5673,-40.8991,0.0251,0.5372,-6.2259,0.2426,2026-03-26T11:44:00.318,2026-03-26T11:39:16.785,8.73,9.51,7.17,8.92,507.0,142.0,2026-03-26T11:39:16.785,8.92,222,2026-03-26 11:43:45 EDT,580.75,1.0090400344382264,0.9040034438226432,581.0,8.865,0.05000000000000071,0.5640157924421965,587,-855659.6275,-1383400.51,37990.64,-36664.020000000004,-0.0003,0.04,-0.02
QQQ,2026-03-30,587.0,CALL,4,1,2026-03-26T11:44:00.174,38,3.48,12,3.51,0.3501,-0.6857,23.0171,58.275,0.0246,0.6296,-7.169,0.2416,2026-03-26T11:44:00.318,2026-03-26T11:42:19.891,4.36,5.22,3.38,3.45,359.0,143.0,2026-03-26T11:42:19.891,3.45,222,2026-03-26 11:43:45 EDT,580.75,1.0107619457597934,1.076194575979337,581.0,3.495,0.029999999999999805,0.8583690987124408,439,627175.155,1010450.6900000001,30102.229999999996,15369.390000000001,0.0,-0.025,-0.01
QQQ,2026-03-30,587.0,PUT,4,-1,2026-03-26T11:44:00.058,10,9.44,2,9.5,-0.6505,-0.6236,23.0005,-39.8964,0.0247,0.6347,-7.1946,0.2406,2026-03-26T11:44:00.318,2026-03-26T11:43:28.32,8.86,10.08,7.78,9.44,178.0,70.0,2026-03-26T11:43:28.32,9.44,222,2026-03-26 11:43:45 EDT,580.75,1.0107619457597934,1.076194575979337,581.0,9.469999999999999,0.0600000000000005,0.6335797254487909,476,-682799.3899999999,-1094823.8,29683.360000000004,-30963.8,-0.0007,0.04,-0.02
QQQ,2026-03-30,588.0,CALL,4,1,2026-03-26T11:44:00.162,41,3.11,64,3.14,0.3247,-0.6602,22.3558,60.4538,0.0241,0.72,-8.0557,0.2398,2026-03-26T11:44:00.318,2026-03-26T11:42:26.097,4.22,4.77,2.99,3.07,808.0,145.0,2026-03-26T11:42:26.097,3.07,222,2026-03-26 11:43:45 EDT,580.75,1.0124838570813603,1.248385708136031,581.0,3.125,0.03000000000000025,0.9600000000000078,336,470268.12,751154.88,22182.72,10909.92,0.0,-0.025,-0.01
QQQ,2026-03-30,588.0,PUT,4,-1,2026-03-26T11:44:00.146,2,10.06,10,10.13,-0.676,-0.598,22.3334,-38.8692,0.0242,0.7258,-8.0827,0.2387,2026-03-26T11:44:00.318,2026-03-26T11:16:56.864,10.26,10.5,8.29,10.09,142.0,51.0,2026-03-26T11:16:56.864,10.09,222,2026-03-26 11:43:45 EDT,580.75,1.0124838570813603,1.248385708136031,581.0,10.095,0.07000000000000028,0.6934125804853916,773,-1086385.795,-1726371.8199999998,46225.399999999994,-52254.8,-0.0005,0.04,-0.02
QQQ,2026-03-30,589.0,CALL,4,1,2026-03-26T11:44:00.163,38,2.76,62,2.79,0.2996,-0.6313,21.5902,62.8174,0.0235,0.8053,-8.8604,0.2377,2026-03-26T11:44:00.318,2026-03-26T11:42:53.435,3.45,4.35,2.67,2.81,445.0,212.0,2026-03-26T11:42:53.435,2.81,222,2026-03-26 11:43:45 EDT,580.75,1.0142057684029273,1.420576840292725,581.0,2.775,0.03000000000000025,1.0810810810810902,2959,4038332.2375000003,6388540.18,186801.66999999998,88651.64,0.0003,-0.02,0.0
QQQ,2026-03-30,589.0,PUT,4,-1,2026-03-26T11:43:57.031,31,10.02,23,11.11,-0.7087,-0.5387,21.3114,-38.9776,0.0242,0.8646,-9.1138,0.2277,2026-03-26T11:44:00.318,2026-03-26T11:23:41.96,10.8,11.39,8.76,10.68,204.0,61.0,2026-03-26T11:23:41.96,10.68,222,2026-03-26 11:43:45 EDT,580.75,1.0142057684029273,1.420576840292725,581.0,10.565,1.0899999999999999,10.317084713677236,390,-548111.85,-831144.6,21009.3,-27639.299999999996,-0.0048,-0.035,0.11
QQQ,2026-03-30,590.0,CALL,4,1,2026-03-26T11:44:00.197,1,2.44,23,2.46,0.2751,-0.6008,20.7371,65.222,0.0227,0.8812,-9.5582,0.2357,2026-03-26T11:44:00.318,2026-03-26T11:43:18.807,3.26,3.93,2.3,2.48,1760.0,372.0,2026-03-26T11:43:18.807,2.48,222,2026-03-26 11:43:45 EDT,580.75,1.0159276797244943,1.5927679724494186,581.0,2.45,0.020000000000000018,0.8163265306122455,4789,6313350.6725,9930997.190000001,287723.12,131745.38999999998,0.0002,-0.025,-0.01
QQQ,2026-03-30,590.0,PUT,4,-1,2026-03-26T11:44:00.141,71,11.24,41,11.53,-0.728,-0.5295,20.6169,-37.1558,0.023,0.9029,-9.6445,0.2321,2026-03-26T11:44:00.318,2026-03-26T11:42:45.114,10.71,11.95,9.39,11.45,456.0,86.0,2026-03-26T11:42:45.114,11.45,222,2026-03-26 11:43:45 EDT,580.75,1.0159276797244943,1.5927679724494186,581.0,11.385,0.28999999999999915,2.5472112428634093,1610,-2150517.25,-3319320.9000000004,85249.5,-117208.0,-0.0037,-0.005,-0.01
QQQ,2026-03-30,591.0,CALL,4,1,2026-03-26T11:44:00.198,39,2.13,39,2.16,0.2506,-0.5656,19.7694,68.0185,0.0219,0.9523,-10.1596,0.233,2026-03-26T11:44:00.318,2026-03-26T11:41:09.639,3.11,3.5,2.03,2.19,731.0,166.0,2026-03-26T11:41:09.639,2.19,222,2026-03-26 11:43:45 EDT,580.75,1.0176495910460612,1.7649591046061126,581.0,2.145,0.03000000000000025,1.3986013986014103,2613,3323324.4525,5165744.220000001,147791.28,65481.77999999999,-0.0003,-0.025,0.01
QQQ,2026-03-30,591.0,PUT,4,-1,2026-03-26T11:43:56.882,24,11.73,26,12.34,-0.7549,-0.4864,19.5339,-36.4433,0.0222,0.9882,-10.2832,0.2272,2026-03-26T11:44:00.318,2026-03-26T11:14:56.489,11.38,12.05,9.85,11.5,117.0,31.0,2026-03-26T11:14:56.489,11.5,222,2026-03-26 11:43:45 EDT,580.75,1.0176495910460612,1.7649591046061126,581.0,12.035,0.6099999999999994,5.068550062318233,207,-266877.85500000004,-404351.73,10068.48,-15626.429999999998,-0.0035,0.0,0.0
QQQ,2026-03-30,592.0,CALL,4,1,2026-03-26T11:44:00.161,58,1.85,34,1.88,0.2269,-0.5294,18.7256,70.888,0.021,1.0115,-10.6292,0.2304,2026-03-26T11:44:00.318,2026-03-26T11:43:56.837,2.38,3.14,1.77,1.88,269.0,97.0,2026-03-26T11:43:56.837,1.88,222,2026-03-26 11:43:45 EDT,580.75,1.019371502367628,1.9371502367628066,581.0,1.865,0.029999999999999805,1.6085790884718394,343,418314.225,642288.08,18158.42,7782.67,0.0,-0.02,0.0
QQQ,2026-03-30,592.0,PUT,4,-1,2026-03-26T11:43:56.882,23,12.56,23,13.04,-0.7765,-0.4581,18.5619,-35.2348,0.0211,1.0326,-10.6899,0.227,2026-03-26T11:44:00.318,2026-03-26T11:38:08.429,11.55,13.24,10.45,12.95,99.0,28.0,2026-03-26T11:38:08.429,12.95,222,2026-03-26 11:43:45 EDT,580.75,1.019371502367628,1.9371502367628066,581.0,12.8,0.47999999999999865,3.7499999999999893,184,-225470.38000000003,-341538.96,8429.04,-14287.6,-0.0038,0.0,0.0
QQQ,2026-03-30,593.0,CALL,4,1,2026-03-26T11:44:00.197,64,1.6,96,1.63,0.2045,-0.4933,17.6305,73.7441,0.02,1.0564,-10.9577,0.2282,2026-03-26T11:44:00.318,2026-03-26T11:39:32.479,2.08,2.8,1.55,1.61,488.0,106.0,2026-03-26T11:39:32.479,1.61,222,2026-03-26 11:43:45 EDT,580.75,1.021093413689195,2.1093413689195004,581.0,1.615,0.029999999999999805,1.8575851393188731,622,722453.0,1096617.1,30683.260000000002,12719.9,0.0,-0.015,0.01
QQQ,2026-03-30,593.0,PUT,4,-1,2026-03-26T11:43:56.881,22,13.31,22,13.95,-0.7945,-0.4373,17.6767,-33.8565,0.0199,1.0514,-10.9464,0.2291,2026-03-26T11:44:00.318,2026-03-26T10:53:27.059,13.47,13.47,11.38,13.03,23.0,5.0,2026-03-26T10:53:27.059,13.03,222,2026-03-26 11:43:45 EDT,580.75,1.021093413689195,2.1093413689195004,581.0,13.629999999999999,0.6399999999999988,4.695524578136455,152,-175665.25999999998,-268685.84,6646.96,-12076.4,-0.0057,-0.03,-0.06
QQQ,2026-03-30,594.0,CALL,4,1,2026-03-26T11:44:00.18,126,1.37,47,1.4,0.1827,-0.455,16.4596,76.8955,0.0188,1.0904,-11.1504,0.2257,2026-03-26T11:44:00.318,2026-03-26T11:42:33.59,1.96,2.44,1.37,1.37,248.0,93.0,2026-03-26T11:42:33.59,1.37,222,2026-03-26 11:43:45 EDT,580.75,1.0228153250107619,2.281532501076194,581.0,1.385,0.029999999999999805,2.1660649819494444,363,396327.0300000001,597483.48,16516.5,6632.009999999999,-0.0001,-0.015,0.01
QQQ,2026-03-30,594.0,PUT,4,-1,2026-03-26T11:43:59.03,60,14.09,29,14.56,-0.8215,-0.3814,16.2157,-33.3197,0.0189,1.1119,-11.1738,0.2218,2026-03-26T11:44:00.318,2026-03-26T11:39:54.34,14.39,14.46,11.79,14.17,31.0,12.0,2026-03-26T11:39:54.34,14.17,222,2026-03-26 11:43:45 EDT,580.75,1.0228153250107619,2.281532501076194,581.0,14.325,0.47000000000000064,3.280977312390929,136,-149275.98,-220533.51999999996,5187.04,-11172.4,0.0091,0.22,-0.44
QQQ,2026-03-30,595.0,CALL,4,1,2026-03-26T11:44:00.157,34,1.17,12,1.19,0.1626,-0.4181,15.2774,79.9647,0.0176,1.108,-11.1984,0.2236,2026-03-26T11:44:00.318,2026-03-26T11:43:02.232,1.73,2.15,1.1,1.19,855.0,207.0,2026-03-26T11:43:02.232,1.19,222,2026-03-26 11:43:45 EDT,580.75,1.0245372363323288,2.4537236332328884,581.0,1.18,0.020000000000000018,1.6949152542372898,2066,2111699.9200000004,3156310.8400000003,86379.46,33593.16,0.0004,-0.01,0.0
QQQ,2026-03-30,595.0,PUT,4,-1,2026-03-26T11:43:56.882,25,14.9,24,15.49,-0.8361,-0.3629,15.3515,-31.9483,0.0176,1.1026,-11.1989,0.2247,2026-03-26T11:44:00.318,2026-03-26T11:23:41.96,14.28,15.26,13.53,14.98,57.0,13.0,2026-03-26T11:23:41.96,14.98,222,2026-03-26 11:43:45 EDT,580.75,1.0245372363323288,2.4537236332328884,581.0,15.195,0.5899999999999999,3.8828562026982554,4106,-4196824.720000001,-6303325.899999999,149006.74,-343302.66,-0.0041,0.0,-0.02
QQQ,2026-03-30,596.0,CALL,4,1,2026-03-26T11:44:00.149,13,0.99,94,1.01,0.1433,-0.3804,14.0538,83.2935,0.0164,1.1129,-11.1077,0.2213,2026-03-26T11:44:00.318,2026-03-26T11:39:42.422,1.44,1.84,0.93,1.0,732.0,133.0,2026-03-26T11:39:42.422,1.0,222,2026-03-26 11:43:45 EDT,580.75,1.0262591476538958,2.6259147653895822,581.0,1.0,0.020000000000000018,2.0000000000000018,797,759086.7100000001,1120087.86,30317.88,11421.010000000002,0.0003,-0.01,0.0
QQQ,2026-03-30,596.0,PUT,4,-1,2026-03-26T11:43:56.881,14,15.19,14,16.3,-0.8792,-0.2487,12.4826,-32.4412,0.016,1.1884,-10.8079,0.2016,2026-03-26T11:44:00.318,2026-03-26T11:40:13.348,15.36,15.99,13.46,15.95,10.0,6.0,2026-03-26T11:40:13.348,15.95,222,2026-03-26 11:43:45 EDT,580.75,1.0262591476538958,2.6259147653895822,581.0,15.745000000000001,1.1100000000000012,7.049857097491275,88,-81769.59999999999,-109846.87999999999,2188.56,-7736.959999999999,-0.0046,0.025,-0.07
QQQ,2026-03-30,597.0,CALL,4,1,2026-03-26T11:44:00.181,25,0.83,230,0.85,0.1254,-0.3431,12.8191,86.7772,0.0151,1.1039,-10.8818,0.2189,2026-03-26T11:44:00.318,2026-03-26T11:40:59.791,1.18,1.58,0.83,0.86,262.0,94.0,2026-03-26T11:40:59.791,0.86,222,2026-03-26 11:43:45 EDT,580.75,1.0279810589754628,2.798105897546276,581.0,0.84,0.020000000000000018,2.380952380952383,445,390234.96249999997,570449.95,15267.950000000003,5580.3,0.0008,-0.005,0.01
QQQ,2026-03-30,597.0,PUT,4,-1,2026-03-26T11:43:58.583,14,16.11,14,17.18,-0.8933,-0.2234,11.4276,-31.1795,0.0146,1.1505,-10.4813,0.2023,2026-03-26T11:44:00.318,2026-03-26T11:37:11.766,16.22,17.32,14.65,17.32,204.0,8.0,2026-03-26T11:37:11.766,17.32,222,2026-03-26 11:43:45 EDT,580.75,1.0279810589754628,2.798105897546276,581.0,16.645,1.0700000000000003,6.428356863923101,112,-94964.23999999999,-127989.12,2502.08,-10004.96,-0.0093,-0.03,-0.06
QQQ,2026-03-30,598.0,CALL,4,1,2026-03-26T11:44:00.176,69,0.69,304,0.71,0.1088,-0.3071,11.5988,90.3499,0.0138,1.0811,-10.5322,0.2167,2026-03-26T11:44:00.318,2026-03-26T11:41:57.02,0.99,1.4,0.66,0.69,550.0,124.0,2026-03-26T11:41:57.02,0.69,222,2026-03-26 11:43:45 EDT,580.75,1.0297029702970297,2.9702970297029703,581.0,0.7,0.020000000000000018,2.85714285714286,358,286913.73000000004,415237.04,10994.18,3895.0399999999995,0.0008,-0.005,0.01
QQQ,2026-03-30,598.0,PUT,4,-1,2026-03-26T11:43:56.882,14,17.24,14,18.04,-0.8969,-0.2283,11.1462,-29.5296,0.0136,1.0919,-10.3736,0.2114,2026-03-26T11:44:00.318,2026-03-26T11:14:03.254,17.32,17.32,14.98,17.0,64.0,10.0,2026-03-26T11:14:03.254,17.0,222,2026-03-26 11:43:45 EDT,580.75,1.0297029702970297,2.9702970297029703,581.0,17.64,0.8000000000000007,4.535147392290254,42,-33172.439999999995,-46814.04,958.8599999999999,-3766.98,-0.0095,-0.035,-0.07
QQQ,2026-03-30,599.0,CALL,4,1,2026-03-26T11:44:00.176,112,0.57,80,0.58,0.0928,-0.2694,10.3256,94.6332,0.0125,1.0467,-10.038,0.2137,2026-03-26T11:44:00.318,2026-03-26T11:41:25.785,1.01,1.15,0.53,0.6,378.0,116.0,2026-03-26T11:41:25.785,0.6,222,2026-03-26 11:43:45 EDT,580.75,1.0314248816185967,3.142488161859664,581.0,0.575,0.010000000000000009,1.7391304347826104,238,172773.125,245749.28,6411.719999999999,2208.64,-0.0001,-0.005,-0.01
QQQ,2026-03-30,599.0,PUT,4,-1,2026-03-26T11:43:53.768,14,18.16,14,18.92,-0.9103,-0.1991,10.0609,-28.517,0.0123,1.0493,-9.9197,0.2106,2026-03-26T11:44:00.318,2026-03-26T10:41:18.914,16.69,17.25,16.15,17.25,3.0,3.0,2026-03-26T10:41:18.914,17.25,222,2026-03-26 11:43:45 EDT,580.75,1.0314248816185967,3.142488161859664,581.0,18.54,0.7600000000000016,4.0992448759439135,120,-85718.7,-120730.8,2389.2,-10923.6,-0.0107,-0.03,-0.06
QQQ,2026-03-30,600.0,CALL,4,1,2026-03-26T11:44:00.172,466,0.46,372,0.48,0.0794,-0.2376,9.191,98.3173,0.0112,0.9991,-9.4864,0.2119,2026-03-26T11:44:00.318,2026-03-26T11:40:23.705,0.85,0.99,0.43,0.48,1678.0,273.0,2026-03-26T11:40:23.705,0.48,222,2026-03-26 11:43:45 EDT,580.75,1.0331467929401636,3.314679294016358,581.0,0.47,0.019999999999999962,4.255319148936162,4778,3107802.32,4391459.800000001,113525.28,37937.32,-0.0002,-0.01,-0.0
QQQ,2026-03-30,600.0,PUT,4,-1,2026-03-26T11:43:57.129,14,19.17,14,19.75,-0.9214,-0.1745,9.1056,-27.4996,0.0111,0.9989,-9.4409,0.2109,2026-03-26T11:44:00.318,2026-03-26T11:25:53.287,18.2,20.01,16.78,19.12,530.0,49.0,2026-03-26T11:25:53.287,19.12,222,2026-03-26 11:43:45 EDT,580.75,1.0331467929401636,3.314679294016358,581.0,19.46,0.5799999999999983,2.9804727646454174,475,-306200.4375,-432516.00000000006,8288.749999999998,-43766.5,-0.0085,-0.005,-0.01
QQQ,2026-03-30,601.0,CALL,4,1,2026-03-26T11:44:00.176,92,0.38,184,0.39,0.067,-0.2064,8.0734,102.4142,0.0099,0.9419,-8.8402,0.2097,2026-03-26T11:44:00.318,2026-03-26T11:41:57.02,0.61,0.84,0.38,0.38,710.0,71.0,2026-03-26T11:41:57.02,0.38,222,2026-03-26 11:43:45 EDT,580.75,1.0348687042617306,3.486870426173052,581.0,0.385,0.010000000000000009,2.5974025974025996,811,466278.3675,654752.74,16739.04,5433.700000000001,-0.0005,-0.005,-0.01
QQQ,2026-03-30,602.0,CALL,4,1,2026-03-26T11:44:00.173,81,0.31,623,0.32,0.0566,-0.1796,7.0792,106.1229,0.0088,0.8783,-8.1766,0.2082,2026-03-26T11:44:00.318,2026-03-26T11:41:26.354,0.54,0.71,0.31,0.32,686.0,99.0,2026-03-26T11:41:26.354,0.32,222,2026-03-26 11:43:45 EDT,580.75,1.0365906155832976,3.659061558329746,581.0,0.315,0.010000000000000009,3.174603174603177,659,336788.54000000004,466519.27999999997,11835.640000000001,3729.94,0.0007,0.0,0.0
QQQ,2026-03-30,606.0,PUT,4,-1,2026-03-26T11:43:36.416,1,24.29,1,27.0,-0.9179,-0.2596,9.4121,-20.7928,0.0087,0.769,-9.5906,0.28,2026-03-26T11:44:00.318,2026-03-26T10:51:17.417,24.07,24.07,24.07,24.07,2.0,1.0,2026-03-26T10:51:17.417,24.07,222,2026-03-26 11:43:45 EDT,580.75,1.0434782608695652,4.3478260869565215,581.0,25.645,2.710000000000001,10.567362058880878,26,-13136.564999999999,-24471.460000000003,674.96,-2386.54,-0.0013,0.07,0.12
QQQ,2026-03-30,607.0,PUT,4,-1,2026-03-26T11:43:33.918,1,25.29,1,27.98,-0.9206,-0.2595,9.1779,-20.0782,0.0082,0.7407,-9.4684,0.2872,2026-03-26T11:44:00.318,2026-03-23T15:29:21.167,17.95,17.95,17.95,17.95,3.0,1.0,2026-03-23T15:29:21.167,17.95,222,2026-03-26 11:43:45 EDT,580.75,1.0452001721911321,4.520017219113216,581.0,26.634999999999998,2.6900000000000013,10.09949314811339,4,-1904.8600000000001,-3671.16,103.8,-368.24,-0.0077,0.01,-0.02
QQQ,2026-03-30,609.0,PUT,4,-1,2026-03-26T11:43:54.285,1,27.29,1,29.97,-0.9241,-0.2656,8.8666,-18.7473,0.0075,0.6895,-9.301,0.3034,2026-03-26T11:44:00.318,2026-03-25T09:36:04.162,19.47,19.47,19.47,19.47,2.0,1.0,2026-03-25T09:36:04.162,19.47,222,2026-03-26 11:43:45 EDT,580.75,1.048643994834266,4.864399483426603,581.0,28.63,2.6799999999999997,9.360810338805447,9,-3920.0625,-7979.9400000000005,239.04000000000002,-831.69,0.0066,0.14,-0.06
QQQ,2026-03-31,540.0,CALL,5,1,2026-03-26T11:43:54.212,5,40.5,11,42.89,0.945,-0.3405,7.6874,13.1654,0.0041,-0.4416,5.9934,0.3906,2026-03-26T11:44:01.104,2026-03-26T10:46:50.671,42.0,42.0,42.0,42.0,1.0,1.0,2026-03-26T10:46:50.671,42.0,222,2026-03-26 11:43:45 EDT,580.77,0.9298000929800093,-7.019990701999067,581.0,41.695,2.3900000000000006,5.732102170524045,810,192873.717,622679.4,27580.5,76545.0,0.0088,0.0,0.0
QQQ,2026-03-31,546.0,CALL,5,1,2026-03-26T11:43:49.142,10,34.47,8,36.65,0.9473,-0.2858,7.4357,15.4715,0.0047,-0.5201,5.8879,0.3266,2026-03-26T11:44:01.104,,,,,,,,,,222,2026-03-26 11:43:45 EDT,580.77,0.9401312051242317,-5.986879487576835,581.0,35.56,2.1799999999999997,6.130483689538806,0,0.0,0.0,0.0,0.0,,,
QQQ,2026-03-31,547.0,PUT,5,-1,2026-03-26T11:44:00.983,733,0.49,305,0.51,-0.0531,-0.2268,7.4911,-61.6935,0.0049,-0.5372,5.9156,0.3178,2026-03-26T11:44:01.104,2026-03-26T11:23:57.12,0.65,0.65,0.5,0.5,51.0,8.0,2026-03-26T11:23:57.12,0.5,222,2026-03-26 11:43:45 EDT,580.77,0.9418530571482687,-5.814694285173129,581.0,0.5,0.020000000000000018,4.0000000000000036,150,-42686.595,-112366.5,3402.0000000000005,-796.5,0.001,0.005,0.01
QQQ,2026-03-31,548.0,PUT,5,-1,2026-03-26T11:44:00.987,495,0.53,223,0.55,-0.057,-0.2378,7.9245,-61.4907,0.0052,-0.5605,6.116,0.3151,2026-03-26T11:44:01.104,2026-03-26T09:57:45.738,0.7,0.7,0.55,0.58,24.0,8.0,2026-03-26T09:57:45.738,0.58,222,2026-03-26 11:43:45 EDT,580.77,0.9435749091723058,-5.642509082769424,581.0,0.54,0.020000000000000018,3.703703703703707,230,-69460.092,-182263.5,5469.400000000001,-1311.0000000000002,-0.0005,0.0,0.0
QQQ,2026-03-31,549.0,CALL,5,1,2026-03-26T11:43:49.143,5,32.0,5,33.03,0.9478,-0.2628,7.3745,16.9334,0.0051,-0.5711,5.8619,0.2966,2026-03-26T11:44:01.104,2026-03-25T10:48:18.949,42.3,42.3,42.3,42.3,1.0,1.0,2026-03-25T10:48:18.949,42.3,222,2026-03-26 11:43:45 EDT,580.77,0.9452967611963428,-5.470323880365719,581.0,32.515,1.0300000000000011,3.1677687221282516,2,592.3854,1474.9,52.559999999999995,189.56,,,
QQQ,2026-03-31,549.0,PUT,5,-1,2026-03-26T11:44:00.986,410,0.58,202,0.6,-0.0618,-0.2518,8.4402,-60.9851,0.0056,-0.5846,6.3404,0.3134,2026-03-26T11:44:01.104,2026-03-26T11:12:17.139,0.64,0.64,0.57,0.58,99.0,18.0,2026-03-26T11:12:17.139,0.58,222,2026-03-26 11:43:45 EDT,580.77,0.9452967611963428,-5.470323880365719,581.0,0.59,0.020000000000000018,3.3898305084745797,249,-80982.56880000001,-210160.98,6269.820000000001,-1538.82,0.0005,0.005,0.01
QQQ,2026-03-31,550.0,CALL,5,1,2026-03-26T11:43:49.143,5,31.05,5,32.07,0.9428,-0.2776,7.9277,17.3514,0.0056,-0.5991,6.1193,0.2954,2026-03-26T11:44:01.104,2026-03-26T09:30:09.837,32.6,32.6,32.6,32.6,1.0,1.0,2026-03-26T09:30:09.837,32.6,222,2026-03-26 11:43:45 EDT,580.77,0.9470186132203798,-5.298138677962013,581.0,31.560000000000002,1.0199999999999996,3.2319391634980974,1904,619240.2048,1509434.08,52855.04000000001,179509.12,0.0086,0.0,0.0
QQQ,2026-03-31,550.0,PUT,5,-1,2026-03-26T11:44:00.988,27,0.64,103,0.65,-0.0667,-0.265,8.9486,-60.6151,0.006,-0.6083,6.5471,0.3112,2026-03-26T11:44:01.104,2026-03-26T11:43:42.253,0.75,0.84,0.56,0.64,1154.0,98.0,2026-03-26T11:43:42.253,0.64,222,2026-03-26 11:43:45 EDT,580.77,0.9470186132203798,-5.298138677962013,581.0,0.645,0.010000000000000009,1.5503875968992262,9064,-3158459.568,-8111011.040000001,240196.0,-60456.880000000005,-0.0006,0.005,-0.01
QQQ,2026-03-31,551.0,CALL,5,1,2026-03-26T11:43:49.143,5,30.11,5,31.15,0.9362,-0.2982,8.6384,17.7519,0.006,-0.6278,6.4243,0.2961,2026-03-26T11:44:01.104,2026-03-23T15:54:15.156,40.68,40.73,40.28,40.28,100.0,7.0,2026-03-23T15:54:15.156,40.28,222,2026-03-26 11:43:45 EDT,580.77,0.9487404652444169,-5.125953475558307,581.0,30.63,1.0399999999999991,3.3953640222004546,20,6969.239999999999,17276.800000000003,596.4000000000001,1872.4,0.0078,0.0,0.0
QQQ,2026-03-31,551.0,PUT,5,-1,2026-03-26T11:44:00.492,247,0.69,168,0.71,-0.0723,-0.2807,9.5267,-60.0193,0.0064,-0.6319,6.7649,0.3098,2026-03-26T11:44:01.104,2026-03-26T11:29:09.9,0.89,0.89,0.65,0.7,208.0,22.0,2026-03-26T11:29:09.9,0.7,222,2026-03-26 11:43:45 EDT,580.77,0.9487404652444169,-5.125953475558307,581.0,0.7,0.020000000000000018,2.85714285714286,202,-75081.9456,-192439.34,5670.14,-1460.46,0.0005,0.005,0.01
QQQ,2026-03-31,552.0,CALL,5,1,2026-03-26T11:43:49.142,5,29.17,5,30.2,0.9311,-0.3109,9.1666,18.221,0.0065,-0.654,6.6331,0.2937,2026-03-26T11:44:01.104,,,,,,,,,,222,2026-03-26 11:43:45 EDT,580.77,0.950462317268454,-4.953768273154601,581.0,29.685000000000002,1.0299999999999976,3.469765875021046,0,0.0,0.0,0.0,0.0,0.0074,0.0,0.0
QQQ,2026-03-31,552.0,PUT,5,-1,2026-03-26T11:44:00.987,25,0.76,58,0.77,-0.0779,-0.2948,10.0814,-59.6286,0.0068,-0.655,6.9571,0.3076,2026-03-26T11:44:01.104,2026-03-26T11:12:17.139,0.94,0.94,0.75,0.75,34.0,10.0,2026-03-26T11:12:17.139,0.75,222,2026-03-26 11:43:45 EDT,580.77,0.950462317268454,-4.953768273154601,581.0,0.765,0.010000000000000009,1.3071895424836613,378,-149281.12079999998,-381076.92000000004,11143.44,-2944.62,-0.0006,0.005,-0.01
QQQ,2026-03-31,553.0,CALL,5,1,2026-03-26T11:43:49.143,5,28.24,5,29.28,0.9238,-0.3317,9.9018,18.6566,0.007,-0.6801,6.8981,0.2939,2026-03-26T11:44:01.104,2026-03-24T11:13:30.015,33.07,34.62,33.07,34.62,7.0,3.0,2026-03-24T11:13:30.015,34.62,222,2026-03-26 11:43:45 EDT,580.77,0.9521841692924911,-4.781583070750896,581.0,28.759999999999998,1.0400000000000027,3.616133518776087,45,18294.254999999997,44558.1,1492.6499999999999,4157.099999999999,0.0068,0.0,0.0
QQQ,2026-03-31,553.0,PUT,5,-1,2026-03-26T11:44:00.987,381,0.82,65,0.84,-0.0843,-0.3115,10.7062,-59.0156,0.0073,-0.6772,7.1537,0.3061,2026-03-26T11:44:01.104,2026-03-26T11:15:46.672,0.98,1.05,0.79,0.85,175.0,18.0,2026-03-26T11:15:46.672,0.85,222,2026-03-26 11:43:45 EDT,580.77,0.9521841692924911,-4.781583070750896,581.0,0.83,0.020000000000000018,2.40963855421687,149,-63170.3529,-159522.38000000003,4641.35,-1256.0700000000002,0.0005,0.005,0.01
QQQ,2026-03-31,554.0,CALL,5,1,2026-03-26T11:43:49.143,5,27.76,5,28.35,0.9035,-0.4059,11.8259,18.7067,0.0079,-0.6926,7.453,0.3121,2026-03-26T11:44:01.104,2026-03-23T14:07:43.889,36.82,36.83,36.82,36.83,2.0,2.0,2026-03-23T14:07:43.889,36.83,222,2026-03-26 11:43:45 EDT,580.77,0.9539060213165281,-4.609397868347191,581.0,28.055,0.5899999999999999,2.103011940830511,1,458.80830000000003,1182.5900000000001,40.589999999999996,90.35,0.0055,0.0,0.0
QQQ,2026-03-31,554.0,PUT,5,-1,2026-03-26T11:44:00.987,70,0.9,171,0.92,-0.0914,-0.3293,11.3692,-58.3261,0.0077,-0.6982,7.3398,0.3049,2026-03-26T11:44:01.104,2026-03-26T10:55:00.944,1.15,1.15,0.82,1.1,185.0,31.0,2026-03-26T10:55:00.944,1.1,222,2026-03-26 11:43:45 EDT,580.77,0.9539060213165281,-4.609397868347191,581.0,0.91,0.020000000000000018,2.1978021978021998,291,-130133.13389999999,-330843.72,9582.63,-2659.74,0.0005,0.01,0.0
QQQ,2026-03-31,555.0,CALL,5,1,2026-03-26T11:43:49.143,5,26.42,5,27.41,0.9099,-0.366,11.2359,19.6392,0.008,-0.7282,7.3057,0.2912,2026-03-26T11:44:01.104,2026-03-25T11:33:02.119,35.39,35.39,35.39,35.39,1.0,1.0,2026-03-25T11:33:02.119,35.39,222,2026-03-26 11:43:45 EDT,580.77,0.9556278733405651,-4.437212665943486,581.0,26.915,0.9899999999999984,3.678246331042164,465,216046.43999999997,522469.35000000003,17019.0,42310.35,0.0057,0.0,0.0
QQQ,2026-03-31,555.0,PUT,5,-1,2026-03-26T11:44:00.989,113,0.98,72,1.0,-0.0985,-0.3454,12.0068,-57.8359,0.0082,-0.7184,7.4971,0.3029,2026-03-26T11:44:01.104,2026-03-26T11:38:20.684,1.11,1.3,0.88,1.01,772.0,119.0,2026-03-26T11:38:20.684,1.01,222,2026-03-26 11:43:45 EDT,580.77,0.9556278733405651,-4.437212665943486,581.0,0.99,0.020000000000000018,2.020202020202022,14147,-6737245.6158,-16986019.96,488637.37999999995,-139347.95,0.0002,0.005,0.01
QQQ,2026-03-31,556.0,CALL,5,1,2026-03-26T11:43:53.765,6,25.5,12,26.54,0.9006,-0.3901,12.0778,20.1043,0.0086,-0.7479,7.5145,0.2919,2026-03-26T11:44:01.104,2026-03-26T10:55:00.118,26.0,26.0,26.0,26.0,3.0,1.0,2026-03-26T10:55:00.118,26.0,222,2026-03-26 11:43:45 EDT,580.77,0.9573497253646022,-4.265027463539781,581.0,26.02,1.0399999999999991,3.9969254419677136,2,998.9243999999999,2415.56,78.02,180.12,0.0052,0.0,0.0
QQQ,2026-03-31,556.0,PUT,5,-1,2026-03-26T11:44:00.986,61,1.07,66,1.09,-0.1063,-0.3634,12.6964,-57.2001,0.0088,-0.7366,7.643,0.3015,2026-03-26T11:44:01.104,2026-03-26T11:29:42.99,1.27,1.27,0.98,1.09,135.0,9.0,2026-03-26T11:29:42.99,1.09,222,2026-03-26 11:43:45 EDT,580.77,0.9573497253646022,-4.265027463539781,581.0,1.08,0.020000000000000018,1.8518518518518534,161,-82283.4936,-204412.04,5850.74,-1711.43,0.0003,0.01,0.0
QQQ,2026-03-31,557.0,CALL,5,1,2026-03-26T11:43:11.287,5,24.8,5,25.61,0.8872,-0.4289,13.2374,20.4482,0.0093,-0.7572,7.7393,0.2973,2026-03-26T11:44:01.104,2026-03-23T12:10:49.573,34.47,34.53,34.44,34.44,84.0,6.0,2026-03-23T12:10:49.573,34.44,222,2026-03-26 11:43:45 EDT,580.77,0.9590715773886392,-4.0928422611360755,581.0,25.205,0.8099999999999987,3.2136480856972773,42,22684.876199999995,55597.079999999994,1801.3799999999999,3726.24,0.0047,0.0,0.0
QQQ,2026-03-31,557.0,PUT,5,-1,2026-03-26T11:44:00.979,68,1.17,68,1.19,-0.1148,-0.382,13.4126,-56.5238,0.0093,-0.7528,7.7679,0.3001,2026-03-26T11:44:01.104,2026-03-26T11:31:44.736,1.35,1.45,1.05,1.24,63.0,32.0,2026-03-26T11:31:44.736,1.24,222,2026-03-26 11:43:45 EDT,580.77,0.9590715773886392,-4.0928422611360755,581.0,1.18,0.020000000000000018,1.6949152542372898,85,-45909.8685,-114007.09999999999,3247.0,-975.8,0.0001,0.01,0.0
QQQ,2026-03-31,558.0,CALL,5,1,2026-03-26T11:43:11.259,5,23.71,5,24.74,0.8831,-0.4287,13.5793,21.1764,0.0097,-0.7833,7.7933,0.2897,2026-03-26T11:44:01.104,2026-03-23T15:55:35.941,34.26,34.26,33.47,33.47,82.0,4.0,2026-03-23T15:55:35.941,33.47,222,2026-03-26 11:43:45 EDT,580.77,0.9607934294126763,-3.9206570587323695,581.0,24.225,1.0299999999999976,4.251805985552106,41,23097.2229,55675.130000000005,1757.6700000000003,3620.7099999999996,0.0046,0.0,0.0
QQQ,2026-03-31,558.0,PUT,5,-1,2026-03-26T11:44:00.991,20,1.28,95,1.3,-0.1239,-0.4012,14.1534,-55.8087,0.0098,-0.7665,7.8681,0.2989,2026-03-26T11:44:01.104,2026-03-26T11:21:13.647,1.56,1.56,1.17,1.26,106.0,25.0,2026-03-26T11:21:13.647,1.26,222,2026-03-26 11:43:45 EDT,580.77,0.9607934294126763,-3.9206570587323695,581.0,1.29,0.020000000000000018,1.5503875968992262,659,-375072.88139999995,-932709.0599999999,26439.08,-8165.009999999999,0.0001,0.01,0.0
QQQ,2026-03-31,559.0,CALL,5,1,2026-03-26T11:43:11.288,5,22.78,5,23.83,0.8754,-0.4408,14.2012,21.8222,0.0103,-0.8022,7.8741,0.2862,2026-03-26T11:44:01.104,2026-03-25T15:20:51.587,32.95,32.95,30.17,30.17,2.0,2.0,2026-03-25T15:20:51.587,30.17,222,2026-03-26 11:43:45 EDT,580.77,0.9625152814367134,-3.748471856328664,581.0,23.305,1.0499999999999972,4.505470928985185,1,598.1931,1420.12,44.080000000000005,87.53999999999999,0.0044,0.0,0.0
QQQ,2026-03-31,559.0,PUT,5,-1,2026-03-26T11:44:00.991,55,1.39,38,1.41,-0.133,-0.4188,14.8722,-55.2493,0.0104,-0.7789,7.9368,0.2971,2026-03-26T11:44:01.104,2026-03-26T11:36:17.86,1.69,1.69,1.26,1.45,54.0,22.0,2026-03-26T11:36:17.86,1.45,222,2026-03-26 11:43:45 EDT,580.77,0.9625152814367134,-3.748471856328664,581.0,1.4,0.020000000000000018,1.42857142857143,202,-122008.16159999999,-300418.44,8459.76,-2686.6,0.0,0.01,0.0
QQQ,2026-03-31,560.0,CALL,5,1,2026-03-26T11:43:11.265,5,21.96,5,22.96,0.8632,-0.4687,15.155,22.3211,0.011,-0.8075,7.9562,0.2877,2026-03-26T11:44:01.104,2026-03-25T10:16:55.889,32.0,32.0,31.39,31.39,3.0,2.0,2026-03-25T10:16:55.889,31.39,222,2026-03-26 11:43:45 EDT,580.77,0.9642371334607505,-3.5762866539249587,581.0,22.46,1.0,4.452359750667854,828,528965.3159999999,1254834.0,38808.36,71472.96,0.0041,0.0,0.0
QQQ,2026-03-31,560.0,PUT,5,-1,2026-03-26T11:44:00.991,19,1.52,80,1.54,-0.1434,-0.4392,15.6548,-54.4584,0.011,-0.7867,7.9788,0.2961,2026-03-26T11:44:01.104,2026-03-26T11:42:57.721,1.84,1.93,1.32,1.49,7866.0,291.0,2026-03-26T11:42:57.721,1.49,222,2026-03-26 11:43:45 EDT,580.77,0.9642371334607505,-3.5762866539249587,581.0,1.53,0.020000000000000018,1.3071895424836613,15885,-10148084.594999999,-24867649.8,697669.2,-227790.90000000002,0.0006,0.015,-0.01
QQQ,2026-03-31,561.0,CALL,5,1,2026-03-26T11:43:39.593,4,20.93,1,22.26,0.8525,-0.488,15.9422,22.9353,0.0116,-0.8156,7.9863,0.2863,2026-03-26T11:44:01.104,2026-03-26T10:46:26.935,22.5,22.5,22.5,22.5,1.0,1.0,2026-03-26T10:46:26.935,22.5,222,2026-03-26 11:43:45 EDT,580.77,0.9659589854847874,-3.4041014515212535,581.0,21.595,1.3300000000000018,6.158833063209085,4,2694.7727999999997,6376.88,195.2,341.0,0.0018,-0.025,-0.13
QQQ,2026-03-31,561.0,PUT,5,-1,2026-03-26T11:44:00.988,56,1.65,27,1.67,-0.1538,-0.4573,16.4048,-53.8512,0.0116,-0.7932,7.986,0.2944,2026-03-26T11:44:01.104,2026-03-26T11:05:30.713,1.96,1.96,1.46,1.64,67.0,15.0,2026-03-26T11:05:30.713,1.64,222,2026-03-26 11:43:45 EDT,580.77,0.9659589854847874,-3.4041014515212535,581.0,1.66,0.020000000000000018,1.204819277108435,785,-528849.162,-1287776.8000000003,35898.05,-12073.3,0.0,0.01,0.0
QQQ,2026-03-31,562.0,CALL,5,1,2026-03-26T11:43:59.413,3,19.98,29,22.83,0.8124,-0.6255,18.6213,22.0496,0.012,-0.7074,7.7962,0.3228,2026-03-26T11:44:01.104,2026-03-23T12:21:55.176,29.57,29.57,29.53,29.53,2.0,2.0,2026-03-23T12:21:55.176,29.53,222,2026-03-26 11:43:45 EDT,580.77,0.9676808375088245,-3.231916249117548,581.0,21.405,2.849999999999998,13.314646110721784,1,696.924,1862.13,62.55,81.24,0.0003,-0.045,0.09
QQQ,2026-03-31,562.0,PUT,5,-1,2026-03-26T11:44:00.976,20,1.8,32,1.82,-0.1649,-0.4758,17.17,-53.2046,0.0122,-0.7961,7.9587,0.2928,2026-03-26T11:44:01.104,2026-03-26T11:40:46.619,2.12,2.17,1.62,1.8,60.0,26.0,2026-03-26T11:40:46.619,1.8,222,2026-03-26 11:43:45 EDT,580.77,0.9676808375088245,-3.231916249117548,581.0,1.81,0.020000000000000018,1.1049723756906087,284,-201225.1896,-487628.00000000006,13512.72,-4683.16,0.0,0.015,-0.01
QQQ,2026-03-31,563.0,CALL,5,1,2026-03-26T11:43:41.197,3,19.25,1,21.96,0.7999,-0.6477,19.3707,22.5521,0.0125,-0.6968,7.6591,0.3226,2026-03-26T11:44:01.104,2026-03-24T13:38:30.151,23.8,23.81,23.8,23.81,15.0,6.0,2026-03-24T13:38:30.151,23.81,222,2026-03-26 11:43:45 EDT,580.77,0.9694026895328616,-3.0597310467138423,581.0,20.605,2.710000000000001,13.152147537005584,12,8711.550000000001,23244.84,777.2400000000001,959.8800000000001,0.0039,0.02,-0.04
QQQ,2026-03-31,563.0,PUT,5,-1,2026-03-26T11:44:00.991,80,1.95,56,1.98,-0.1769,-0.4952,17.9587,-52.4602,0.0128,-0.7942,7.8921,0.2916,2026-03-26T11:44:01.104,2026-03-26T11:40:46.655,2.3,2.3,1.73,1.96,365.0,38.0,2026-03-26T11:40:46.655,1.96,222,2026-03-26 11:43:45 EDT,580.77,0.9694026895328616,-3.0597310467138423,581.0,1.9649999999999999,0.030000000000000027,1.5267175572519098,1136,-844486.0416,-2040108.32,56254.72,-20095.84,-0.0001,0.015,0.01
QQQ,2026-03-31,564.0,CALL,5,1,2026-03-26T11:44:00.963,1,18.7,3,19.72,0.8095,-0.5739,18.7964,24.4755,0.0134,-0.7847,7.776,0.2914,2026-03-26T11:44:01.104,2026-03-25T15:20:51.587,25.67,25.67,25.67,25.67,1.0,1.0,2026-03-25T15:20:51.587,25.67,222,2026-03-26 11:43:45 EDT,580.77,0.9711245415568986,-2.8875458443101367,581.0,19.21,1.0199999999999996,5.309734513274334,5,3891.1590000000006,9398.2,286.95,404.75000000000006,0.0014,-0.035,0.05
QQQ,2026-03-31,564.0,PUT,5,-1,2026-03-26T11:44:00.988,59,2.14,39,2.15,-0.19,-0.5164,18.7761,-51.5653,0.0134,-0.7862,7.7794,0.291,2026-03-26T11:44:01.104,2026-03-26T11:36:15.287,2.21,2.22,1.86,2.2,308.0,17.0,2026-03-26T11:36:15.287,2.2,222,2026-03-26 11:43:45 EDT,580.77,0.9711245415568986,-2.8875458443101367,581.0,2.145,0.009999999999999787,0.46620046620045624,881,-685622.2158,-1654174.41,45494.84,-16739.0,0.0004,0.025,-0.01
QQQ,2026-03-31,565.0,CALL,5,1,2026-03-26T11:43:56.881,22,18.2,21,18.77,0.793,-0.6063,19.7657,24.9235,0.014,-0.7584,7.5783,0.2945,2026-03-26T11:44:01.104,2026-03-26T11:05:30.712,19.68,19.68,19.4,19.4,4.0,2.0,2026-03-26T11:05:30.712,19.4,222,2026-03-26 11:43:45 EDT,580.77,0.9728463935809357,-2.7153606419064316,581.0,18.485,0.5700000000000003,3.08358128212064,2130,1731856.14,4210094.1,129141.9,168909.0,0.0023,-0.005,-0.01
QQQ,2026-03-31,565.0,PUT,5,-1,2026-03-26T11:44:00.991,19,2.31,33,2.33,-0.2027,-0.533,19.5249,-50.9875,0.0141,-0.7786,7.6348,0.289,2026-03-26T11:44:01.104,2026-03-26T11:36:27.635,2.66,2.73,1.95,2.36,1536.0,130.0,2026-03-26T11:36:27.635,2.36,222,2026-03-26 11:43:45 EDT,580.77,0.9728463935809357,-2.7153606419064316,581.0,2.3200000000000003,0.020000000000000018,0.8620689655172421,6850,-5609367.045,-13374556.5,365105.0,-138849.5,-0.0003,0.02,0.0
QQQ,2026-03-31,566.0,CALL,5,1,2026-03-26T11:44:00.961,1,17.1,3,18.09,0.7821,-0.6127,20.3653,25.8111,0.0147,-0.7578,7.4205,0.2894,2026-03-26T11:44:01.104,2026-03-20T13:33:39.496,23.01,23.01,23.01,23.01,1.0,1.0,2026-03-20T13:33:39.496,23.01,222,2026-03-26 11:43:45 EDT,580.77,0.9745682456049728,-2.5431754395027264,581.0,17.595,0.9899999999999984,5.626598465473137,5,4268.6595,10182.650000000001,306.35,391.05,0.0017,-0.025,0.07
QQQ,2026-03-31,566.0,PUT,5,-1,2026-03-26T11:44:00.987,36,2.5,35,2.52,-0.2168,-0.5522,20.3102,-50.1743,0.0147,-0.763,7.4366,0.288,2026-03-26T11:44:01.104,2026-03-26T11:40:46.653,2.9,2.9,2.18,2.5,140.0,40.0,2026-03-26T11:40:46.653,2.5,222,2026-03-26 11:43:45 EDT,580.77,0.9745682456049728,-2.5431754395027264,581.0,2.51,0.020000000000000018,0.7968127490039849,570,-486627.18299999996,-1157681.4,31475.4,-12357.599999999999,0.0002,0.015,-0.01
QQQ,2026-03-31,567.0,CALL,5,1,2026-03-26T11:44:00.988,1,16.32,8,17.28,0.768,-0.6291,21.1033,26.5519,0.0153,-0.7402,7.1834,0.2877,2026-03-26T11:44:01.104,2026-03-26T10:32:05.25,19.1,19.1,19.1,19.1,2.0,1.0,2026-03-26T10:32:05.25,19.1,222,2026-03-26 11:43:45 EDT,580.77,0.9762900976290098,-2.3709902370990203,581.0,16.8,0.9600000000000009,5.714285714285719,1,888.5781,2110.33,62.91,76.8,0.0011,-0.03,0.06
QQQ,2026-03-31,567.0,PUT,5,-1,2026-03-26T11:44:00.979,25,2.71,16,2.74,-0.231,-0.5689,21.0573,-49.4971,0.0153,-0.7451,7.1998,0.2864,2026-03-26T11:44:01.104,2026-03-26T11:38:25.11,2.9,3.13,2.37,2.74,26.0,14.0,2026-03-26T11:38:25.11,2.74,222,2026-03-26 11:43:45 EDT,580.77,0.9762900976290098,-2.3709902370990203,581.0,2.725,0.03000000000000025,1.1009174311926697,419,-372314.2238999999,-882300.87,23836.909999999996,-9678.9,-0.0003,0.02,0.0
QQQ,2026-03-31,568.0,CALL,5,1,2026-03-26T11:44:00.962,1,15.56,4,16.51,0.7524,-0.6485,21.8679,27.2434,0.0159,-0.713,6.883,0.2872,2026-03-26T11:44:01.104,2026-03-18T14:54:05.122,32.8,32.8,32.8,32.8,7.0,1.0,2026-03-18T14:54:05.122,32.8,222,2026-03-26 11:43:45 EDT,580.77,0.9780119496530468,-2.198805034695315,581.0,16.035,0.9500000000000011,5.924540068599944,23,21238.7589,50296.17,1491.55,1730.52,0.002,-0.02,0.06
QQQ,2026-03-31,568.0,PUT,5,-1,2026-03-26T11:44:00.99,23,2.93,14,2.96,-0.2463,-0.5867,21.81,-48.6789,0.0159,-0.7199,6.9081,0.2855,2026-03-26T11:44:01.104,2026-03-26T11:40:46.583,3.1,3.41,2.38,2.93,80.0,23.0,2026-03-26T11:40:46.583,2.93,222,2026-03-26 11:43:45 EDT,580.77,0.9780119496530468,-2.198805034695315,581.0,2.9450000000000003,0.029999999999999805,1.0186757215619628,721,-665788.9203,-1572500.9999999998,42301.07,-17758.23,0.0001,0.02,0.0
QQQ,2026-03-31,569.0,CALL,5,1,2026-03-26T11:44:00.962,1,14.81,4,15.73,0.737,-0.6635,22.5694,28.0308,0.0165,-0.6856,6.5523,0.2855,2026-03-26T11:44:01.104,2026-03-24T15:57:46.462,18.89,18.89,18.89,18.89,40.0,1.0,2026-03-24T15:57:46.462,18.89,222,2026-03-26 11:43:45 EDT,580.77,0.9797338016770839,-2.02661983229161,581.0,15.27,0.9199999999999999,6.024885396201703,40,38330.82,90277.6,2654.0,2948.0,0.0014,-0.025,0.05
QQQ,2026-03-31,569.0,PUT,5,-1,2026-03-26T11:44:00.983,15,3.17,15,3.2,-0.2619,-0.6021,22.5213,-47.9777,0.0165,-0.692,6.5771,0.2839,2026-03-26T11:44:01.104,2026-03-26T11:43:32.379,3.43,3.62,2.72,3.15,111.0,37.0,2026-03-26T11:43:32.379,3.15,222,2026-03-26 11:43:45 EDT,580.77,0.9797338016770839,-2.02661983229161,581.0,3.185,0.03000000000000025,0.9419152276295211,1136,-1088595.288,-2558419.68,68398.56,-29751.840000000004,-0.0004,0.02,0.0
QQQ,2026-03-31,570.0,CALL,5,1,2026-03-26T11:44:00.962,20,14.31,21,14.88,0.7188,-0.6871,23.3304,28.6148,0.0169,-0.6404,6.1233,0.2871,2026-03-26T11:44:01.104,2026-03-26T11:05:33.676,16.42,16.69,15.14,15.38,18.0,7.0,2026-03-26T11:05:33.676,15.38,222,2026-03-26 11:43:45 EDT,580.77,0.981455653701121,-1.8544346298879042,581.0,14.595,0.5700000000000003,3.9054470709146987,7427,7289610.155099998,17327488.080000002,510309.17,533852.76,0.0022,0.0,0.0
QQQ,2026-03-31,570.0,PUT,5,-1,2026-03-26T11:44:00.986,11,3.43,23,3.45,-0.2784,-0.6183,23.2234,-47.1432,0.0171,-0.6566,6.189,0.283,2026-03-26T11:44:01.104,2026-03-26T11:40:46.612,3.7,4.01,2.85,3.41,2888.0,224.0,2026-03-26T11:40:46.612,3.41,222,2026-03-26 11:43:45 EDT,580.77,0.981455653701121,-1.8544346298879042,581.0,3.4400000000000004,0.020000000000000018,0.5813953488372098,15790,-15681312.693,-36669748.6,976295.6999999998,-439593.6,0.0,0.025,-0.01
QQQ,2026-03-31,571.0,CALL,5,1,2026-03-26T11:44:00.988,1,13.35,6,14.24,0.7036,-0.6937,23.9167,29.6129,0.0176,-0.6116,5.7349,0.2833,2026-03-26T11:44:01.104,,,,,,,,,,222,2026-03-26 11:43:45 EDT,580.77,0.983177505725158,-1.682249427484199,581.0,13.795,0.8900000000000006,6.4516129032258105,7,7155.0864,16741.69,485.59000000000003,492.52000000000004,0.0012,-0.03,0.06
QQQ,2026-03-31,571.0,PUT,5,-1,2026-03-26T11:44:00.99,13,3.69,13,3.72,-0.2954,-0.6325,23.8833,-46.3715,0.0177,-0.6173,5.7588,0.2818,2026-03-26T11:44:01.104,2026-03-26T11:42:19.293,3.41,3.94,3.0,3.73,57.0,28.0,2026-03-26T11:42:19.293,3.73,222,2026-03-26 11:43:45 EDT,580.77,0.983177505725158,-1.682249427484199,581.0,3.705,0.03000000000000025,0.8097165991902902,902,-927222.5358,-2154273.66,57051.5,-26645.08,0.0,0.02,0.0
QQQ,2026-03-31,572.0,CALL,5,1,2026-03-26T11:44:00.989,1,13.03,2,13.09,0.6865,-0.7046,24.5192,30.5092,0.0182,-0.5702,5.2708,0.2813,2026-03-26T11:44:01.104,2026-03-26T11:29:32.265,14.09,14.09,13.0,13.3,3.0,3.0,2026-03-26T11:29:32.265,13.3,222,2026-03-26 11:43:45 EDT,580.77,0.984899357749195,-1.5100642250804934,581.0,13.059999999999999,0.0600000000000005,0.459418070444108,10,10570.014,24519.2,704.6,686.5,-0.0005,-0.07,-0.02
QQQ,2026-03-31,572.0,PUT,5,-1,2026-03-26T11:44:00.976,21,3.98,14,4.01,-0.313,-0.6459,24.5075,-45.5735,0.0182,-0.5725,5.2806,0.2807,2026-03-26T11:44:01.104,2026-03-26T11:42:52.067,4.34,4.48,3.35,3.95,111.0,28.0,2026-03-26T11:42:52.067,3.95,222,2026-03-26 11:43:45 EDT,580.77,0.984899357749195,-1.5100642250804934,581.0,3.995,0.029999999999999805,0.7509386733416722,767,-810720.0738,-1879725.2499999998,49540.53,-24007.1,-0.0001,0.025,-0.01
QQQ,2026-03-31,573.0,CALL,5,1,2026-03-26T11:44:00.988,2,12.34,10,12.39,0.6683,-0.717,25.0991,31.3543,0.0187,-0.5203,4.7468,0.2803,2026-03-26T11:44:01.104,2026-03-26T11:27:48.883,13.39,13.39,12.39,12.46,3.0,3.0,2026-03-26T11:27:48.883,12.46,222,2026-03-26 11:43:45 EDT,580.77,0.9866212097732321,-1.337879022676788,581.0,12.365,0.05000000000000071,0.4043671653861764,10,10860.399,25099.1,717.0,668.3,-0.0002,-0.065,-0.03
QQQ,2026-03-31,573.0,PUT,5,-1,2026-03-26T11:44:00.988,12,4.28,13,4.31,-0.331,-0.6572,25.0838,-44.8217,0.0187,-0.5237,4.762,0.2794,2026-03-26T11:44:01.104,2026-03-26T11:41:42.577,4.61,4.67,3.53,4.24,226.0,41.0,2026-03-26T11:41:42.577,4.24,222,2026-03-26 11:43:45 EDT,580.77,0.9866212097732321,-1.337879022676788,581.0,4.295,0.02999999999999936,0.6984866123399153,430,-466997.15699999995,-1078603.4,28259.6,-14233.000000000002,-0.0001,0.025,-0.01
QQQ,2026-03-31,574.0,CALL,5,1,2026-03-26T11:44:00.963,2,11.66,2,11.71,0.65,-0.7259,25.6202,32.2928,0.0192,-0.4681,4.1919,0.2786,2026-03-26T11:44:01.104,2026-03-26T11:29:32.265,12.72,14.14,11.82,11.89,12.0,9.0,2026-03-26T11:29:32.265,11.89,222,2026-03-26 11:43:45 EDT,580.77,0.9883430617972692,-1.1656938202730827,581.0,11.685,0.05000000000000071,0.4278990158322697,15,16726.176,38430.3,1088.8500000000001,975.0,-0.0002,-0.06,-0.02
QQQ,2026-03-31,574.0,PUT,5,-1,2026-03-26T11:44:00.977,11,4.6,12,4.63,-0.3497,-0.6672,25.6134,-44.0556,0.0192,-0.4699,4.1999,0.2781,2026-03-26T11:44:01.104,2026-03-26T11:33:02.129,4.71,5.21,3.91,4.78,166.0,41.0,2026-03-26T11:33:02.129,4.78,222,2026-03-26 11:43:45 EDT,580.77,0.9883430617972692,-1.1656938202730827,581.0,4.615,0.03000000000000025,0.6500541711809371,747,-832963.5647999999,-1913320.98,49839.840000000004,-26122.590000000004,-0.0002,0.025,-0.01
QQQ,2026-03-31,575.0,CALL,5,1,2026-03-26T11:44:00.987,1,11.0,7,11.04,0.6309,-0.7344,26.0953,33.2226,0.0196,-0.4097,3.5909,0.2774,2026-03-26T11:44:01.104,2026-03-26T11:42:43.832,12.08,13.58,11.0,11.02,207.0,111.0,2026-03-26T11:42:43.832,11.02,222,2026-03-26 11:43:45 EDT,580.77,0.9900649138213062,-0.9935086178693773,581.0,11.02,0.03999999999999915,0.3629764065335676,1504,1712017.0368,3924733.12,110453.76000000001,94887.36,-0.0002,-0.06,-0.02
QQQ,2026-03-31,575.0,PUT,5,-1,2026-03-26T11:44:00.989,14,4.94,6,4.96,-0.3687,-0.6748,26.0872,-43.3427,0.0197,-0.4123,3.6022,0.2765,2026-03-26T11:44:01.104,2026-03-26T11:43:25.678,5.0,5.59,3.97,4.94,1569.0,240.0,2026-03-26T11:43:25.678,4.94,222,2026-03-26 11:43:45 EDT,580.77,0.9900649138213062,-0.9935086178693773,581.0,4.95,0.019999999999999574,0.40404040404039543,11188,-12800379.877199998,-29186359.359999996,754966.2399999999,-412501.56000000006,-0.0002,0.025,-0.01
QQQ,2026-03-31,576.0,CALL,5,1,2026-03-26T11:44:00.986,2,10.35,10,10.4,0.6114,-0.7404,26.5108,34.2147,0.02,-0.3478,2.9571,0.2758,2026-03-26T11:44:01.104,2026-03-26T11:33:19.927,11.37,12.91,10.22,10.22,57.0,19.0,2026-03-26T11:33:19.927,10.22,222,2026-03-26 11:43:45 EDT,580.77,0.9917867658453433,-0.8213234154656718,581.0,10.375,0.05000000000000071,0.4819277108433803,17,19746.18,45068.36,1258.6799999999998,1039.38,-0.0003,-0.055,-0.01
QQQ,2026-03-31,576.0,PUT,5,-1,2026-03-26T11:44:00.989,11,5.29,4,5.32,-0.3883,-0.6819,26.5079,-42.5502,0.0201,-0.3489,2.962,0.2753,2026-03-26T11:44:01.104,2026-03-26T11:42:41.796,5.54,5.75,4.44,5.32,130.0,29.0,2026-03-26T11:42:41.796,5.32,222,2026-03-26 11:43:45 EDT,580.77,0.9917867658453433,-0.8213234154656718,581.0,5.305,0.03000000000000025,0.5655042412818143,413,-482114.6000999999,-1094776.27,28162.469999999998,-16036.789999999999,0.0001,0.025,-0.01
QQQ,2026-03-31,577.0,CALL,5,1,2026-03-26T11:44:00.988,2,9.73,10,9.77,0.5914,-0.7458,26.8676,35.1929,0.0204,-0.2807,2.2855,0.2746,2026-03-26T11:44:01.104,2026-03-26T11:42:41.979,10.55,12.22,9.74,9.74,75.0,30.0,2026-03-26T11:42:41.979,9.74,222,2026-03-26 11:43:45 EDT,580.77,0.9935086178693804,-0.6491382130619663,581.0,9.75,0.03999999999999915,0.41025641025640147,24,28434.4992,64482.240000000005,1789.92,1419.36,0.0001,-0.05,-0.02
QQQ,2026-03-31,577.0,PUT,5,-1,2026-03-26T11:44:00.988,3,5.67,9,5.7,-0.4083,-0.686,26.8637,-41.8303,0.0205,-0.2825,2.2937,0.2738,2026-03-26T11:44:01.104,2026-03-26T11:34:26.538,5.66,6.25,4.76,5.97,189.0,59.0,2026-03-26T11:34:26.538,5.97,222,2026-03-26 11:43:45 EDT,580.77,0.9935086178693804,-0.6491382130619663,581.0,5.6850000000000005,0.03000000000000025,0.527704485488131,452,-538141.482,-1214239.24,31007.2,-18455.16,-0.0003,0.035,-0.01
QQQ,2026-03-31,578.0,CALL,5,1,2026-03-26T11:44:00.982,2,9.12,10,9.16,0.571,-0.7484,27.1564,36.2447,0.0207,-0.2106,1.5889,0.2731,2026-03-26T11:44:01.104,2026-03-26T11:42:42.147,10.15,11.6,9.14,9.14,114.0,26.0,2026-03-26T11:42:42.147,9.14,222,2026-03-26 11:43:45 EDT,580.77,0.9952304698934173,-0.4769530106582609,581.0,9.14,0.040000000000000924,0.43763676148797503,38,45683.3682,103194.32000000002,2843.92,2169.7999999999997,0.0001,-0.05,-0.02
QQQ,2026-03-31,578.0,PUT,5,-1,2026-03-26T11:44:00.991,3,6.06,3,6.09,-0.4287,-0.6886,27.1543,-41.0862,0.0208,-0.212,1.5947,0.2723,2026-03-26T11:44:01.104,2026-03-26T11:41:56.77,6.2,6.55,5.07,6.11,386.0,65.0,2026-03-26T11:41:56.77,6.11,222,2026-03-26 11:43:45 EDT,580.77,0.9952304698934173,-0.4769530106582609,581.0,6.074999999999999,0.03000000000000025,0.4938271604938313,545,-658360.872,-1479909.3499999999,37528.7,-23364.15,-0.0004,0.03,-0.02
QQQ,2026-03-31,579.0,CALL,5,1,2026-03-26T11:44:00.981,2,8.53,10,8.57,0.5503,-0.7488,27.3755,37.34,0.021,-0.1372,0.8682,0.2715,2026-03-26T11:44:01.104,2026-03-26T11:17:09.531,9.54,10.34,8.4,8.63,86.0,18.0,2026-03-26T11:17:09.531,8.63,222,2026-03-26 11:43:45 EDT,580.77,0.9969523219174544,-0.30476780825455546,581.0,8.55,0.040000000000000924,0.46783625730995226,39,47565.063,106764.44999999998,2920.32,2146.17,-0.0001,-0.05,-0.02
QQQ,2026-03-31,579.0,PUT,5,-1,2026-03-26T11:44:00.991,3,6.47,3,6.5,-0.4496,-0.69,27.375,-40.3012,0.0211,-0.1377,0.8702,0.2711,2026-03-26T11:44:01.104,2026-03-26T11:41:56.765,6.83,6.83,5.32,6.52,402.0,47.0,2026-03-26T11:41:56.765,6.52,222,2026-03-26 11:43:45 EDT,580.77,0.9969523219174544,-0.30476780825455546,581.0,6.484999999999999,0.03000000000000025,0.46260601387818434,722,-884756.6334,-1976475.0,49817.99999999999,-32461.12,0.0003,0.035,-0.01
QQQ,2026-03-31,580.0,CALL,5,1,2026-03-26T11:44:00.988,3,7.97,10,8.0,0.5292,-0.7473,27.5213,38.4729,0.0213,-0.0607,0.1279,0.2699,2026-03-26T11:44:01.104,2026-03-26T11:42:31.018,9.26,10.23,7.75,7.96,468.0,169.0,2026-03-26T11:42:31.018,7.96,222,2026-03-26 11:43:45 EDT,580.77,0.9986741739414915,-0.13258260585085005,581.0,7.984999999999999,0.03000000000000025,0.37570444583594553,1423,1760308.0622999999,3916280.99,106340.79,75305.16,-0.0001,-0.045,-0.01
QQQ,2026-03-31,580.0,PUT,5,-1,2026-03-26T11:44:00.991,10,6.9,20,6.93,-0.4707,-0.6885,27.5211,-39.5636,0.0213,-0.061,0.1287,0.2695,2026-03-26T11:44:01.104,2026-03-26T11:43:25.678,7.0,7.62,5.61,6.89,6058.0,835.0,2026-03-26T11:43:25.678,6.89,222,2026-03-26 11:43:45 EDT,580.77,0.9986741739414915,-0.13258260585085005,581.0,6.915,0.02999999999999936,0.43383947939261547,17191,-21265956.3591,-47311523.01,1183600.35,-809180.37,-0.0002,0.035,-0.01
QQQ,2026-03-31,581.0,CALL,5,1,2026-03-26T11:44:00.991,10,7.41,10,7.45,0.5078,-0.7436,27.5901,39.6446,0.0214,0.0181,-0.6259,0.2683,2026-03-26T11:44:01.104,2026-03-26T11:43:06.645,9.04,9.63,7.21,7.47,598.0,121.0,2026-03-26T11:43:06.645,7.47,222,2026-03-26 11:43:45 EDT,580.77,1.0003960259655285,0.03960259655285538,581.0,7.43,0.040000000000000036,0.5383580080753706,155,192641.40899999999,427646.55000000005,11525.800000000001,7870.900000000001,0.0002,-0.045,-0.01
QQQ,2026-03-31,581.0,PUT,5,-1,2026-03-26T11:44:00.991,19,7.35,2,7.38,-0.4921,-0.6838,27.5901,-38.8868,0.0215,0.0181,-0.6264,0.2676,2026-03-26T11:44:01.104,2026-03-26T11:43:56.883,7.57,8.09,6.16,7.34,1240.0,137.0,2026-03-26T11:43:56.883,7.34,222,2026-03-26 11:43:45 EDT,580.77,1.0003960259655285,0.03960259655285538,581.0,7.365,0.03000000000000025,0.4073319755600848,1373,-1714404.0014999998,-3788120.73,93885.74,-67565.32999999999,-0.0002,0.04,-0.02
QQQ,2026-03-31,582.0,CALL,5,1,2026-03-26T11:44:00.991,8,6.88,10,6.92,0.4862,-0.7378,27.5791,40.8656,0.0216,0.0989,-1.3875,0.2667,2026-03-26T11:44:01.104,2026-03-26T11:41:21.456,8.47,9.1,6.74,6.95,933.0,150.0,2026-03-26T11:41:21.456,6.95,222,2026-03-26 11:43:45 EDT,580.77,1.0021178779895656,0.2117877989565608,581.0,6.9,0.040000000000000036,0.5797101449275368,128,160571.2896,353012.48,9443.84,6223.360000000001,0.0002,-0.045,-0.01
QQQ,2026-03-31,582.0,PUT,5,-1,2026-03-26T11:44:00.988,10,7.81,2,7.85,-0.5138,-0.6778,27.5789,-38.1604,0.0216,0.0994,-1.3901,0.2659,2026-03-26T11:44:01.104,2026-03-26T11:43:56.887,7.59,8.45,6.4,7.82,550.0,133.0,2026-03-26T11:43:56.887,7.82,222,2026-03-26 11:43:45 EDT,580.77,1.0021178779895656,0.2117877989565608,581.0,7.83,0.040000000000000036,0.5108556832694768,730,-915758.136,-2013259.7000000002,49479.4,-37507.4,-0.0003,0.035,-0.01
QQQ,2026-03-31,583.0,CALL,5,1,2026-03-26T11:44:00.988,8,6.37,2,6.4,0.4644,-0.7296,27.4857,42.1389,0.0216,0.1811,-2.1506,0.265,2026-03-26T11:44:01.104,2026-03-26T11:38:20.687,7.21,8.43,6.2,6.49,575.0,98.0,2026-03-26T11:38:20.687,6.49,222,2026-03-26 11:43:45 EDT,580.77,1.0038397300136026,0.38397300136026624,581.0,6.385,0.03000000000000025,0.4698512137823062,357,447843.36240000004,981239.4900000001,26046.719999999998,16579.079999999998,0.0002,-0.045,-0.03
QQQ,2026-03-31,583.0,PUT,5,-1,2026-03-26T11:44:00.976,10,8.3,2,8.34,-0.5357,-0.6695,27.4849,-37.4398,0.0217,0.182,-2.1553,0.2642,2026-03-26T11:44:01.104,2026-03-26T11:37:53.813,8.44,9.08,6.78,8.44,814.0,187.0,2026-03-26T11:37:53.813,8.44,222,2026-03-26 11:43:45 EDT,580.77,1.0038397300136026,0.38397300136026624,581.0,8.32,0.03999999999999915,0.48076923076922046,1577,-1987447.2093,-4334368.7299999995,105580.15000000001,-84479.88999999998,-0.0003,0.035,-0.01
QQQ,2026-03-31,584.0,CALL,5,1,2026-03-26T11:44:00.988,9,5.88,3,5.91,0.4423,-0.718,27.3068,43.5424,0.0217,0.2648,-2.9126,0.2628,2026-03-26T11:44:01.104,2026-03-26T11:42:04.078,6.64,7.86,5.83,5.87,402.0,75.0,2026-03-26T11:42:04.078,5.87,222,2026-03-26 11:43:45 EDT,580.77,1.0055615820376398,0.5561582037639716,581.0,5.895,0.03000000000000025,0.5089058524173071,525,661642.2225,1433607.0,37695.0,23220.75,0.0001,-0.04,-0.02
QQQ,2026-03-31,584.0,PUT,5,-1,2026-03-26T11:44:00.991,10,8.81,3,8.85,-0.5578,-0.658,27.305,-36.7728,0.0217,0.266,-2.9188,0.2621,2026-03-26T11:44:01.104,2026-03-26T11:43:57.749,9.02,9.41,7.23,8.82,367.0,100.0,2026-03-26T11:43:57.749,8.82,222,2026-03-26 11:43:45 EDT,580.77,1.0055615820376398,0.5561582037639716,581.0,8.83,0.03999999999999915,0.4530011325028216,2862,-3606895.3158000004,-7814691.0,188319.6,-159642.36,-0.0007,0.04,-0.02
QQQ,2026-03-31,585.0,CALL,5,1,2026-03-26T11:44:00.981,14,5.41,31,5.44,0.4202,-0.7051,27.0417,44.9461,0.0216,0.3482,-3.6607,0.2609,2026-03-26T11:44:01.104,2026-03-26T11:39:01.297,6.81,7.38,5.3,5.47,1451.0,204.0,2026-03-26T11:39:01.297,5.47,222,2026-03-26 11:43:45 EDT,580.77,1.0072834340616768,0.7283434061676771,581.0,5.425000000000001,0.03000000000000025,0.5529953917050736,620,777767.1840000001,1676585.4,43716.2,26052.4,0.0,-0.035,-0.01
QQQ,2026-03-31,585.0,PUT,5,-1,2026-03-26T11:44:00.991,2,9.34,3,9.37,-0.58,-0.645,27.0384,-36.0683,0.0217,0.3498,-3.6686,0.2602,2026-03-26T11:44:01.104,2026-03-26T11:43:56.891,9.28,10.2,7.68,9.35,344.0,180.0,2026-03-26T11:43:56.891,9.35,222,2026-03-26 11:43:45 EDT,580.77,1.0072834340616768,0.7283434061676771,581.0,9.355,0.02999999999999936,0.3206841261357494,6586,-8300144.147400001,-17807490.24,424797.0,-381987.99999999994,-0.0004,0.04,-0.02
QQQ,2026-03-31,586.0,CALL,5,1,2026-03-26T11:44:00.987,10,4.95,15,4.99,0.398,-0.6899,26.6888,46.414,0.0215,0.431,-4.39,0.2589,2026-03-26T11:44:01.104,2026-03-26T11:41:41.276,5.63,6.81,4.83,5.02,496.0,84.0,2026-03-26T11:41:41.276,5.02,222,2026-03-26 11:43:45 EDT,580.77,1.0090052860857137,0.9005286085713826,581.0,4.970000000000001,0.040000000000000036,0.804828973843059,252,314661.1859999999,672557.76,17385.48,10029.6,-0.0001,-0.04,0.0
QQQ,2026-03-31,586.0,PUT,5,-1,2026-03-26T11:44:00.983,2,9.89,3,9.93,-0.6022,-0.6297,26.6836,-35.3678,0.0215,0.4331,-4.3995,0.2583,2026-03-26T11:44:01.104,2026-03-26T11:41:44.678,9.4,10.37,8.41,9.88,75.0,29.0,2026-03-26T11:41:44.678,9.88,222,2026-03-26 11:43:45 EDT,580.77,1.0090052860857137,0.9005286085713826,581.0,9.91,0.03999999999999915,0.4036326942482255,485,-605597.9174999999,-1294154.5999999999,30540.450000000004,-29206.7,-0.0004,0.05,-0.02
QQQ,2026-03-31,587.0,CALL,5,1,2026-03-26T11:44:00.988,11,4.52,10,4.56,0.3757,-0.6724,26.247,47.9632,0.0213,0.5127,-5.0942,0.2568,2026-03-26T11:44:01.104,2026-03-26T11:30:16.996,5.21,6.11,4.52,4.52,296.0,48.0,2026-03-26T11:30:16.996,4.52,222,2026-03-26 11:43:45 EDT,580.77,1.010727138109751,1.072713810975088,581.0,4.539999999999999,0.040000000000000036,0.8810572687224679,982,1214773.3782,2577455.4,66029.68,36893.74,0.0002,-0.035,-0.01
QQQ,2026-03-31,587.0,PUT,5,-1,2026-03-26T11:44:00.979,18,10.43,5,10.5,-0.6247,-0.6109,26.2353,-34.7203,0.0214,0.5165,-5.1109,0.2558,2026-03-26T11:44:01.104,2026-03-26T11:43:39.968,10.02,11.31,8.76,10.39,738.0,67.0,2026-03-26T11:43:39.968,10.39,222,2026-03-26 11:43:45 EDT,580.77,1.010727138109751,1.072713810975088,581.0,10.465,0.07000000000000028,0.6688963210702369,5382,-6689006.8596,-14119838.459999999,328786.38,-336213.54000000004,-0.0009,0.035,0.01
QQQ,2026-03-31,588.0,CALL,5,1,2026-03-26T11:44:00.991,10,4.11,4,4.14,0.3533,-0.6513,25.7089,49.697,0.0211,0.5943,-5.7734,0.2542,2026-03-26T11:44:01.104,2026-03-26T11:33:39.426,5.06,5.76,4.01,4.01,221.0,51.0,2026-03-26T11:33:39.426,4.01,222,2026-03-26 11:43:45 EDT,580.77,1.0124489901337879,1.2448990133787934,581.0,4.125,0.02999999999999936,0.7272727272727117,354,433800.3438,910095.06,23056.02,12506.82,-0.0003,-0.04,-0.02
QQQ,2026-03-31,588.0,PUT,5,-1,2026-03-26T11:44:00.974,10,11.04,3,11.09,-0.6468,-0.592,25.7051,-33.9974,0.0211,0.5953,-5.7778,0.254,2026-03-26T11:44:01.104,2026-03-26T11:31:49.554,11.0,11.61,9.2,11.3,190.0,46.0,2026-03-26T11:31:49.554,11.3,222,2026-03-26 11:43:45 EDT,580.77,1.0124489901337879,1.2448990133787934,581.0,11.065,0.05000000000000071,0.451875282422058,683,-836965.0701,-1755658.3300000003,40433.6,-44176.44,-0.0002,0.05,-0.02
QQQ,2026-03-31,589.0,CALL,5,1,2026-03-26T11:44:00.99,12,3.72,5,3.75,0.3311,-0.6291,25.0857,51.4367,0.0208,0.6717,-6.4056,0.2519,2026-03-26T11:44:01.104,2026-03-26T11:35:54.664,4.49,5.27,3.64,3.72,1108.0,64.0,2026-03-26T11:35:54.664,3.72,222,2026-03-26 11:43:45 EDT,580.77,1.014170842157825,1.4170842157824988,581.0,3.7350000000000003,0.029999999999999805,0.8032128514056172,391,472328.6255999999,980850.87,24597.809999999998,12946.010000000002,-0.0003,-0.035,-0.01
QQQ,2026-03-31,589.0,PUT,5,-1,2026-03-26T11:44:00.986,2,11.65,2,11.7,-0.6689,-0.5699,25.082,-33.3185,0.0208,0.6726,-6.409,0.2517,2026-03-26T11:44:01.104,2026-03-26T11:26:11.538,11.5,12.08,9.69,11.61,253.0,41.0,2026-03-26T11:26:11.538,11.61,222,2026-03-26 11:43:45 EDT,580.77,1.014170842157825,1.4170842157824988,581.0,11.675,0.049999999999998934,0.4282655246252585,1066,-1287729.7056,-2673741.2,60751.34,-71304.74,-0.0007,0.045,-0.03
QQQ,2026-03-31,590.0,CALL,5,1,2026-03-26T11:44:00.991,23,3.36,22,3.39,0.3091,-0.6048,24.373,53.2815,0.0204,0.7457,-6.9898,0.2495,2026-03-26T11:44:01.104,2026-03-26T11:41:46.052,4.0,4.91,3.22,3.35,8140.0,556.0,2026-03-26T11:41:46.052,3.35,222,2026-03-26 11:43:45 EDT,580.77,1.015892694181862,1.5892694181862042,581.0,3.375,0.03000000000000025,0.8888888888888962,2862,3390814.0296000005,6975552.6,173093.76,88464.42,-0.0003,-0.03,0.0
QQQ,2026-03-31,590.0,PUT,5,-1,2026-03-26T11:44:00.99,16,12.28,3,12.33,-0.691,-0.5454,24.3683,-32.6533,0.0204,0.7466,-6.9933,0.2493,2026-03-26T11:44:01.104,2026-03-26T11:43:22.007,11.89,13.0,10.37,12.26,310.0,95.0,2026-03-26T11:43:22.007,12.26,222,2026-03-26 11:43:45 EDT,580.77,1.015892694181862,1.5892694181862042,581.0,12.305,0.05000000000000071,0.4063388866314564,11645,-13796655.966,-28376885.35,635118.3,-804669.5,-0.0007,0.045,-0.03
QQQ,2026-03-31,591.0,CALL,5,1,2026-03-26T11:44:00.99,13,3.01,42,3.04,0.2876,-0.5797,23.5856,55.1238,0.0199,0.813,-7.5101,0.2473,2026-03-26T11:44:01.104,2026-03-26T11:35:02.828,3.6,4.38,2.92,2.92,164.0,57.0,2026-03-26T11:35:02.828,2.92,222,2026-03-26 11:43:45 EDT,580.77,1.0176145462058992,1.7614546205899098,581.0,3.025,0.03000000000000025,0.9917355371900909,431,498120.62130000006,1016539.36,24985.07,12395.560000000001,0.0,-0.025,-0.01
QQQ,2026-03-31,591.0,PUT,5,-1,2026-03-26T11:44:00.99,4,12.13,6,13.37,-0.7196,-0.4939,23.297,-32.7814,0.0204,0.8613,-7.677,0.2386,2026-03-26T11:44:01.104,2026-03-26T11:22:51.545,12.68,13.25,10.95,12.93,98.0,36.0,2026-03-26T11:22:51.545,12.93,222,2026-03-26 11:43:45 EDT,580.77,1.0176145462058992,1.7614546205899098,581.0,12.75,1.2399999999999984,9.72549019607842,651,-771285.7908,-1516634.7,32152.890000000003,-46845.96,-0.0072,-0.125,0.39
QQQ,2026-03-31,592.0,CALL,5,1,2026-03-26T11:44:00.99,15,2.68,10,2.71,0.2659,-0.5513,22.699,57.218,0.0193,0.8775,-7.9763,0.2446,2026-03-26T11:44:01.104,2026-03-26T11:32:37.152,3.22,3.98,2.59,2.59,164.0,61.0,2026-03-26T11:32:37.152,2.59,222,2026-03-26 11:43:45 EDT,580.77,1.0193363982299362,1.9336398229936151,581.0,2.6950000000000003,0.029999999999999805,1.113172541743963,470,526816.4670000001,1066853.0,25911.1,12497.300000000001,0.0,-0.03,-0.0
QQQ,2026-03-31,592.0,PUT,5,-1,2026-03-26T11:44:00.985,10,12.72,3,15.33,-0.7197,-0.5459,23.2967,-29.8131,0.0185,0.7886,-7.6717,0.2618,2026-03-26T11:44:01.104,2026-03-26T10:52:56.976,11.94,13.5,11.54,13.5,68.0,16.0,2026-03-26T10:52:56.976,13.5,222,2026-03-26 11:43:45 EDT,580.77,1.0193363982299362,1.9336398229936151,581.0,14.025,2.6099999999999994,18.60962566844919,501,-538286.6745,-1167164.6700000002,27349.59,-36056.97,0.0009,0.07,-0.14
QQQ,2026-03-31,593.0,CALL,5,1,2026-03-26T11:44:00.99,15,2.38,49,2.41,0.2446,-0.5212,21.7286,59.4511,0.0187,0.9357,-8.3711,0.2417,2026-03-26T11:44:01.104,2026-03-26T11:41:47.43,2.87,3.62,2.3,2.36,148.0,42.0,2026-03-26T11:41:47.43,2.36,222,2026-03-26 11:43:45 EDT,580.77,1.0210582502539731,2.1058250253973205,581.0,2.395,0.03000000000000025,1.2526096033403027,215,233498.57849999997,467164.9,11205.8,5258.900000000001,-0.0001,-0.02,0.0
QQQ,2026-03-31,593.0,PUT,5,-1,2026-03-26T11:43:57.569,3,13.79,3,14.74,-0.7577,-0.454,21.6152,-30.8599,0.0188,0.95,-8.4112,0.2392,2026-03-26T11:44:01.104,2026-03-26T11:41:47.43,13.8,14.42,11.97,14.25,55.0,35.0,2026-03-26T11:41:47.43,14.25,222,2026-03-26 11:43:45 EDT,580.77,1.0210582502539731,2.1058250253973205,581.0,14.265,0.9500000000000011,6.6596565019278025,1137,-1241430.7212000003,-2457648.24,51619.799999999996,-86150.49,0.0045,0.155,-0.27
QQQ,2026-03-31,594.0,CALL,5,1,2026-03-26T11:44:00.991,17,2.1,8,2.12,0.2241,-0.4909,20.7007,61.6935,0.018,0.9843,-8.6812,0.2391,2026-03-26T11:44:01.104,2026-03-26T11:41:07.51,2.97,3.2,2.03,2.17,90.0,34.0,2026-03-26T11:41:07.51,2.17,222,2026-03-26 11:43:45 EDT,580.77,1.0227801022780103,2.278010227801026,581.0,2.1100000000000003,0.020000000000000018,0.9478672985781998,320,334523.51999999996,662422.4,15708.8,7171.200000000001,-0.0002,-0.02,0.0
QQQ,2026-03-31,594.0,PUT,5,-1,2026-03-26T11:44:00.989,17,14.12,5,15.4,-0.7879,-0.3929,20.0477,-30.9403,0.0184,1.0538,-8.8326,0.2272,2026-03-26T11:44:01.104,2026-03-26T10:55:02.13,14.88,16.0,13.15,16.0,18.0,4.0,2026-03-26T10:55:02.13,16.0,222,2026-03-26 11:43:45 EDT,580.77,1.0227801022780103,2.278010227801026,581.0,14.76,1.2800000000000011,8.672086720867217,1013,-1082508.8183999998,-2030832.0099999998,39800.77,-79814.27,0.0002,0.025,-0.23
QQQ,2026-03-31,595.0,CALL,5,1,2026-03-26T11:44:00.991,29,1.84,25,1.86,0.2041,-0.4593,19.6046,64.083,0.0173,1.0246,-8.9081,0.2365,2026-03-26T11:44:01.104,2026-03-26T11:42:06.448,2.68,2.93,1.77,1.83,5079.0,418.0,2026-03-26T11:42:06.448,1.83,222,2026-03-26 11:43:45 EDT,580.77,1.0245019543020473,2.4501954302047313,581.0,1.85,0.020000000000000018,1.081081081081082,1429,1435762.1708999998,2801497.3400000003,65633.97,29165.890000000003,-0.0003,-0.02,0.0
QQQ,2026-03-31,595.0,PUT,5,-1,2026-03-26T11:43:57.682,42,15.47,24,16.22,-0.7924,-0.4111,19.7981,-29.0565,0.0172,1.0065,-8.8742,0.2398,2026-03-26T11:44:01.104,2026-03-26T11:41:47.44,15.65,16.3,13.4,15.9,41.0,23.0,2026-03-26T11:41:47.44,15.9,222,2026-03-26 11:43:45 EDT,580.77,1.0245019543020473,2.4501954302047313,581.0,15.844999999999999,0.7499999999999982,4.733354370463857,20164,-20142311.601600002,-39920888.84,828942.04,-1597795.36,0.0073,0.205,0.41
QQQ,2026-03-31,596.0,CALL,5,1,2026-03-26T11:44:00.99,19,1.6,9,1.62,0.1847,-0.4268,18.4468,66.6339,0.0164,1.0559,-9.0466,0.2337,2026-03-26T11:44:01.104,2026-03-26T11:28:45.616,2.01,2.54,1.66,1.7,357.0,63.0,2026-03-26T11:28:45.616,1.7,222,2026-03-26 11:43:45 EDT,580.77,1.0262238063260845,2.622380632608437,581.0,1.61,0.020000000000000018,1.2422360248447215,440,419083.63200000004,811659.2,18779.2,8126.8,-0.0003,-0.02,0.0
QQQ,2026-03-31,596.0,PUT,5,-1,2026-03-26T11:44:00.989,12,16.06,12,16.99,-0.8159,-0.3652,18.4026,-28.6865,0.0165,1.0593,-9.0502,0.233,2026-03-26T11:44:01.104,2026-03-26T11:42:37.298,16.39,16.53,14.43,16.53,32.0,8.0,2026-03-26T11:42:37.298,16.53,222,2026-03-26 11:43:45 EDT,580.77,1.0262238063260845,2.622380632608437,581.0,16.525,0.9299999999999997,5.627836611195158,522,-500217.20099999994,-960615.72,19063.44,-42589.979999999996,-0.0014,0.035,0.05
QQQ,2026-03-31,597.0,CALL,5,1,2026-03-26T11:44:00.986,40,1.38,82,1.4,0.166,-0.3937,17.2397,69.3372,0.0156,1.0769,-9.0924,0.2308,2026-03-26T11:44:01.104,2026-03-26T11:43:53.651,1.96,2.26,1.39,1.42,353.0,90.0,2026-03-26T11:43:53.651,1.42,222,2026-03-26 11:43:45 EDT,580.77,1.0279456583501214,2.7945658350121425,581.0,1.39,0.020000000000000018,1.4388489208633108,446,404076.5351999999,768890.62,17559.02,7403.6,-0.0005,-0.02,0.0
QQQ,2026-03-31,597.0,PUT,5,-1,2026-03-26T11:44:00.209,25,16.38,25,17.74,-0.8508,-0.2837,16.0697,-28.9636,0.0155,1.1477,-9.0548,0.2156,2026-03-26T11:44:01.104,2026-03-26T11:26:44.385,14.54,17.19,14.54,17.19,2.0,2.0,2026-03-26T11:26:44.385,17.19,222,2026-03-26 11:43:45 EDT,580.77,1.0279456583501214,2.7945658350121425,581.0,17.06,1.3599999999999994,7.9718640093786615,257,-231349.72949999996,-412991.29000000004,7291.09,-21865.559999999998,0.0006,0.065,-0.09
QQQ,2026-03-31,598.0,CALL,5,1,2026-03-26T11:44:00.99,31,1.19,95,1.21,0.1486,-0.362,16.0321,71.9914,0.0146,1.0851,-9.0461,0.2283,2026-03-26T11:44:01.104,2026-03-26T11:43:55.292,1.57,1.96,1.17,1.21,215.0,64.0,2026-03-26T11:43:55.292,1.21,222,2026-03-26 11:43:45 EDT,580.77,1.0296675103741584,2.9667510374158477,581.0,1.2,0.020000000000000018,1.6666666666666683,1004,851315.8968,1609622.84,36344.799999999996,14919.44,0.0,-0.01,0.0
QQQ,2026-03-31,598.0,PUT,5,-1,2026-03-26T11:43:59.324,1,17.17,1,18.55,-0.8703,-0.246,14.6079,-28.3003,0.0144,1.1517,-8.8883,0.2114,2026-03-26T11:44:01.104,2026-03-26T10:43:27.957,16.0,17.0,16.0,17.0,3.0,3.0,2026-03-26T10:43:27.957,17.0,222,2026-03-26 11:43:45 EDT,580.77,1.0296675103741584,2.9667510374158477,581.0,17.86,1.379999999999999,7.726763717805146,538,-449934.1343999999,-785905.02,13234.8,-46822.14,-0.0047,-0.015,-0.09
QQQ,2026-03-31,599.0,CALL,5,1,2026-03-26T11:44:00.986,74,1.01,161,1.03,0.1317,-0.329,14.7667,74.994,0.0136,1.0842,-8.9059,0.2254,2026-03-26T11:44:01.104,2026-03-26T11:42:53.63,1.39,1.78,1.04,1.04,262.0,88.0,2026-03-26T11:42:53.63,1.04,222,2026-03-26 11:43:45 EDT,580.77,1.0313893623981956,3.138936239819553,581.0,1.02,0.020000000000000018,1.960784313725492,480,379126.65599999996,708801.6,15792.000000000002,6321.6,0.0,-0.01,0.0
QQQ,2026-03-31,599.0,PUT,5,-1,2026-03-26T11:44:00.068,4,18.01,3,19.38,-0.8882,-0.2103,13.1557,-27.6009,0.0132,1.1382,-8.6053,0.2075,2026-03-26T11:44:01.104,2026-03-26T11:16:44.328,17.04,19.0,16.46,19.0,37.0,8.0,2026-03-26T11:16:44.328,19.0,222,2026-03-26 11:43:45 EDT,580.77,1.0313893623981956,3.138936239819553,581.0,18.695,1.3699999999999974,7.328162610323602,1057,-810313.5348,-1390557.49,22228.71,-93882.74,-0.0053,-0.005,0.05
QQQ,2026-03-31,600.0,CALL,5,1,2026-03-26T11:44:00.99,31,0.86,169,0.88,0.1165,-0.2989,13.5568,77.7882,0.0126,1.0699,-8.6881,0.2232,2026-03-26T11:44:01.104,2026-03-26T11:43:14.408,1.37,1.55,0.83,0.88,907.0,227.0,2026-03-26T11:43:14.408,0.88,222,2026-03-26 11:43:45 EDT,580.77,1.0331112144222325,3.311121442223259,581.0,0.87,0.020000000000000018,2.2988505747126458,6847,5010430.5594,9282340.959999999,204656.83,79767.55,0.0006,-0.005,0.01
QQQ,2026-03-31,600.0,PUT,5,-1,2026-03-26T11:44:00.975,4,18.85,4,20.25,-0.904,-0.178,11.7764,-26.8559,0.012,1.1075,-8.2318,0.2043,2026-03-26T11:44:01.104,2026-03-26T11:37:36.971,19.09,20.48,15.96,20.1,419.0,36.0,2026-03-26T11:37:36.971,20.1,222,2026-03-26 11:43:45 EDT,580.77,1.0331112144222325,3.311121442223259,581.0,19.55,1.3999999999999986,7.161125319693087,12471,-8691339.204,-14686348.440000001,221983.8,-1127378.4,-0.0068,-0.02,0.0
QQQ,2026-03-31,601.0,CALL,5,1,2026-03-26T11:44:00.962,127,0.72,120,0.74,0.1018,-0.2676,12.3006,81.0243,0.0116,1.0465,-8.3789,0.2204,2026-03-26T11:44:01.104,2026-03-26T11:43:54.876,1.04,1.27,0.73,0.74,248.0,56.0,2026-03-26T11:43:54.876,0.74,222,2026-03-26 11:43:45 EDT,580.77,1.0348330664462697,3.483306644626964,581.0,0.73,0.020000000000000018,2.739726027397263,876,590155.2431999999,1077532.56,23441.76,8917.68,-0.0003,-0.01,0.0
QQQ,2026-03-31,601.0,PUT,5,-1,2026-03-26T11:43:53.654,5,19.71,5,21.02,-0.9259,-0.1261,9.696,-26.4127,0.0104,1.0605,-7.4805,0.1942,2026-03-26T11:44:01.104,2026-03-25T15:13:35.838,12.85,15.82,12.85,15.82,9.0,5.0,2026-03-25T15:13:35.838,15.82,222,2026-03-26 11:43:45 EDT,580.77,1.0348330664462697,3.483306644626964,581.0,20.365000000000002,1.3099999999999987,6.432604959489313,1094,-660776.8751999999,-1060742.4,13795.339999999998,-101293.45999999999,-0.0055,0.01,-0.16
QQQ,2026-03-31,602.0,CALL,5,1,2026-03-26T11:44:00.99,5,0.61,123,0.62,0.0885,-0.2387,11.0973,84.2181,0.0106,1.0123,-8.0043,0.218,2026-03-26T11:44:01.104,2026-03-26T11:40:15.35,0.99,1.12,0.63,0.63,132.0,42.0,2026-03-26T11:40:15.35,0.63,222,2026-03-26 11:43:45 EDT,580.77,1.0365549184703067,3.6554918470306696,581.0,0.615,0.010000000000000009,1.6260162601626031,1372,844625.4263999999,1522549.56,32749.64,12142.199999999999,-0.0002,-0.005,-0.01
QQQ,2026-03-31,602.0,PUT,5,-1,2026-03-26T11:43:54.152,12,21.23,12,21.81,-0.9124,-0.1756,11.005,-24.6255,0.0105,1.0128,-7.9725,0.217,2026-03-26T11:44:01.104,2026-03-26T09:40:52.89,21.8,21.8,21.48,21.48,2.0,2.0,2026-03-26T09:40:52.89,21.48,222,2026-03-26 11:43:45 EDT,580.77,1.0365549184703067,3.6554918470306696,581.0,21.52,0.5799999999999983,2.6951672862453453,851,-518947.0335000001,-936525.5000000001,14943.56,-77645.24,-0.0057,0.0,0.0
QQQ,2026-03-31,603.0,CALL,5,1,2026-03-26T11:44:00.99,150,0.5,310,0.52,0.0767,-0.2121,9.9616,87.3384,0.0096,0.9691,-7.5804,0.2159,2026-03-26T11:44:01.104,2026-03-26T11:43:14.408,0.83,0.93,0.48,0.52,1250.0,111.0,2026-03-26T11:43:14.408,0.52,222,2026-03-26 11:43:45 EDT,580.77,1.0382767704943439,3.827677049434375,581.0,0.51,0.020000000000000018,3.921568627450984,848,472793.2415999999,844743.6800000002,17986.08,6504.16,0.0006,-0.005,0.01
QQQ,2026-03-31,604.0,CALL,5,1,2026-03-26T11:44:00.99,5,0.42,315,0.43,0.0657,-0.1862,8.846,90.7419,0.0086,0.9182,-7.097,0.2136,2026-03-26T11:44:01.104,2026-03-26T11:40:55.42,0.64,0.79,0.43,0.43,452.0,65.0,2026-03-26T11:40:55.42,0.43,222,2026-03-26 11:43:45 EDT,580.77,1.0399986225183808,3.99986225183808,581.0,0.425,0.010000000000000009,2.35294117647059,1690,844091.1180000001,1494974.0,31467.8,11103.3,0.0005,0.0,0.0
QQQ,2026-03-31,604.0,PUT,5,-1,2026-03-26T11:43:39.429,5,22.78,5,23.71,-0.9451,-0.0925,7.6809,-23.6188,0.0079,0.8938,-6.5213,0.2016,2026-03-26T11:44:01.104,2026-03-26T10:56:20.825,20.78,23.7,20.78,23.7,17.0,2.0,2026-03-26T10:56:20.825,23.7,222,2026-03-26 11:43:45 EDT,580.77,1.0399986225183808,3.99986225183808,581.0,23.245,0.9299999999999997,4.000860400086038,783,-359246.89890000003,-601414.47,7242.749999999999,-74001.33,-0.0138,-0.045,-0.09
QQQ,2026-03-31,605.0,CALL,5,1,2026-03-26T11:44:00.981,259,0.34,794,0.36,0.0565,-0.1643,7.8644,93.7184,0.0077,0.8626,-6.6146,0.2121,2026-03-26T11:44:01.104,2026-03-26T11:40:55.42,0.5,0.68,0.34,0.36,689.0,89.0,2026-03-26T11:40:55.42,0.36,222,2026-03-26 11:43:45 EDT,580.77,1.0417204745424178,4.172047454241786,581.0,0.35,0.019999999999999962,5.714285714285704,5191,2321378.3438999997,4082410.0399999996,85288.13,29329.149999999998,0.0005,-0.005,0.01
QQQ,2026-03-31,606.0,PUT,5,-1,2026-03-26T11:43:53.663,5,24.94,5,25.62,-0.9437,-0.1096,7.8364,-21.681,0.0074,0.8288,-6.5977,0.2204,2026-03-26T11:44:01.104,2026-03-26T11:25:08.374,24.74,25.11,22.83,25.11,8.0,7.0,2026-03-26T11:25:08.374,25.11,222,2026-03-26 11:43:45 EDT,580.77,1.043442326566455,4.344232656645492,581.0,25.28,0.6799999999999997,2.689873417721518,1881,-808396.9938,-1474026.84,20615.760000000002,-177509.97,-0.0127,-0.045,-0.09
QQQ,2026-03-31,610.0,PUT,5,-1,2026-03-26T11:43:53.659,5,28.25,8,30.87,-0.9248,-0.2091,9.8107,-18.1698,0.0073,0.7443,-7.5109,0.2803,2026-03-26T11:44:01.104,2026-03-26T11:13:23.06,28.0,29.2,26.04,28.46,247.0,11.0,2026-03-26T11:13:23.06,28.46,222,2026-03-26 11:43:45 EDT,580.77,1.050329734662603,5.032973466260312,581.0,29.560000000000002,2.620000000000001,8.863328822733427,4791,-2031202.4211,-4700306.370000001,100179.81000000001,-443071.68,-0.0065,0.0,0.0
SPXW,2026-03-26,6470.0,PUT,0,-1,2026-03-26T11:43:46.342,312,0.9,38,0.95,-0.0525,-12.8832,15.4903,-361.4432,0.0025,-0.5836,177.0388,0.2967,2026-03-26T11:43:46,2026-03-26T11:43:21.829,2.6,8.6,0.77,0.95,23149.0,7660.0,2026-03-26T11:43:21.829,0.95,222,2026-03-26 11:43:45 EDT,6538.81,0.989476678478194,-1.0523321521806015,6540.0,0.925,0.04999999999999993,5.405405405405398,4210,-6882097.525,-6521416.3,5423827.2,-22102.5,-0.0004,0.0,0.0
SPXW,2026-03-26,6475.0,PUT,0,-1,2026-03-26T11:43:46.361,247,1.1,240,1.15,-0.0617,-14.2777,17.597,-360.5534,0.0029,-0.6455,191.0302,0.2895,2026-03-26T11:43:46,2026-03-26T11:43:47.053,3.2,9.6,0.95,1.15,21735.0,6319.0,2026-03-26T11:43:47.053,1.15,222,2026-03-26 11:43:45 EDT,6538.81,0.9902413436083936,-0.9758656391606484,6540.0,1.125,0.04999999999999982,4.444444444444429,3034,-5753237.366599999,-5338929.8,4331854.18,-18719.78,-0.0026,0.0,0.0
SPXW,2026-03-26,6480.0,CALL,0,1,2026-03-26T11:43:46.328,5,59.9,2,60.5,0.9446,-12.2801,16.131,103.2968,0.003,-0.6899,181.4773,0.2574,2026-03-26T11:43:46,2026-03-26T11:39:21.214,65.11,93.99,58.57,61.9,200.0,80.0,2026-03-26T11:39:21.214,61.9,222,2026-03-26 11:43:45 EDT,6538.81,0.991006008738593,-0.8993991261406953,6540.0,60.2,0.6000000000000014,0.9966777408637897,73,143199.939,117756.30000000002,89644.73,6895.58,-0.0265,-0.85,0.3
SPXW,2026-03-26,6480.0,PUT,0,-1,2026-03-26T11:43:46.377,17,1.35,236,1.4,-0.0754,-16.4431,20.5201,-352.345,0.0034,-0.7108,207.7112,0.286,2026-03-26T11:43:46,2026-03-26T11:43:32.268,3.2,10.51,1.15,1.4,21296.0,7385.0,2026-03-26T11:43:32.268,1.4,222,2026-03-26 11:43:45 EDT,6538.81,0.991006008738593,-0.8993991261406953,6540.0,1.375,0.04999999999999982,3.636363636363624,1729,-3843904.8466,-3547925.29,2843011.99,-13036.659999999998,-0.0002,0.025,-0.05
SPXW,2026-03-26,6485.0,CALL,0,1,2026-03-26T11:43:46.364,5,55.2,1,55.7,0.9286,-14.7671,19.6665,110.2082,0.0036,-0.776,203.1617,0.2563,2026-03-26T11:43:46,2026-03-26T11:32:27.699,56.69,86.95,53.7,53.7,116.0,42.0,2026-03-26T11:32:27.699,53.7,222,2026-03-26 11:43:45 EDT,6538.81,0.9917706738687926,-0.8229326131207421,6540.0,55.45,0.5,0.9017132551848512,46,108282.69360000001,90465.9,67928.65999999999,4271.56,-0.023,-0.85,0.1
SPXW,2026-03-26,6485.0,PUT,0,-1,2026-03-26T11:43:46.377,121,1.65,214,1.7,-0.0908,-18.6157,23.6086,-345.5567,0.004,-0.7722,222.0095,0.2814,2026-03-26T11:43:46,2026-03-26T11:43:45.033,4.02,11.59,1.4,1.7,20890.0,6921.0,2026-03-26T11:43:45.033,1.7,222,2026-03-26 11:43:45 EDT,6538.81,0.9917706738687926,-0.8229326131207421,6540.0,1.6749999999999998,0.050000000000000044,2.985074626865675,1762,-4608553.288000001,-4159835.32,3280086.3400000003,-15998.960000000003,0.0001,0.025,-0.05
SPXW,2026-03-26,6490.0,CALL,0,1,2026-03-26T11:43:46.364,5,50.7,1,51.1,0.9085,-17.6461,23.7201,117.6436,0.0044,-0.8515,222.4621,0.2559,2026-03-26T11:43:46,2026-03-26T11:42:58.446,57.31,83.2,48.61,51.4,272.0,112.0,2026-03-26T11:42:58.446,51.4,222,2026-03-26 11:43:45 EDT,6538.81,0.9925353389989922,-0.746466100100789,6540.0,50.900000000000006,0.3999999999999986,0.7858546168958714,47,135222.5908,111484.46999999999,82936.67,4269.95,-0.0201,-0.85,0.1
SPXW,2026-03-26,6490.0,PUT,0,-1,2026-03-26T11:43:46.362,271,2.0,215,2.1,-0.1088,-20.8679,26.9378,-338.9806,0.0046,-0.8274,233.6581,0.2766,2026-03-26T11:43:46,2026-03-26T11:43:46.992,4.5,12.57,1.6,2.05,32327.0,11121.0,2026-03-26T11:43:47.852,2.15,222,2026-03-26 11:43:45 EDT,6538.81,0.9925353389989922,-0.746466100100789,6540.0,2.05,0.10000000000000009,4.87804878048781,1867,-5615660.804200001,-5029287.26,3896036.9299999997,-20312.96,0.0,0.025,0.05
SPXW,2026-03-26,6495.0,CALL,0,1,2026-03-26T11:43:46.254,1,46.3,1,46.6,0.8831,-21.0359,28.3411,125.4002,0.0052,-0.9054,237.3904,0.2569,2026-03-26T11:43:46,2026-03-26T11:42:18.728,61.1,79.67,44.5,46.0,211.0,130.0,2026-03-26T11:42:18.728,46.0,222,2026-03-26 11:43:45 EDT,6538.81,0.9933000041291916,-0.6699995870808358,6540.0,46.45,0.30000000000000426,0.6458557588805258,28,95205.07360000002,79355.08,58900.520000000004,2472.6800000000003,-0.0144,-0.5,-0.4
SPXW,2026-03-26,6495.0,PUT,0,-1,2026-03-26T11:43:46.376,114,2.5,20,2.55,-0.131,-23.4812,30.7185,-329.7165,0.0053,-0.8691,242.0998,0.273,2026-03-26T11:43:46,2026-03-26T11:43:46.801,4.1,14.0,1.85,2.55,19450.0,7397.0,2026-03-26T11:43:46.801,2.55,222,2026-03-26 11:43:45 EDT,6538.81,0.9933000041291916,-0.6699995870808358,6540.0,2.525,0.04999999999999982,1.9801980198019733,1974,-6841033.7982,-6063831.899999999,4635188.88,-25859.399999999998,0.0011,0.05,0.0
SPXW,2026-03-26,6500.0,CALL,0,1,2026-03-26T11:43:46.407,9,41.7,2,42.2,0.8575,-23.7192,32.5122,134.7955,0.0061,-0.9449,244.2634,0.2535,2026-03-26T11:43:46,2026-03-26T11:43:16.51,91.52,91.52,39.86,43.0,775.0,473.0,2026-03-26T11:43:16.51,43.0,222,2026-03-26 11:43:45 EDT,6538.81,0.9940646692593912,-0.5935330740608826,6540.0,41.95,0.5,1.1918951132300357,308,1228511.6228,1001375.7600000001,730551.36,26411.0,-0.0133,-0.8,0.2
SPXW,2026-03-26,6500.0,PUT,0,-1,2026-03-26T11:43:46.376,12,3.1,194,3.2,-0.1568,-26.1177,34.6654,-320.5006,0.0061,-0.8936,245.238,0.2691,2026-03-26T11:43:46,2026-03-26T11:43:46.154,5.3,15.4,2.11,3.1,48793.0,19104.0,2026-03-26T11:43:46.154,3.1,222,2026-03-26 11:43:45 EDT,6538.81,0.9940646692593912,-0.5935330740608826,6540.0,3.1500000000000004,0.10000000000000009,3.174603174603177,3261,-13007066.240100002,-11304386.94,8516981.969999999,-51132.479999999996,0.001,0.1,0.0
SPXW,2026-03-26,6505.0,CALL,0,1,2026-03-26T11:43:46.281,4,37.5,1,37.9,0.8268,-26.5883,36.9582,144.9579,0.007,-0.9556,244.1987,0.2508,2026-03-26T11:43:46,2026-03-26T11:43:30.758,69.2,71.69,36.2,37.6,416.0,188.0,2026-03-26T11:43:30.758,37.6,222,2026-03-26 11:43:45 EDT,6538.81,0.9948293343895908,-0.5170665610409295,6540.0,37.7,0.3999999999999986,1.0610079575596778,33,151046.511,121962.06,87741.39,2728.4399999999996,-0.0124,-0.75,0.1
SPXW,2026-03-26,6505.0,PUT,0,-1,2026-03-26T11:43:46.363,125,3.8,146,3.9,-0.1871,-28.895,38.8121,-309.7526,0.0069,-0.8918,241.7111,0.266,2026-03-26T11:43:46,2026-03-26T11:43:46.838,5.3,16.9,2.5,3.9,20279.0,7420.0,2026-03-26T11:43:46.838,3.9,222,2026-03-26 11:43:45 EDT,6538.81,0.9948293343895908,-0.5170665610409295,6540.0,3.8499999999999996,0.10000000000000009,2.5974025974026,1132,-5107333.7148,-4393529.72,3270914.0,-21179.719999999998,0.0016,0.1,0.0
SPXW,2026-03-26,6510.0,CALL,0,1,2026-03-26T11:43:46.328,5,33.4,2,33.8,0.7905,-29.6123,41.5437,155.7018,0.0079,-0.9267,235.0505,0.2492,2026-03-26T11:43:46,2026-03-26T11:41:21.474,89.87,90.75,32.0,35.8,731.0,334.0,2026-03-26T11:41:21.474,35.8,222,2026-03-26 11:43:45 EDT,6538.81,0.9955939995197902,-0.4406000480209763,6540.0,33.599999999999994,0.3999999999999986,1.1904761904761865,113,583719.5687000001,469443.81000000006,334618.99000000005,8932.65,-0.0118,-0.65,-0.1
SPXW,2026-03-26,6510.0,PUT,0,-1,2026-03-26T11:43:46.377,54,4.7,147,4.8,-0.2216,-31.5651,42.9259,-298.8332,0.0078,-0.8606,230.2065,0.2628,2026-03-26T11:43:46,2026-03-26T11:43:46.595,6.0,19.0,2.86,4.8,21529.0,9186.0,2026-03-26T11:43:47.847,4.95,222,2026-03-26 11:43:45 EDT,6538.81,0.9955939995197902,-0.4406000480209763,6540.0,4.75,0.09999999999999964,2.1052631578947296,1389,-7084277.530199999,-5962407.51,4384392.390000001,-30780.239999999998,0.0008,0.1,-0.0
SPXW,2026-03-26,6515.0,CALL,0,1,2026-03-26T11:43:46.377,3,29.5,3,29.9,0.7492,-32.5044,45.9465,167.2142,0.0088,-0.8557,215.541,0.2479,2026-03-26T11:43:46,2026-03-26T11:43:34.54,54.65,60.5,28.4,29.2,702.0,392.0,2026-03-26T11:43:34.54,29.2,222,2026-03-26 11:43:45 EDT,6538.81,0.9963586646499898,-0.36413353500102313,6540.0,29.7,0.3999999999999986,1.346801346801342,31,178378.73680000004,142434.15,100763.63999999998,2322.52,-0.0081,-0.65,0.1
SPXW,2026-03-26,6515.0,PUT,0,-1,2026-03-26T11:43:46.361,138,5.7,134,5.9,-0.2609,-34.155,46.9132,-286.7264,0.0086,-0.7922,209.5144,0.2603,2026-03-26T11:43:46,2026-03-26T11:43:37.575,7.2,20.95,3.31,6.0,20753.0,7130.0,2026-03-26T11:43:47.571,6.0,222,2026-03-26 11:43:45 EDT,6538.81,0.9963586646499898,-0.36413353500102313,6540.0,5.800000000000001,0.20000000000000018,3.4482758620689684,789,-4436844.1374,-3701451.4800000004,2694829.5,-20585.010000000002,0.0022,0.15,0.1
SPXW,2026-03-26,6520.0,CALL,0,1,2026-03-26T11:43:46.376,8,25.8,7,26.1,0.703,-35.1947,49.9604,179.23,0.0096,-0.7382,185.0509,0.2474,2026-03-26T11:43:46,2026-03-26T11:43:36.313,66.57,73.7,23.97,25.6,1167.0,673.0,2026-03-26T11:43:36.313,25.6,222,2026-03-26 11:43:45 EDT,6538.81,0.9971233297801892,-0.2876670219810699,6540.0,25.950000000000003,0.3000000000000007,1.1560693641618522,103,646557.5328,514592.12,362505.41,7240.9,-0.0072,-0.65,0.1
SPXW,2026-03-26,6520.0,PUT,0,-1,2026-03-26T11:43:46.376,108,7.0,1,7.1,-0.3043,-36.4112,50.5212,-274.5168,0.0093,-0.6869,179.4732,0.2578,2026-03-26T11:43:46,2026-03-26T11:43:42.891,8.85,23.0,3.8,7.1,25892.0,10984.0,2026-03-26T11:43:42.891,7.1,222,2026-03-26 11:43:45 EDT,6538.81,0.9971233297801892,-0.2876670219810699,6540.0,7.05,0.09999999999999964,1.4184397163120517,1441,-8762855.4453,-7280104.919999999,5246853.92,-43849.630000000005,0.0013,0.15,-0.1
SPXW,2026-03-26,6525.0,CALL,0,1,2026-03-26T11:43:46.376,4,22.4,9,22.6,0.6535,-37.2739,53.2726,192.4971,0.0103,-0.5839,144.9726,0.2461,2026-03-26T11:43:46,2026-03-26T11:43:38.436,77.09,77.09,20.85,22.2,1283.0,618.0,2026-03-26T11:43:38.436,22.2,222,2026-03-26 11:43:45 EDT,6538.81,0.9978879949103888,-0.21120050896111675,6540.0,22.5,0.20000000000000284,0.8888888888889015,51,343483.6893,271690.26,190096.88999999998,3332.85,-0.0056,-0.6,0.0
SPXW,2026-03-26,6525.0,PUT,0,-1,2026-03-26T11:43:46.376,105,8.5,102,8.7,-0.3514,-38.1509,53.5539,-262.6407,0.01,-0.5466,140.5898,0.255,2026-03-26T11:43:46,2026-03-26T11:43:40.288,9.2,25.3,4.5,8.7,24523.0,9102.0,2026-03-26T11:43:40.288,8.7,222,2026-03-26 11:43:45 EDT,6538.81,0.9978879949103888,-0.21120050896111675,6540.0,8.6,0.1999999999999993,2.3255813953488293,1709,-11174826.290000001,-9152361.51,6519988.81,-60054.26,0.0015,0.2,0.0
SPXW,2026-03-26,6530.0,CALL,0,1,2026-03-26T11:43:46.376,1,19.2,17,19.3,0.6008,-38.7407,55.7465,206.7556,0.0109,-0.3943,96.4214,0.2448,2026-03-26T11:43:46,2026-03-26T11:43:47.129,61.24,61.24,17.69,18.9,2448.0,1238.0,2026-03-26T11:43:47.73,18.7,222,2026-03-26 11:43:45 EDT,6538.81,0.9986526600405884,-0.1347339959411636,6540.0,19.25,0.10000000000000142,0.5194805194805269,79,563056.9291,440397.35,306051.52999999997,4746.32,-0.0052,-0.55,-0.1
SPXW,2026-03-26,6530.0,PUT,0,-1,2026-03-26T11:43:46.376,56,10.3,1,10.4,-0.4024,-39.505,55.8643,-249.4299,0.0105,-0.3687,93.3041,0.2533,2026-03-26T11:43:46,2026-03-26T11:43:46.142,9.9,27.3,5.2,10.5,24890.0,10801.0,2026-03-26T11:43:47.687,10.7,222,2026-03-26 11:43:45 EDT,6538.81,0.9986526600405884,-0.1347339959411636,6540.0,10.350000000000001,0.09999999999999964,0.9661835748792236,987,-6776495.743500001,-5513806.41,3899143.5000000005,-39716.88,0.0016,0.25,-0.1
SPXW,2026-03-26,6535.0,CALL,0,1,2026-03-26T11:43:46.376,49,16.2,55,16.4,0.5457,-39.3086,57.2157,223.0283,0.0113,-0.1792,41.8556,0.2422,2026-03-26T11:43:46,2026-03-26T11:43:46.146,54.97,54.97,14.9,16.2,4526.0,2025.0,2026-03-26T11:43:46.146,16.2,222,2026-03-26 11:43:45 EDT,6538.81,0.9994173251707879,-0.05826748292121043,6540.0,16.299999999999997,0.1999999999999993,1.2269938650306706,96,709330.1088,549270.72,377362.56,5238.719999999999,-0.005,-0.5,0.0
SPXW,2026-03-26,6535.0,PUT,0,-1,2026-03-26T11:43:46.377,3,12.4,77,12.5,-0.4559,-40.29,57.2438,-235.704,0.0108,-0.165,40.1215,0.2523,2026-03-26T11:43:46,2026-03-26T11:43:47.133,10.3,29.4,6.0,12.7,19362.0,8162.0,2026-03-26T11:43:47.133,12.7,222,2026-03-26 11:43:45 EDT,6538.81,0.9994173251707879,-0.05826748292121043,6540.0,12.45,0.09999999999999964,0.8032128514056196,514,-3629824.207200001,-2942331.32,2070906.0000000002,-23433.260000000002,0.0026,0.35,-0.1
SPXW,2026-03-26,6540.0,CALL,0,1,2026-03-26T11:43:46.376,84,13.5,41,13.7,0.4887,-39.4453,57.5723,238.5149,0.0114,0.0551,-16.3905,0.2418,2026-03-26T11:43:46,2026-03-26T11:43:47.18,65.0,65.7,12.5,13.3,10937.0,5353.0,2026-03-26T11:43:47.18,13.3,222,2026-03-26 11:43:45 EDT,6538.81,1.0001819903009874,0.018199030098742734,6540.0,13.6,0.1999999999999993,1.4705882352941124,118,879600.7212,679353.14,465454.54,5766.66,-0.004,-0.45,0.1
SPXW,2026-03-26,6540.0,PUT,0,-1,2026-03-26T11:43:46.404,1,14.7,15,14.8,-0.5107,-40.271,57.5742,-222.6395,0.011,0.0514,-15.876,0.2509,2026-03-26T11:43:46,2026-03-26T11:43:46.16,12.6,32.8,7.0,14.9,24620.0,11303.0,2026-03-26T11:43:46.16,14.9,222,2026-03-26 11:43:45 EDT,6538.81,1.0001819903009874,0.018199030098742734,6540.0,14.75,0.10000000000000142,0.6779661016949249,1279,-9199451.789,-7363740.18,5150660.9,-65318.53000000001,0.0035,0.35,-0.1
SPXW,2026-03-26,6545.0,CALL,0,1,2026-03-26T11:43:46.376,53,11.2,1,11.3,0.4319,-38.8294,56.756,254.4654,0.0112,0.2873,-73.9139,0.2416,2026-03-26T11:43:46,2026-03-26T11:43:47.33,40.7,51.8,10.5,11.0,10545.0,5235.0,2026-03-26T11:43:47.33,11.0,222,2026-03-26 11:43:45 EDT,6538.81,1.000946655431187,0.0946655431186959,6540.0,11.25,0.10000000000000142,0.8888888888889015,92,673758.9824000001,522155.19999999995,357230.48,3973.48,-0.0031,-0.4,0.0
SPXW,2026-03-26,6545.0,PUT,0,-1,2026-03-26T11:43:46.363,48,17.3,44,17.5,-0.5654,-39.697,56.8181,-208.8981,0.0108,0.2671,-71.3492,0.2509,2026-03-26T11:43:46,2026-03-26T11:43:46.843,12.4,33.5,8.1,17.6,17653.0,8090.0,2026-03-26T11:43:46.843,17.6,222,2026-03-26 11:43:45 EDT,6538.81,1.000946655431187,0.0946655431186959,6540.0,17.4,0.1999999999999993,1.1494252873563178,808,-5706027.1584,-4590902.4799999995,3207517.6,-45684.32,0.0045,0.4,-0.0
SPXW,2026-03-26,6550.0,CALL,0,1,2026-03-26T11:43:46.361,110,9.1,78,9.3,0.3762,-37.3523,54.8005,271.8353,0.0109,0.5052,-127.462,0.2409,2026-03-26T11:43:46,2026-03-26T11:43:46.913,51.25,51.25,8.5,9.1,21327.0,9612.0,2026-03-26T11:43:46.913,9.1,222,2026-03-26 11:43:45 EDT,6538.81,1.0017113205613866,0.17113205613864907,6540.0,9.2,0.20000000000000107,2.1739130434782727,382,2722629.7078000004,2093379.1,1426857.86,14370.839999999998,-0.0031,-0.35,0.1
SPXW,2026-03-26,6550.0,PUT,0,-1,2026-03-26T11:43:46.336,13,20.2,11,20.5,-0.6195,-38.1694,54.99,-196.6546,0.0105,0.4726,-123.5355,0.2496,2026-03-26T11:43:46,2026-03-26T11:43:46.153,15.4,38.9,9.31,20.5,29373.0,12187.0,2026-03-26T11:43:47.552,20.8,222,2026-03-26 11:43:45 EDT,6538.81,1.0017113205613866,0.17113205613864907,6540.0,20.35,0.3000000000000007,1.4742014742014775,1683,-11555058.091500001,-9254817.0,6423910.0200000005,-104261.85,0.0038,0.45,0.1
SPXW,2026-03-26,6555.0,CALL,0,1,2026-03-26T11:43:46.384,98,7.4,35,7.5,0.323,-35.2705,51.8297,289.3353,0.0103,0.6928,-173.5401,0.2407,2026-03-26T11:43:46,2026-03-26T11:43:43.246,45.8,45.8,6.9,7.4,12403.0,6039.0,2026-03-26T11:43:43.246,7.4,222,2026-03-26 11:43:45 EDT,6538.81,1.002475985691586,0.24759856915860223,6540.0,7.45,0.09999999999999964,1.342281879194626,192,1293115.0656,995130.24,677193.6,6201.6,-0.0031,-0.3,0.0
SPXW,2026-03-26,6555.0,PUT,0,-1,2026-03-26T11:43:46.376,3,23.5,2,23.7,-0.6696,-36.5733,52.3078,-182.8132,0.0099,0.6394,-167.5242,0.2518,2026-03-26T11:43:46,2026-03-26T11:43:34.301,16.7,39.5,10.8,23.9,14197.0,6498.0,2026-03-26T11:43:34.301,23.9,222,2026-03-26 11:43:45 EDT,6538.81,1.002475985691586,0.24759856915860223,6540.0,23.6,0.1999999999999993,0.8474576271186409,971,-6285692.664900001,-5079087.38,3551267.4300000006,-65018.16,0.0071,0.55,-0.1
SPXW,2026-03-26,6560.0,CALL,0,1,2026-03-26T11:43:46.376,150,5.9,3,6.0,0.2738,-32.7794,48.0724,306.1367,0.0095,0.8368,-209.431,0.2413,2026-03-26T11:43:46,2026-03-26T11:43:44.759,45.72,48.1,5.6,6.0,19869.0,8977.0,2026-03-26T11:43:47.723,5.8,222,2026-03-26 11:43:45 EDT,6538.81,1.0032406508217855,0.3240650821785554,6540.0,5.95,0.09999999999999964,1.680672268907557,237,1472213.0715,1139315.8800000001,776871.78,6489.0599999999995,-0.0032,-0.3,0.0
SPXW,2026-03-26,6560.0,PUT,0,-1,2026-03-26T11:43:46.377,9,26.9,1,27.2,-0.7165,-34.3165,48.8837,-170.3845,0.0092,0.7732,-203.0452,0.2532,2026-03-26T11:43:46,2026-03-26T11:43:38.558,19.6,46.0,12.49,27.45,17089.0,8153.0,2026-03-26T11:43:38.558,27.45,222,2026-03-26 11:43:45 EDT,6538.81,1.0032406508217855,0.3240650821785554,6540.0,27.049999999999997,0.3000000000000007,1.109057301293903,627,-3771847.1604,-3065007.9899999998,2151644.55,-44924.55,0.0077,0.55,-0.1
SPXW,2026-03-26,6565.0,CALL,0,1,2026-03-26T11:43:46.377,159,4.7,70,4.8,0.2304,-30.181,43.883,320.5713,0.0086,0.9271,-233.6483,0.2435,2026-03-26T11:43:46,2026-03-26T11:43:46.844,42.47,43.4,4.5,4.7,22737.0,9418.0,2026-03-26T11:43:46.844,4.7,222,2026-03-26 11:43:45 EDT,6538.81,1.004005315951985,0.4005315951985086,6540.0,4.75,0.09999999999999964,2.1052631578947296,122,686051.9452,535372.6000000001,368208.2,2810.8799999999997,-0.001,-0.2,0.0
SPXW,2026-03-26,6565.0,PUT,0,-1,2026-03-26T11:43:46.364,1,30.7,1,31.0,-0.7589,-31.7845,44.9854,-158.555,0.0084,0.8646,-228.4933,0.2553,2026-03-26T11:43:46,2026-03-26T11:43:21.067,17.5,49.34,14.25,30.8,14264.0,6457.0,2026-03-26T11:43:21.067,30.8,222,2026-03-26 11:43:45 EDT,6538.81,1.004005315951985,0.4005315951985086,6540.0,30.85,0.3000000000000007,0.9724473257698565,508,-2790241.0032,-2285258.3200000003,1614652.6,-38552.12,0.0086,0.55,-0.1
SPXW,2026-03-26,6570.0,CALL,0,1,2026-03-26T11:43:46.307,184,3.7,40,3.8,0.1919,-27.3618,39.4244,334.6663,0.0076,0.9731,-247.229,0.2458,2026-03-26T11:43:46,2026-03-26T11:43:47.009,37.2,40.0,3.6,3.7,25612.0,11341.0,2026-03-26T11:43:47.009,3.7,222,2026-03-26 11:43:45 EDT,6538.81,1.0047699810821846,0.4769981082184617,6540.0,3.75,0.09999999999999964,2.666666666666657,468,2325723.9408,1845061.9200000002,1280532.24,8980.919999999998,-0.0007,-0.2,-0.0
SPXW,2026-03-26,6570.0,PUT,0,-1,2026-03-26T11:43:46.364,1,34.7,1,35.1,-0.7968,-29.0203,40.798,-147.6086,0.0075,0.9169,-244.1602,0.2576,2026-03-26T11:43:46,2026-03-26T11:43:14.312,21.7,48.93,16.3,34.4,11596.0,5099.0,2026-03-26T11:43:14.312,34.4,222,2026-03-26 11:43:45 EDT,6538.81,1.0047699810821846,0.4769981082184617,6540.0,34.900000000000006,0.3999999999999986,1.1461318051575888,732,-3589806.6900000004,-2986413.6,2124285.96,-58325.759999999995,0.0087,0.65,0.1
SPXW,2026-03-26,6575.0,CALL,0,1,2026-03-26T11:43:46.376,1,3.0,250,3.1,0.1577,-24.3236,34.8083,349.6445,0.0067,0.9824,-251.1415,0.2476,2026-03-26T11:43:46,2026-03-26T11:43:46.599,34.9,41.37,2.84,3.0,20992.0,8400.0,2026-03-26T11:43:47.722,2.9,222,2026-03-26 11:43:45 EDT,6538.81,1.0055346462123842,0.5534646212384149,6540.0,3.05,0.10000000000000009,3.2786885245901667,259,1134679.6993000002,901534.9700000001,629981.24,4084.4300000000003,-0.0016,-0.1,0.0
SPXW,2026-03-26,6575.0,PUT,0,-1,2026-03-26T11:43:46.364,1,38.9,2,39.3,-0.8294,-26.2948,36.6047,-137.3132,0.0067,0.9307,-250.71,0.2609,2026-03-26T11:43:46,2026-03-26T11:42:13.754,21.82,55.79,19.0,39.0,6195.0,2519.0,2026-03-26T11:42:13.754,39.0,222,2026-03-26 11:43:45 EDT,6538.81,1.0055346462123842,0.5534646212384149,6540.0,39.099999999999994,0.3999999999999986,1.0230179028132957,934,-4091856.5218,-3418878.98,2455934.32,-77465.96,0.0118,0.65,0.1
SPXW,2026-03-26,6580.0,CALL,0,1,2026-03-26T11:43:46.377,193,2.35,73,2.4,0.1298,-21.6028,30.5107,361.2789,0.0058,0.9538,-246.9432,0.2509,2026-03-26T11:43:46,2026-03-26T11:43:46.876,37.54,37.9,2.21,2.35,28732.0,11702.0,2026-03-26T11:43:47.723,2.3,222,2026-03-26 11:43:45 EDT,6538.81,1.0062993113425838,0.629931134258368,6540.0,2.375,0.04999999999999982,2.1052631578947296,349,1323585.9202,1064823.43,753937.72,4530.0199999999995,-0.0001,-0.125,-0.05
SPXW,2026-03-26,6580.0,PUT,0,-1,2026-03-26T11:43:46.361,1,43.3,3,43.7,-0.8547,-24.2106,32.9453,-127.1664,0.0059,0.9064,-250.1866,0.2675,2026-03-26T11:43:46,2026-03-26T11:43:22.825,26.9,58.77,20.0,43.63,4233.0,1827.0,2026-03-26T11:43:22.825,43.63,222,2026-03-26 11:43:45 EDT,6538.81,1.0062993113425838,0.629931134258368,6540.0,43.5,0.4000000000000057,0.9195402298850704,1350,-5208162.165,-4447615.500000001,3268431.0,-115384.5,0.0156,0.55,-0.3
SPXW,2026-03-26,6585.0,CALL,0,1,2026-03-26T11:43:46.24,255,1.85,236,1.95,0.1063,-19.0304,26.4984,371.8266,0.0049,0.9022,-236.835,0.2546,2026-03-26T11:43:46,2026-03-26T11:43:47.19,29.7,36.0,1.77,1.85,19614.0,7532.0,2026-03-26T11:43:47.19,1.85,222,2026-03-26 11:43:45 EDT,6538.81,1.0070639764727831,0.7063976472783212,6540.0,1.9,0.09999999999999987,5.263157894736835,549,1759005.2780999998,1454762.1600000001,1044768.96,5835.870000000001,-0.0001,-0.075,0.05
SPXW,2026-03-26,6585.0,PUT,0,-1,2026-03-26T11:43:46.342,2,47.8,1,48.2,-0.882,-20.8666,28.5222,-119.4179,0.0051,0.8796,-242.6525,0.2675,2026-03-26T11:43:46,2026-03-26T11:42:45.257,28.7,58.0,22.3,49.0,2855.0,973.0,2026-03-26T11:42:45.257,49.0,222,2026-03-26 11:43:45 EDT,6538.81,1.0070639764727831,0.7063976472783212,6540.0,48.0,0.4000000000000057,0.8333333333333451,1259,-4198504.5129,-3590944.9800000004,2627104.9399999995,-111043.80000000002,0.0082,0.7,0.0
SPXW,2026-03-26,6590.0,CALL,0,1,2026-03-26T11:43:46.376,212,1.5,119,1.55,0.0872,-16.7285,22.9089,380.4225,0.0042,0.8355,-222.9475,0.2589,2026-03-26T11:43:46,2026-03-26T11:43:46.158,29.8,32.0,1.4,1.55,24700.0,9728.0,2026-03-26T11:43:46.158,1.55,222,2026-03-26 11:43:45 EDT,6538.81,1.0078286416029827,0.7828641602982744,6540.0,1.525,0.050000000000000044,3.2786885245901667,981,2694120.4962,2247363.09,1641065.85,8554.32,-0.0009,-0.075,-0.05
SPXW,2026-03-26,6590.0,PUT,0,-1,2026-03-26T11:43:46.364,1,52.5,3,52.9,-0.8965,-19.7324,25.9668,-110.5075,0.0044,0.8191,-235.0625,0.2785,2026-03-26T11:43:46,2026-03-26T11:42:45.738,31.4,67.4,24.1,53.72,2462.0,1219.0,2026-03-26T11:42:45.738,53.72,222,2026-03-26 11:43:45 EDT,6538.81,1.0078286416029827,0.7828641602982744,6540.0,52.7,0.3999999999999986,0.7590132827324451,1224,-3521541.5136,-3178336.32,2415245.76,-109731.6,0.0168,0.8,0.0
SPXW,2026-03-26,6595.0,CALL,0,1,2026-03-26T11:43:46.406,278,1.2,334,1.3,0.072,-14.7706,19.8255,386.3036,0.0035,0.7619,-207.3885,0.2642,2026-03-26T11:43:46,2026-03-26T11:43:46.148,25.0,28.91,1.15,1.25,22558.0,7256.0,2026-03-26T11:43:47.783,1.22,222,2026-03-26 11:43:45 EDT,6538.81,1.0085933067331823,0.8593306733182275,6540.0,1.25,0.10000000000000009,8.000000000000007,855,1956738.8925000003,1695080.2500000002,1262886.3,6155.999999999999,-0.0006,-0.05,0.0
SPXW,2026-03-26,6595.0,PUT,0,-1,2026-03-26T11:43:46.327,1,57.2,1,57.5,-0.9117,-17.9436,23.112,-103.2301,0.0038,0.7612,-223.8554,0.2855,2026-03-26T11:43:46,2026-03-26T11:43:21.404,31.5,68.63,26.5,57.28,1484.0,604.0,2026-03-26T11:43:21.404,57.28,222,2026-03-26 11:43:45 EDT,6538.81,1.0085933067331823,0.8593306733182275,6540.0,57.35,0.29999999999999716,0.5231037489101955,880,-2186578.0640000002,-2033855.9999999998,1579036.8,-80229.59999999999,0.016,0.75,-0.1
SPXW,2026-03-26,6600.0,CALL,0,1,2026-03-26T11:43:46.376,265,1.0,238,1.05,0.0605,-13.2375,17.3233,388.2336,0.003,0.6886,-192.2439,0.2711,2026-03-26T11:43:46,2026-03-26T11:43:47.258,24.58,27.0,0.9,1.0,50657.0,17895.0,2026-03-26T11:43:47.258,1.0,222,2026-03-26 11:43:45 EDT,6538.81,1.0093579718633818,0.9357971863381807,6540.0,1.025,0.050000000000000044,4.87804878048781,3042,5967318.006,5269747.86,4026847.5,18404.1,0.0004,-0.05,0.0
SPXW,2026-03-26,6600.0,PUT,0,-1,2026-03-26T11:43:46.269,2,61.8,2,62.5,-0.9211,-17.1356,21.2326,-96.2165,0.0034,0.7019,-214.9159,0.2973,2026-03-26T11:43:46,2026-03-26T11:43:21.404,30.0,75.77,28.65,62.07,2978.0,1097.0,2026-03-26T11:43:21.404,62.07,222,2026-03-26 11:43:45 EDT,6538.81,1.0093579718633818,0.9357971863381807,6540.0,62.15,0.7000000000000028,1.126307320997591,3193,-7098662.9122,-6779569.18,5471397.08,-294107.23000000004,0.0223,0.65,-0.1
SPXW,2026-03-26,6605.0,CALL,0,1,2026-03-26T11:43:46.273,3,0.85,308,0.9,0.0507,-11.791,15.0733,390.4057,0.0026,0.6181,-176.6245,0.2775,2026-03-26T11:43:46,2026-03-26T11:43:46.162,22.13,23.6,0.75,0.9,22792.0,7406.0,2026-03-26T11:43:46.162,0.9,222,2026-03-26 11:43:45 EDT,6538.81,1.0101226369935814,1.012263699358134,6540.0,0.875,0.050000000000000044,5.71428571428572,649,1103358.7994000001,978257.17,765235.9,3290.43,-0.0002,-0.025,-0.05
SPXW,2026-03-26,6605.0,PUT,0,-1,2026-03-26T11:43:46.259,2,66.6,2,67.3,-0.9349,-14.8333,18.3159,-90.8383,0.0029,0.6425,-198.5356,0.3001,2026-03-26T11:43:46,2026-03-26T11:41:46.68,36.0,76.44,31.5,66.6,1284.0,295.0,2026-03-26T11:41:46.68,66.6,222,2026-03-26 11:43:45 EDT,6538.81,1.0101226369935814,1.012263699358134,6540.0,66.94999999999999,0.7000000000000028,1.045556385362215,1067,-2023303.9783,-1954306.5299999998,1582713.1099999999,-99753.82999999999,0.0194,0.65,-0.1
SPXW,2026-03-26,6610.0,PUT,0,-1,2026-03-26T11:43:46.269,2,71.5,2,72.2,-0.9379,-15.1333,17.6481,-84.83,0.0026,0.5946,-194.3607,0.3176,2026-03-26T11:43:46,2026-03-26T11:42:51.209,39.1,78.0,37.5,71.8,1151.0,444.0,2026-03-26T11:42:51.209,71.8,222,2026-03-26 11:43:45 EDT,6538.81,1.010887302123781,1.088730212378087,6540.0,71.85,0.7000000000000028,0.9742519137091202,550,-935049.83,-970645.5,832331.5,-51584.5,,,
SPXW,2026-03-26,6615.0,PUT,0,-1,2026-03-26T11:43:46.269,2,76.4,2,77.1,-0.944,-14.4269,16.2858,-79.9571,0.0023,0.5477,-185.3106,0.3288,2026-03-26T11:43:46,2026-03-26T11:35:15.612,43.81,80.3,42.6,75.87,246.0,112.0,2026-03-26T11:35:15.612,75.87,222,2026-03-26 11:43:45 EDT,6538.81,1.0116519672539803,1.1651967253980402,6540.0,76.75,0.6999999999999886,0.9120521172638288,226,-339887.34380000003,-368059.07999999996,326047.94,-21334.399999999998,,,
SPXW,2026-03-26,6620.0,PUT,0,-1,2026-03-26T11:43:46.259,2,81.3,2,82.0,-0.9497,-13.6267,14.9581,-75.6398,0.0021,0.5039,-175.8049,0.3391,2026-03-26T11:43:46,2026-03-26T11:42:36.967,49.7,84.71,43.5,81.9,382.0,155.0,2026-03-26T11:42:36.967,81.9,222,2026-03-26 11:43:45 EDT,6538.81,1.01241663238418,1.2416632384179935,6540.0,81.65,0.7000000000000028,0.8573178199632612,274,-376243.12739999994,-409851.94,373371.58,-26021.780000000002,,,
SPXW,2026-03-27,6345.0,CALL,1,1,2026-03-26T11:43:47.954,3,194.9,13,198.2,0.9486,-6.026,39.1397,31.556,0.0008,-0.5203,26.131,0.3266,2026-03-26T11:43:48,2026-03-26T10:30:02.734,195.79,220.26,195.79,220.26,2.0,2.0,2026-03-26T10:30:02.734,220.26,222,2026-03-26 11:43:45 EDT,6538.17,0.9704550355833513,-2.9544964416648707,6540.0,196.55,3.299999999999983,1.6789620961587295,102,53351.4672,399224.93999999994,61465.19999999999,9675.72,-0.0045,-1.4,-0.2
SPXW,2026-03-27,6350.0,CALL,1,1,2026-03-26T11:43:47.94,2,190.4,17,193.2,0.9443,-6.366,41.6938,32.1919,0.0009,-0.542,27.1544,0.3259,2026-03-26T11:43:48,2026-03-26T10:46:18.845,220.24,220.24,204.19,204.19,10.0,8.0,2026-03-26T10:46:18.845,204.19,222,2026-03-26 11:43:45 EDT,6538.17,0.9712197755641104,-2.8780224435889563,6540.0,191.8,2.799999999999983,1.4598540145985313,662,389544.16860000003,2760129.56,421429.19999999995,62512.66,-0.0007,-1.2,-0.4
SPXW,2026-03-27,6355.0,CALL,1,1,2026-03-26T11:43:48.013,1,185.3,13,188.4,0.9453,-6.1026,41.1136,33.1145,0.0009,-0.5556,26.9301,0.3154,2026-03-26T11:43:48,2026-03-25T15:16:29.078,243.4,243.4,243.4,243.4,2.0,1.0,2026-03-25T15:16:29.078,243.4,222,2026-03-26 11:43:45 EDT,6538.17,0.9719845155448695,-2.8015484455130424,6540.0,186.85000000000002,3.0999999999999943,1.6590848274016559,103,60608.8359,423470.07999999996,62856.780000000006,9736.59,-0.0067,-1.4,-0.4
SPXW,2026-03-27,6360.0,CALL,1,1,2026-03-26T11:43:48.011,1,180.1,13,183.5,0.9429,-6.2116,42.5455,33.9198,0.0009,-0.5755,27.4872,0.3109,2026-03-26T11:43:48,2026-03-23T06:03:59.803,159.6,159.6,159.6,159.6,4.0,1.0,2026-03-23T06:03:59.803,159.6,222,2026-03-26 11:43:45 EDT,6538.17,0.9727492555256287,-2.725074447437128,6540.0,181.8,3.4000000000000057,1.8701870187018732,4,2353.7412,17018.199999999997,2484.64,377.15999999999997,-0.0087,-1.55,-0.1
SPXW,2026-03-27,6365.0,CALL,1,1,2026-03-26T11:43:47.954,3,175.4,14,178.7,0.9377,-6.5959,45.515,34.631,0.001,-0.599,28.5836,0.3106,2026-03-26T11:43:48,2026-03-25T13:53:21.096,243.6,243.6,243.6,243.6,3.0,2.0,2026-03-25T13:53:21.096,243.6,222,2026-03-26 11:43:45 EDT,6538.17,0.9735139955063878,-2.6486004493612136,6540.0,177.05,3.299999999999983,1.8638802598136022,6,3922.902,27309.000000000004,3957.54,562.62,-0.0063,-1.5,0.0
SPXW,2026-03-27,6370.0,CALL,1,1,2026-03-26T11:43:47.985,2,170.4,14,173.8,0.9358,-6.6192,46.599,35.5545,0.0011,-0.6192,28.9666,0.3046,2026-03-26T11:43:48,2026-03-26T10:00:08.864,201.64,203.38,201.64,202.18,4.0,4.0,2026-03-26T10:00:08.864,202.18,222,2026-03-26 11:43:45 EDT,6538.17,0.974278735487147,-2.5721264512852997,6540.0,172.10000000000002,3.4000000000000057,1.9755955839628154,7,5034.3909,32619.3,4633.4400000000005,655.06,-0.0072,-1.55,-0.1
SPXW,2026-03-27,6375.0,CALL,1,1,2026-03-26T11:43:48.021,18,165.5,14,169.0,0.9325,-6.7757,48.4582,36.4557,0.0011,-0.6413,29.5988,0.3006,2026-03-26T11:43:48,2026-03-24T09:49:55.675,180.21,180.21,180.21,180.21,2.0,2.0,2026-03-24T09:49:55.675,180.21,222,2026-03-26 11:43:45 EDT,6538.17,0.9750434754679062,-2.4956524532093853,6540.0,167.25,3.5,2.092675635276532,9,6472.7883,43612.38,6098.13,839.25,-0.006,-1.55,0.1
SPXW,2026-03-27,6375.0,PUT,1,-1,2026-03-26T11:43:47.701,96,2.3,106,2.4,-0.0534,-4.7403,40.3857,-148.7162,0.001,-0.6231,26.6465,0.2785,2026-03-26T11:43:48,2026-03-26T11:42:25.229,2.85,6.3,1.87,2.35,1696.0,341.0,2026-03-26T11:42:25.229,2.35,222,2026-03-26 11:43:45 EDT,6538.17,0.9750434754679062,-2.4956524532093853,6540.0,2.3499999999999996,0.10000000000000009,4.255319148936175,1958,-1280173.686,-7907520.06,928150.74,-10455.720000000001,-0.0009,0.025,0.05
SPXW,2026-03-27,6380.0,CALL,1,1,2026-03-26T11:43:47.954,3,160.9,14,164.2,0.9271,-7.1205,51.3974,37.2939,0.0012,-0.6647,30.5386,0.2994,2026-03-26T11:43:48,2026-03-23T10:39:17.381,266.72,266.72,266.72,266.72,1.0,1.0,2026-03-23T10:39:17.381,266.72,222,2026-03-26 11:43:45 EDT,6538.17,0.9758082154486653,-2.419178455133471,6540.0,162.55,3.299999999999983,2.0301445709012507,4,3138.3215999999998,20558.96,2848.2,370.84000000000003,-0.0038,-1.45,-0.1
SPXW,2026-03-27,6380.0,PUT,1,-1,2026-03-26T11:43:47.883,64,2.5,101,2.6,-0.0576,-4.9972,42.9017,-147.9431,0.0011,-0.6511,27.628,0.2764,2026-03-26T11:43:48,2026-03-26T11:43:22.19,3.8,7.1,1.99,2.55,1710.0,295.0,2026-03-26T11:43:22.19,2.55,222,2026-03-26 11:43:45 EDT,6538.17,0.9758082154486653,-2.419178455133471,6540.0,2.55,0.10000000000000009,3.921568627450984,1579,-1135614.7473000002,-6774178.43,789057.88,-9095.04,-0.0006,0.05,0.0
SPXW,2026-03-27,6385.0,CALL,1,1,2026-03-26T11:43:48.018,18,155.9,14,159.4,0.9243,-7.1898,52.9185,38.3358,0.0013,-0.6874,30.9981,0.2939,2026-03-26T11:43:48,2026-03-23T13:50:06.136,143.3,231.44,143.3,231.44,8.0,2.0,2026-03-23T13:50:06.136,231.44,222,2026-03-26 11:43:45 EDT,6538.17,0.9765729554294245,-2.342704457057557,6540.0,157.65,3.5,2.2201078338090707,8,6799.6968,42334.8,5751.84,739.44,-0.0066,-1.55,0.1
SPXW,2026-03-27,6385.0,PUT,1,-1,2026-03-26T11:43:47.839,58,2.7,57,2.8,-0.062,-5.241,45.4047,-147.4391,0.0012,-0.6791,28.5498,0.274,2026-03-26T11:43:48,2026-03-26T11:42:45.159,3.8,7.4,2.17,2.8,1226.0,277.0,2026-03-26T11:42:45.159,2.8,222,2026-03-26 11:43:45 EDT,6538.17,0.9765729554294245,-2.342704457057557,6540.0,2.75,0.09999999999999964,3.636363636363624,708,-555482.9232,-3214652.76,371062.8,-4389.6,-0.001,0.025,0.05
SPXW,2026-03-27,6390.0,CALL,1,1,2026-03-26T11:43:47.985,3,151.4,14,154.6,0.9181,-7.5678,56.1692,39.236,0.0013,-0.7104,31.9145,0.2929,2026-03-26T11:43:48,2026-03-26T10:20:27.036,178.0,178.0,178.0,178.0,1.0,1.0,2026-03-26T10:20:27.036,178.0,222,2026-03-26 11:43:45 EDT,6538.17,0.9773376954101836,-2.2662304589816427,6540.0,153.0,3.1999999999999886,2.091503267973849,14,11899.469400000002,78636.87999999999,10594.92,1285.3400000000001,-0.0055,-1.55,-0.1
SPXW,2026-03-27,6390.0,PUT,1,-1,2026-03-26T11:43:47.971,57,2.95,226,3.1,-0.0674,-5.566,48.4664,-146.0087,0.0012,-0.7079,29.6052,0.2727,2026-03-26T11:43:48,2026-03-26T11:42:43.742,3.4,8.5,2.4,3.03,2544.0,994.0,2026-03-26T11:42:43.742,3.03,222,2026-03-26 11:43:45 EDT,6538.17,0.9773376954101836,-2.2662304589816427,6540.0,3.0250000000000004,0.1499999999999999,4.95867768595041,969,-760258.4075999999,-4696394.16,539345.4,-6531.06,-0.0002,0.075,0.05
SPXW,2026-03-27,6395.0,CALL,1,1,2026-03-26T11:43:47.954,18,146.5,14,149.9,0.9138,-7.7408,58.3947,40.3153,0.0014,-0.7338,32.4933,0.2888,2026-03-26T11:43:48,2026-03-23T13:42:04.695,138.4,228.03,138.4,228.03,112.0,5.0,2026-03-23T13:42:04.695,228.03,222,2026-03-26 11:43:45 EDT,6538.17,0.9781024353909427,-2.1897564609057287,6540.0,148.2,3.4000000000000057,2.29419703103914,112,102518.5056,654020.64,86696.96,10234.56,-0.0054,-1.5,0.0
SPXW,2026-03-27,6395.0,PUT,1,-1,2026-03-26T11:43:47.95,82,3.2,20,3.3,-0.0723,-5.8174,51.158,-145.5897,0.0013,-0.7359,30.4683,0.27,2026-03-26T11:43:48,2026-03-26T11:43:00.944,5.0,8.0,2.55,3.25,2555.0,706.0,2026-03-26T11:43:00.944,3.25,222,2026-03-26 11:43:45 EDT,6538.17,0.9781024353909427,-2.1897564609057287,6540.0,3.25,0.09999999999999964,3.076923076923066,671,-570324.5691,-3432701.8000000003,390347.54000000004,-4851.33,-0.0008,0.05,-0.1
SPXW,2026-03-27,6400.0,CALL,1,1,2026-03-26T11:43:48.024,1,142.1,17,145.1,0.9074,-8.0782,61.567,41.3318,0.0015,-0.756,33.2488,0.287,2026-03-26T11:43:48,2026-03-26T11:04:01.33,158.04,158.04,142.34,155.25,17.0,12.0,2026-03-26T11:04:01.33,155.25,222,2026-03-26 11:43:45 EDT,6538.17,0.9788671753717019,-2.1132824628298144,6540.0,143.6,3.0,2.0891364902506964,339,332465.94450000004,2087121.3,273850.98000000004,30760.859999999997,-0.006,-1.5,0.0
SPXW,2026-03-27,6400.0,PUT,1,-1,2026-03-26T11:43:47.988,60,3.5,22,3.6,-0.0783,-6.1438,54.372,-144.3479,0.0014,-0.7639,31.4209,0.2684,2026-03-26T11:43:48,2026-03-26T11:43:22.19,3.6,10.0,2.68,3.55,3953.0,1037.0,2026-03-26T11:43:22.19,3.55,222,2026-03-26 11:43:45 EDT,6538.17,0.9788671753717019,-2.1132824628298144,6540.0,3.55,0.10000000000000009,2.8169014084507067,6469,-5921359.0422,-35173246.8,3974424.22,-50652.27,-0.0009,0.05,-0.1
SPXW,2026-03-27,6405.0,CALL,1,1,2026-03-26T11:43:48.021,18,137.1,14,140.5,0.9022,-8.2814,64.1108,42.4999,0.0016,-0.7791,33.7965,0.2832,2026-03-26T11:43:48,2026-03-26T09:36:48.686,139.92,139.92,139.92,139.92,1.0,1.0,2026-03-26T09:36:48.686,139.92,222,2026-03-26 11:43:45 EDT,6538.17,0.979631915352461,-2.0368084647539,6540.0,138.8,3.4000000000000057,2.4495677233429434,112,117164.0064,718040.96,92751.68,10104.640000000001,-0.0051,-1.5,0.0
SPXW,2026-03-27,6405.0,PUT,1,-1,2026-03-26T11:43:47.706,110,3.8,6,3.9,-0.0844,-6.4469,57.5249,-143.4684,0.0015,-0.7912,32.2739,0.2662,2026-03-26T11:43:48,2026-03-26T11:42:18.68,4.2,9.96,3.1,3.85,1337.0,635.0,2026-03-26T11:42:18.68,3.85,222,2026-03-26 11:43:45 EDT,6538.17,0.979631915352461,-2.0368084647539,6540.0,3.8499999999999996,0.10000000000000009,2.5974025974026,595,-583531.6725000001,-3422731.5500000003,383590.55000000005,-5021.8,-0.001,0.05,-0.1
SPXW,2026-03-27,6410.0,CALL,1,1,2026-03-26T11:43:48.032,1,132.5,14,135.9,0.8956,-8.5775,67.2213,43.6532,0.0017,-0.8006,34.3954,0.2806,2026-03-26T11:43:48,2026-03-26T10:00:08.864,162.94,165.34,162.94,164.38,8.0,4.0,2026-03-26T10:00:08.864,164.38,222,2026-03-26 11:43:45 EDT,6538.17,0.9803966553332202,-1.9603344666779858,6540.0,134.2,3.4000000000000057,2.5335320417287677,11,12226.377899999998,73943.43000000001,9435.25,985.16,-0.0043,-1.4,0.0
SPXW,2026-03-27,6410.0,PUT,1,-1,2026-03-26T11:43:47.936,60,4.2,84,4.3,-0.092,-6.8476,61.3172,-141.5653,0.0016,-0.8169,33.1936,0.2654,2026-03-26T11:43:48,2026-03-26T11:42:05.869,4.6,9.89,3.18,4.15,1639.0,429.0,2026-03-26T11:42:05.869,4.15,222,2026-03-26 11:43:45 EDT,6538.17,0.9803966553332202,-1.9603344666779858,6540.0,4.25,0.09999999999999964,2.35294117647058,1299,-1358893.2528000001,-7965104.279999999,889503.24,-11950.8,-0.0002,0.1,-0.0
SPXW,2026-03-27,6415.0,CALL,1,1,2026-03-26T11:43:48.011,19,127.8,14,131.2,0.8889,-8.8526,70.3054,44.8824,0.0018,-0.8217,34.9121,0.2776,2026-03-26T11:43:48,2026-03-26T11:04:01.33,131.45,146.1,128.64,141.12,28.0,11.0,2026-03-26T11:04:01.33,141.12,222,2026-03-26 11:43:45 EDT,6538.17,0.9811613953139793,-1.8838604686020717,6540.0,129.5,3.3999999999999915,2.625482625482619,13,15299.3178,91397.02,11508.380000000001,1155.57,-0.0049,-1.5,0.0
SPXW,2026-03-27,6415.0,PUT,1,-1,2026-03-26T11:43:47.977,98,4.5,122,4.7,-0.0989,-7.1627,64.6979,-140.6945,0.0017,-0.8421,33.9162,0.2631,2026-03-26T11:43:48,2026-03-26T11:40:02.699,4.8,11.41,3.54,4.3,1232.0,326.0,2026-03-26T11:40:02.699,4.3,222,2026-03-26 11:43:45 EDT,6538.17,0.9811613953139793,-1.8838604686020717,6540.0,4.6,0.20000000000000018,4.347826086956526,745,-828059.2305000001,-4819993.55,533621.15,-7368.049999999999,-0.0012,0.05,0.1
SPXW,2026-03-27,6420.0,CALL,1,1,2026-03-26T11:43:47.94,19,123.4,14,126.6,0.8804,-9.2564,74.1175,46.0505,0.0019,-0.8385,35.4438,0.2763,2026-03-26T11:43:48,2026-03-26T09:40:00.46,127.05,127.05,124.29,124.29,11.0,2.0,2026-03-26T09:40:00.46,124.29,222,2026-03-26 11:43:45 EDT,6538.17,0.9819261352947384,-1.8073864705261573,6540.0,125.0,3.1999999999999886,2.5599999999999907,114,141616.7622,844939.5,105522.95999999999,10036.56,-0.0035,-1.4,-0.0
SPXW,2026-03-27,6420.0,PUT,1,-1,2026-03-26T11:43:47.838,80,5.0,16,5.1,-0.1073,-7.5608,68.6209,-138.9849,0.0018,-0.8644,34.6395,0.2619,2026-03-26T11:43:48,2026-03-26T11:42:11.265,5.2,10.46,3.78,4.9,1933.0,474.0,2026-03-26T11:42:11.265,4.9,222,2026-03-26 11:43:45 EDT,6538.17,0.9819261352947384,-1.8073864705261573,6540.0,5.05,0.09999999999999964,1.9801980198019733,3254,-3829536.9324,-22329240.860000003,2460284.3200000003,-34915.42,-0.0006,0.1,0.0
SPXW,2026-03-27,6425.0,CALL,1,1,2026-03-26T11:43:48.019,1,119.1,17,122.1,0.8723,-9.5797,77.5999,47.3504,0.002,-0.8556,35.825,0.2739,2026-03-26T11:43:48,2026-03-25T15:55:13.84,182.75,182.75,174.6,179.2,50.0,11.0,2026-03-25T15:55:13.84,179.2,222,2026-03-26 11:43:45 EDT,6538.17,0.9826908752754976,-1.7309124724502432,6540.0,120.6,3.0,2.4875621890547266,376,491670.384,2917756.24,360196.72000000003,32798.48,-0.0041,-1.3,-0.2
SPXW,2026-03-27,6425.0,PUT,1,-1,2026-03-26T11:43:47.98,38,5.5,54,5.6,-0.1164,-7.9784,72.7169,-137.1417,0.002,-0.884,35.262,0.2609,2026-03-26T11:43:48,2026-03-26T11:42:39.104,5.9,11.73,4.13,5.5,2239.0,463.0,2026-03-26T11:42:39.104,5.5,222,2026-03-26 11:43:45 EDT,6538.17,0.9826908752754976,-1.7309124724502432,6540.0,5.55,0.09999999999999964,1.8018018018017956,3467,-4533567.078,-25210949.229999997,2766111.28,-40355.880000000005,0.0001,0.15,-0.1
SPXW,2026-03-27,6430.0,CALL,1,1,2026-03-26T11:43:47.956,3,114.7,15,117.6,0.8613,-10.1051,82.112,48.4883,0.0021,-0.8636,36.1671,0.2741,2026-03-26T11:43:48,2026-03-26T11:06:02.567,127.34,127.34,127.0,127.0,6.0,3.0,2026-03-26T11:06:02.567,127.0,222,2026-03-26 11:43:45 EDT,6538.17,0.9834556152562567,-1.6544384743743292,6540.0,116.15,2.8999999999999915,2.4967714162720545,135,185357.11949999997,1108512.0,136418.85,11627.55,-0.0016,-1.25,-0.3
SPXW,2026-03-27,6430.0,PUT,1,-1,2026-03-26T11:43:48.02,61,6.0,16,6.1,-0.1255,-8.3621,76.7018,-135.6924,0.0021,-0.9019,35.7357,0.2593,2026-03-26T11:43:48,2026-03-26T11:42:39.104,6.1,12.18,4.5,6.0,2190.0,423.0,2026-03-26T11:42:39.104,6.0,222,2026-03-26 11:43:45 EDT,6538.17,0.9834556152562567,-1.6544384743743292,6540.0,6.05,0.09999999999999964,1.6528925619834651,2080,-2855872.6559999995,-15953974.4,1739316.8,-26104.000000000004,-0.0001,0.15,-0.1
SPXW,2026-03-27,6435.0,CALL,1,1,2026-03-26T11:43:48.016,3,110.2,14,113.1,0.8524,-10.4096,85.6426,49.9206,0.0022,-0.8766,36.3126,0.2713,2026-03-26T11:43:48,2026-03-24T00:06:24.776,152.78,157.83,152.78,157.83,2.0,2.0,2026-03-24T00:06:24.776,157.83,222,2026-03-26 11:43:45 EDT,6538.17,0.9842203552370159,-1.5779644762984146,6540.0,111.65,2.8999999999999915,2.5974025974025894,9,12945.5766,77078.34,9368.64,767.1600000000001,-0.0017,-1.25,-0.3
SPXW,2026-03-27,6435.0,PUT,1,-1,2026-03-26T11:43:47.928,83,6.5,80,6.7,-0.1354,-8.7575,80.8177,-134.1486,0.0022,-0.9167,36.0858,0.2578,2026-03-26T11:43:48,2026-03-26T11:43:34.806,6.7,13.17,5.2,6.6,1171.0,379.0,2026-03-26T11:43:34.806,6.6,222,2026-03-26 11:43:45 EDT,6538.17,0.9842203552370159,-1.5779644762984146,6540.0,6.6,0.20000000000000018,3.030303030303033,427,-614195.6898,-3450915.79,373945.25000000006,-5781.58,-0.0009,0.15,0.1
SPXW,2026-03-27,6440.0,CALL,1,1,2026-03-26T11:43:47.986,3,105.7,15,108.7,0.8428,-10.7263,89.3064,51.4066,0.0024,-0.8867,36.3461,0.2687,2026-03-26T11:43:48,2026-03-26T10:38:41.459,129.1,130.84,128.94,128.94,4.0,3.0,2026-03-26T10:38:41.459,128.94,222,2026-03-26 11:43:45 EDT,6538.17,0.984985095217775,-1.5014904782225007,6540.0,107.2,3.0,2.798507462686567,36,56489.788799999995,321503.04,38614.68,3034.08,-0.0023,-1.3,-0.2
SPXW,2026-03-27,6440.0,PUT,1,-1,2026-03-26T11:43:47.919,63,7.1,30,7.3,-0.1459,-9.1595,85.0323,-132.5458,0.0024,-0.9279,36.2939,0.2564,2026-03-26T11:43:48,2026-03-26T11:43:34.806,7.85,14.07,5.7,7.2,3908.0,583.0,2026-03-26T11:43:34.806,7.2,222,2026-03-26 11:43:45 EDT,6538.17,0.984985095217775,-1.5014904782225007,6540.0,7.199999999999999,0.20000000000000018,2.7777777777777803,1174,-1842194.7792,-9982792.020000001,1075325.2999999998,-17128.66,-0.001,0.15,0.1
SPXW,2026-03-27,6445.0,CALL,1,1,2026-03-26T11:43:48.022,19,101.2,15,104.4,0.8325,-11.0493,93.0697,52.9531,0.0025,-0.8935,36.2513,0.2662,2026-03-26T11:43:48,2026-03-26T11:32:36.111,110.86,110.86,101.34,101.34,2.0,2.0,2026-03-26T11:32:36.111,101.34,222,2026-03-26 11:43:45 EDT,6538.17,0.9857498351985341,-1.4250164801465866,6540.0,102.80000000000001,3.200000000000003,3.1128404669260723,109,178165.1325,1014459.73,120437.37000000001,9074.25,-0.0034,-1.4,0.0
SPXW,2026-03-27,6445.0,PUT,1,-1,2026-03-26T11:43:48.024,88,7.8,76,8.0,-0.1576,-9.6066,89.5142,-130.5081,0.0025,-0.9331,36.3427,0.2555,2026-03-26T11:43:48,2026-03-26T11:41:49.626,8.35,14.85,5.8,7.67,653.0,239.0,2026-03-26T11:41:49.626,7.67,222,2026-03-26 11:43:45 EDT,6538.17,0.9857498351985341,-1.4250164801465866,6540.0,7.9,0.20000000000000018,2.531645569620255,500,-817271.25,-4475710.0,480330.0,-7880.0,0.0,0.2,0.0
SPXW,2026-03-27,6450.0,CALL,1,1,2026-03-26T11:43:48.016,16,97.8,15,99.7,0.8188,-11.6055,97.843,54.2175,0.0026,-0.8845,35.9337,0.2668,2026-03-26T11:43:48,2026-03-26T10:52:57.458,147.38,147.38,100.12,107.48,26.0,21.0,2026-03-26T10:52:57.458,107.48,222,2026-03-26 11:43:45 EDT,6538.17,0.9865145751792933,-1.3485424820706722,6540.0,98.75,1.9000000000000057,1.924050632911398,593,1008055.0506,5802089.9,688206.15,48554.84,-0.0019,-1.25,0.3
SPXW,2026-03-27,6450.0,PUT,1,-1,2026-03-26T11:43:48.029,64,8.5,34,8.7,-0.1695,-10.0072,93.8224,-128.8854,0.0026,-0.9361,36.2141,0.254,2026-03-26T11:43:48,2026-03-26T11:43:47.326,8.0,18.4,6.38,8.6,3085.0,934.0,2026-03-26T11:43:47.326,8.6,222,2026-03-26 11:43:45 EDT,6538.17,0.9865145751792933,-1.3485424820706722,6540.0,8.6,0.1999999999999993,2.3255813953488293,3265,-5550252.512999999,-30633013.6,3267350.8,-55341.75,-0.0002,0.2,0.0
SPXW,2026-03-27,6455.0,CALL,1,1,2026-03-26T11:43:48.032,16,93.5,15,95.4,0.8073,-11.9203,101.6561,55.8864,0.0027,-0.8835,35.5115,0.2642,2026-03-26T11:43:48,2026-03-26T09:44:33.374,109.96,109.96,109.96,109.96,1.0,1.0,2026-03-26T09:44:33.374,109.96,222,2026-03-26 11:43:45 EDT,6538.17,0.9872793151600524,-1.272068483994758,6540.0,94.45,1.9000000000000057,2.011646373742727,205,361887.7095,2083950.0499999998,244366.14999999997,16549.65,-0.0025,-1.2,0.4
SPXW,2026-03-27,6455.0,PUT,1,-1,2026-03-26T11:43:47.928,63,9.3,34,9.5,-0.1824,-10.4392,98.3021,-126.9268,0.0028,-0.9324,35.8886,0.253,2026-03-26T11:43:48,2026-03-26T11:42:45.011,8.62,18.5,7.1,9.5,570.0,246.0,2026-03-26T11:42:45.011,9.5,222,2026-03-26 11:43:45 EDT,6538.17,0.9872793151600524,-1.272068483994758,6540.0,9.4,0.1999999999999993,2.1276595744680775,403,-737767.1028000001,-3961574.63,420699.75999999995,-7350.719999999999,-0.0003,0.2,-0.0
SPXW,2026-03-27,6460.0,CALL,1,1,2026-03-26T11:43:47.846,5,89.6,15,91.3,0.7938,-12.3329,105.8672,57.4506,0.0029,-0.8721,34.8588,0.2631,2026-03-26T11:43:48,2026-03-26T10:11:17.489,94.33,118.44,93.87,114.0,12.0,9.0,2026-03-26T10:11:17.489,114.0,222,2026-03-26 11:43:45 EDT,6538.17,0.9880440551408116,-1.1955944859188439,6540.0,90.44999999999999,1.7000000000000028,1.879491431730241,253,479705.5329,2678440.1599999997,312022.37,20083.139999999996,-0.0011,-1.05,0.1
SPXW,2026-03-27,6460.0,PUT,1,-1,2026-03-26T11:43:47.965,45,10.2,59,10.4,-0.1964,-10.8915,102.8723,-124.7248,0.0029,-0.9217,35.3412,0.2523,2026-03-26T11:43:48,2026-03-26T11:41:21.052,8.74,19.9,7.62,9.4,1948.0,306.0,2026-03-26T11:41:21.052,9.4,222,2026-03-26 11:43:45 EDT,6538.17,0.9880440551408116,-1.1955944859188439,6540.0,10.3,0.20000000000000107,1.9417475728155442,662,-1255197.8766,-6810146.26,721017.3,-13001.679999999998,0.0005,0.3,0.0
SPXW,2026-03-27,6465.0,CALL,1,1,2026-03-26T11:43:48.025,7,85.5,7,87.1,0.7799,-12.7267,110.0006,59.0867,0.003,-0.8561,34.0117,0.2618,2026-03-26T11:43:48,2026-03-26T11:38:21.942,104.6,114.06,88.5,90.25,31.0,15.0,2026-03-26T11:38:21.942,90.25,222,2026-03-26 11:43:45 EDT,6538.17,0.9888087951215707,-1.1191204878429295,6540.0,86.3,1.5999999999999943,1.8539976825028903,114,223605.41400000002,1254006.84,145084.37999999998,8890.86,-0.0008,-1.1,0.2
SPXW,2026-03-27,6465.0,PUT,1,-1,2026-03-26T11:43:47.951,68,11.1,56,11.3,-0.2105,-11.2889,107.2193,-122.9273,0.003,-0.9084,34.6021,0.251,2026-03-26T11:43:48,2026-03-26T11:43:03.205,10.44,19.2,8.74,10.95,854.0,269.0,2026-03-26T11:43:03.205,10.95,222,2026-03-26 11:43:45 EDT,6538.17,0.9888087951215707,-1.1191204878429295,6540.0,11.2,0.20000000000000107,1.7857142857142954,447,-876768.5970000001,-4792702.71,504613.82999999996,-9409.349999999999,0.0003,0.3,0.0
SPXW,2026-03-27,6470.0,CALL,1,1,2026-03-26T11:43:48.025,7,81.6,7,83.0,0.7653,-13.097,114.0319,60.805,0.0031,-0.8357,32.9685,0.2604,2026-03-26T11:43:48,2026-03-26T11:20:22.26,107.39,111.02,87.6,87.6,52.0,22.0,2026-03-26T11:20:22.26,87.6,222,2026-03-26 11:43:45 EDT,6538.17,0.9895735351023298,-1.0426464897670153,6540.0,82.3,1.4000000000000057,1.7010935601458148,37,74992.8099,421918.03,48458.9,2831.6099999999997,-0.0005,-1.05,0.1
SPXW,2026-03-27,6470.0,PUT,1,-1,2026-03-26T11:43:47.98,50,12.1,53,12.3,-0.2256,-11.6953,111.5803,-120.9383,0.0032,-0.8877,33.6263,0.25,2026-03-26T11:43:48,2026-03-26T11:43:31.381,10.45,20.47,9.8,12.1,2576.0,263.0,2026-03-26T11:43:31.381,12.1,222,2026-03-26 11:43:45 EDT,6538.17,0.9895735351023298,-1.0426464897670153,6540.0,12.2,0.20000000000000107,1.6393442622950907,1993,-4169783.2992000002,-22237953.79,2330873.29,-44962.079999999994,0.0001,0.3,0.0
SPXW,2026-03-27,6475.0,CALL,1,1,2026-03-26T11:43:48.03,13,77.7,13,78.7,0.7513,-13.3483,117.6796,62.8228,0.0033,-0.817,31.8185,0.2575,2026-03-26T11:43:48,2026-03-26T11:38:21.942,82.23,106.84,76.93,82.13,97.0,31.0,2026-03-26T11:38:21.942,82.13,222,2026-03-26 11:43:45 EDT,6538.17,0.990338275083089,-0.9661724916911012,6540.0,78.2,1.0,1.278772378516624,59,127298.16990000002,694309.6399999999,78754.97,4432.669999999999,-0.0015,-1.15,-0.1
SPXW,2026-03-27,6475.0,PUT,1,-1,2026-03-26T11:43:48.029,3,13.2,51,13.4,-0.2416,-12.104,115.8966,-118.8001,0.0033,-0.8597,32.4032,0.2492,2026-03-26T11:43:48,2026-03-26T11:43:47.836,10.66,23.88,10.2,13.25,796.0,327.0,2026-03-26T11:43:47.836,13.25,222,2026-03-26 11:43:45 EDT,6538.17,0.990338275083089,-0.9661724916911012,6540.0,13.3,0.20000000000000107,1.5037593984962485,1289,-2781141.3729000003,-14939071.74,1560205.5999999999,-31142.240000000005,0.0004,0.4,0.0
SPXW,2026-03-27,6480.0,CALL,1,1,2026-03-26T11:43:48.019,19,73.7,17,75.5,0.7337,-13.8412,121.9358,64.3123,0.0034,-0.7748,30.1961,0.2583,2026-03-26T11:43:48,2026-03-26T11:38:19.653,104.0,104.0,74.7,77.24,52.0,19.0,2026-03-26T11:38:19.653,77.24,222,2026-03-26 11:43:45 EDT,6538.17,0.9911030150638481,-0.8896984936151869,6540.0,74.6,1.7999999999999972,2.412868632707771,70,155608.446,853550.6,96888.4,5135.900000000001,0.0001,-0.95,0.3
SPXW,2026-03-27,6480.0,PUT,1,-1,2026-03-26T11:43:48.017,61,14.3,30,14.5,-0.2577,-12.4489,119.9473,-117.0437,0.0035,-0.8288,30.9906,0.2478,2026-03-26T11:43:48,2026-03-26T11:40:49.014,15.79,25.73,11.05,13.04,812.0,313.0,2026-03-26T11:40:49.014,13.04,222,2026-03-26 11:43:45 EDT,6538.17,0.9911030150638481,-0.8896984936151869,6540.0,14.4,0.1999999999999993,1.388888888888884,847,-1938240.4965000001,-10159536.31,1054421.83,-21827.19,-0.0002,0.35,0.1
SPXW,2026-03-27,6485.0,CALL,1,1,2026-03-26T11:43:47.984,7,70.0,17,71.7,0.7171,-14.1738,125.6439,66.1789,0.0035,-0.7364,28.4944,0.2571,2026-03-26T11:43:48,2026-03-26T11:38:21.942,79.54,93.69,74.31,74.31,4.0,4.0,2026-03-26T11:38:21.942,74.31,222,2026-03-26 11:43:45 EDT,6538.17,0.9918677550446072,-0.8132244955392729,6540.0,70.85,1.7000000000000028,2.399435426958367,35,80092.5825,439753.65,49608.299999999996,2509.85,-0.0005,-1.0,0.4
SPXW,2026-03-27,6485.0,PUT,1,-1,2026-03-26T11:43:48.019,58,15.5,13,15.7,-0.2748,-12.7858,123.8893,-115.169,0.0036,-0.7904,29.3314,0.2465,2026-03-26T11:43:48,2026-03-26T11:40:49.014,12.0,26.2,11.42,14.21,510.0,216.0,2026-03-26T11:40:49.014,14.21,222,2026-03-26 11:43:45 EDT,6538.17,0.9918677550446072,-0.8132244955392729,6540.0,15.6,0.1999999999999993,1.2820512820512775,584,-1374584.8608,-7235135.12,746690.72,-16048.319999999998,-0.0004,0.35,0.1
SPXW,2026-03-27,6490.0,CALL,1,1,2026-03-26T11:43:47.984,8,66.4,18,68.0,0.6997,-14.4931,129.191,68.0798,0.0036,-0.6914,26.5657,0.256,2026-03-26T11:43:48,2026-03-26T11:33:37.941,104.0,104.0,67.28,67.28,75.0,33.0,2026-03-26T11:33:37.941,67.28,222,2026-03-26 11:43:45 EDT,6538.17,0.9926324950253664,-0.7367504974633586,6540.0,67.2,1.5999999999999943,2.3809523809523725,56,131809.5072,723469.6,81161.36,3918.3199999999997,0.0001,-0.9,0.2
SPXW,2026-03-27,6490.0,PUT,1,-1,2026-03-26T11:43:47.983,60,16.8,45,17.1,-0.2926,-13.1088,127.6728,-113.2022,0.0037,-0.7448,27.4258,0.2454,2026-03-26T11:43:48,2026-03-26T11:43:39.355,19.2,26.15,12.9,16.7,863.0,252.0,2026-03-26T11:43:39.355,16.7,222,2026-03-26 11:43:45 EDT,6538.17,0.9926324950253664,-0.7367504974633586,6540.0,16.950000000000003,0.3000000000000007,1.7699115044247826,3058,-7397677.8282,-39042342.239999995,4008671.0400000005,-89477.08000000002,-0.0001,0.4,0.2
SPXW,2026-03-27,6495.0,CALL,1,1,2026-03-26T11:43:47.92,3,63.1,9,63.4,0.6836,-14.5859,132.1853,70.6685,0.0038,-0.6543,24.6569,0.2521,2026-03-26T11:43:48,2026-03-26T11:42:06.884,81.7,90.81,63.7,64.1,54.0,20.0,2026-03-26T11:42:06.884,64.1,222,2026-03-26 11:43:45 EDT,6538.17,0.9933972350061255,-0.6602764993874444,6540.0,63.25,0.29999999999999716,0.47430830039525246,534,1326725.4563999998,7058695.0200000005,778887.06,36504.24,-0.0016,-1.1,0.0
SPXW,2026-03-27,6495.0,PUT,1,-1,2026-03-26T11:43:48.02,7,18.3,37,18.5,-0.3116,-13.4635,131.345,-110.7574,0.0038,-0.6882,25.2175,0.2451,2026-03-26T11:43:48,2026-03-26T11:43:23.8,19.0,29.8,13.6,18.17,510.0,241.0,2026-03-26T11:43:23.8,18.17,222,2026-03-26 11:43:45 EDT,6538.17,0.9933972350061255,-0.6602764993874444,6540.0,18.4,0.1999999999999993,1.0869565217391266,1269,-3152836.3373999996,-16667680.5,1708518.15,-39542.03999999999,0.0004,0.45,0.1
SPXW,2026-03-27,6500.0,CALL,1,1,2026-03-26T11:43:47.954,4,59.6,11,59.9,0.6649,-14.8438,135.3202,72.7625,0.0039,-0.5977,22.3138,0.2509,2026-03-26T11:43:48,2026-03-26T11:38:19.653,92.75,92.75,62.0,62.49,169.0,69.0,2026-03-26T11:38:19.653,62.49,222,2026-03-26 11:43:45 EDT,6538.17,0.9941619749868847,-0.5838025013115301,6540.0,59.75,0.29999999999999716,0.5020920502092002,765,1950663.0194999997,10351995.299999999,1135550.7,50864.85,-0.0014,-1.1,0.0
SPXW,2026-03-27,6500.0,PUT,1,-1,2026-03-26T11:43:48.02,14,19.8,35,20.0,-0.3308,-13.7392,134.6525,-108.7063,0.0039,-0.6289,22.8431,0.2441,2026-03-26T11:43:48,2026-03-26T11:43:47.864,14.94,33.17,14.4,19.8,4002.0,1238.0,2026-03-26T11:43:47.864,19.8,222,2026-03-26 11:43:45 EDT,6538.17,0.9941619749868847,-0.5838025013115301,6540.0,19.9,0.1999999999999993,1.0050251256281373,5137,-13098765.923099998,-69170989.25,7057827.040000001,-169931.96,0.0006,0.5,0.0
SPXW,2026-03-27,6505.0,CALL,1,1,2026-03-26T11:43:47.92,8,56.2,12,56.5,0.6456,-15.0721,138.1831,74.9162,0.004,-0.5352,19.7673,0.2498,2026-03-26T11:43:48,2026-03-26T11:34:30.702,78.7,78.7,55.39,56.3,66.0,27.0,2026-03-26T11:34:30.702,56.3,222,2026-03-26 11:43:45 EDT,6538.17,0.9949267149676438,-0.507328503235616,6540.0,56.35,0.29999999999999716,0.5323868677905894,460,1203023.28,6356422.6,693316.6,29697.6,-0.0012,-1.1,-0.0
SPXW,2026-03-27,6505.0,PUT,1,-1,2026-03-26T11:43:48.02,7,21.4,33,21.6,-0.3506,-13.9837,137.6706,-106.6375,0.0041,-0.5633,20.2533,0.2432,2026-03-26T11:43:48,2026-03-26T11:39:28.038,16.5,33.23,16.4,20.4,477.0,202.0,2026-03-26T11:39:28.038,20.4,222,2026-03-26 11:43:45 EDT,6538.17,0.9949267149676438,-0.507328503235616,6540.0,21.5,0.20000000000000284,0.9302325581395481,624,-1672725.4128,-8590645.44,872582.8800000001,-21877.440000000002,0.0004,0.5,0.0
SPXW,2026-03-27,6510.0,CALL,1,1,2026-03-26T11:43:47.925,9,52.9,14,53.2,0.6258,-15.267,140.7412,77.1331,0.0041,-0.4671,17.0317,0.2488,2026-03-26T11:43:48,2026-03-26T11:36:22.045,74.5,81.63,52.29,55.87,47.0,25.0,2026-03-26T11:36:22.045,55.87,222,2026-03-26 11:43:45 EDT,6538.17,0.9956914549484029,-0.4308545051597018,6540.0,53.05,0.30000000000000426,0.5655042412818178,510,1367131.347,7177801.2,778617.0,31915.800000000003,-0.0013,-1.0,0.0
SPXW,2026-03-27,6510.0,PUT,1,-1,2026-03-26T11:43:48.02,7,23.1,31,23.3,-0.371,-14.1925,140.3646,-104.565,0.0041,-0.4918,17.4643,0.2423,2026-03-26T11:43:48,2026-03-26T11:42:31.918,18.6,35.3,17.6,22.9,796.0,303.0,2026-03-26T11:42:31.918,22.9,222,2026-03-26 11:43:45 EDT,6538.17,0.9956914549484029,-0.4308545051597018,6540.0,23.200000000000003,0.1999999999999993,0.8620689655172382,1245,-3337408.8765000007,-17475392.7,1766966.2500000002,-46189.5,0.0003,0.6,0.0
SPXW,2026-03-27,6515.0,CALL,1,1,2026-03-26T11:43:47.928,9,49.7,14,50.0,0.6054,-15.4259,142.9641,79.4135,0.0041,-0.3938,14.1238,0.2477,2026-03-26T11:43:48,2026-03-26T11:36:22.045,68.4,77.88,52.62,52.62,49.0,31.0,2026-03-26T11:36:22.045,52.62,222,2026-03-26 11:43:45 EDT,6538.17,0.9964561949291622,-0.35438050708378754,6540.0,49.85,0.29999999999999716,0.6018054162487405,349,935546.7453000001,4989447.09,538363.91,21128.460000000003,-0.0015,-1.0,0.0
SPXW,2026-03-27,6515.0,PUT,1,-1,2026-03-26T11:43:48.02,6,24.9,26,25.1,-0.3919,-14.3624,142.7033,-102.4942,0.0042,-0.4148,14.4944,0.2413,2026-03-26T11:43:48,2026-03-26T11:43:24.177,19.28,37.1,18.16,24.71,631.0,253.0,2026-03-26T11:43:24.177,24.71,222,2026-03-26 11:43:45 EDT,6538.17,0.9964561949291622,-0.35438050708378754,6540.0,25.0,0.20000000000000284,0.8000000000000113,476,-1307110.9464,-6792677.080000001,683650.24,-18654.440000000002,0.0007,0.6,0.0
SPXW,2026-03-27,6520.0,CALL,1,1,2026-03-26T11:43:47.919,19,46.6,14,46.9,0.5847,-15.5424,144.8224,81.7756,0.0042,-0.316,11.0662,0.2467,2026-03-26T11:43:48,2026-03-26T11:42:22.837,61.1,73.9,46.5,47.4,181.0,67.0,2026-03-26T11:42:22.837,47.4,222,2026-03-26 11:43:45 EDT,6538.17,0.9972209349099213,-0.27790650900787334,6540.0,46.75,0.29999999999999716,0.641711229946518,249,683761.8185999999,3606077.7599999993,387005.76,14559.03,-0.0009,-1.0,0.0
SPXW,2026-03-27,6520.0,PUT,1,-1,2026-03-26T11:43:48.02,6,26.8,26,27.0,-0.4132,-14.4891,144.6579,-100.4402,0.0043,-0.333,11.3656,0.2403,2026-03-26T11:43:48,2026-03-26T11:43:31.381,19.69,40.0,19.42,26.66,1286.0,430.0,2026-03-26T11:43:31.381,26.66,222,2026-03-26 11:43:45 EDT,6538.17,0.9972209349099213,-0.27790650900787334,6540.0,26.9,0.1999999999999993,0.743494423791819,808,-2271621.7848,-11688358.32,1170719.28,-33386.560000000005,0.0005,0.6,0.0
SPXW,2026-03-27,6525.0,CALL,1,1,2026-03-26T11:43:47.993,19,43.6,10,43.9,0.5635,-15.6166,146.2935,84.213,0.0043,-0.234,7.8785,0.2456,2026-03-26T11:43:48,2026-03-26T11:41:05.47,73.9,73.9,42.3,46.52,155.0,81.0,2026-03-26T11:41:05.47,46.52,222,2026-03-26 11:43:45 EDT,6538.17,0.9979856748906805,-0.20143251093195916,6540.0,43.75,0.29999999999999716,0.6857142857142793,185,520111.4235,2706429.75,288907.1,10424.75,-0.0011,-0.95,0.1
SPXW,2026-03-27,6525.0,PUT,1,-1,2026-03-26T11:43:48.02,6,28.8,24,29.0,-0.4349,-14.5694,146.2032,-98.4094,0.0044,-0.2468,8.1014,0.2393,2026-03-26T11:43:48,2026-03-26T11:43:10.355,20.89,38.5,20.89,28.3,2850.0,743.0,2026-03-26T11:43:10.355,28.3,222,2026-03-26 11:43:45 EDT,6538.17,0.9979856748906805,-0.20143251093195916,6540.0,28.9,0.1999999999999993,0.6920415224913471,1386,-3987237.5928000007,-20263763.520000003,2019318.8399999999,-60277.14,0.0003,0.65,0.1
SPXW,2026-03-27,6530.0,CALL,1,1,2026-03-26T11:43:48.006,8,40.8,16,41.0,0.5419,-15.665,147.3565,86.6299,0.0043,-0.148,4.5788,0.2448,2026-03-26T11:43:48,2026-03-26T11:41:44.07,80.6,80.6,40.4,42.15,367.0,193.0,2026-03-26T11:41:44.07,42.15,222,2026-03-26 11:43:45 EDT,6538.17,0.9987504148714396,-0.12495851285604492,6540.0,40.9,0.20000000000000284,0.48899755501223185,162,455448.92220000003,2387175.3000000003,253773.0,8778.78,-0.0013,-0.9,0.0
SPXW,2026-03-27,6530.0,PUT,1,-1,2026-03-26T11:43:48.029,6,30.9,24,31.1,-0.457,-14.6012,147.3171,-96.404,0.0044,-0.1568,4.7264,0.2383,2026-03-26T11:43:48,2026-03-26T11:42:27.425,21.14,45.92,20.96,30.9,1020.0,388.0,2026-03-26T11:42:27.425,30.9,222,2026-03-26 11:43:45 EDT,6538.17,0.9987504148714396,-0.12495851285604492,6540.0,31.0,0.20000000000000284,0.6451612903225898,517,-1487302.9116,-7616294.07,754882.04,-23626.9,0.0005,0.7,0.0
SPXW,2026-03-27,6535.0,CALL,1,1,2026-03-26T11:43:48.029,19,38.0,8,38.2,0.52,-15.6639,147.9876,89.1355,0.0043,-0.0596,1.2086,0.244,2026-03-26T11:43:48,2026-03-26T11:43:16.515,68.9,68.9,37.0,39.3,408.0,188.0,2026-03-26T11:43:16.515,39.3,222,2026-03-26 11:43:45 EDT,6538.17,0.9995151548521987,-0.048484514780130716,6540.0,38.1,0.20000000000000284,0.5249343832021072,107,300821.20170000003,1583467.3199999998,167603.72999999998,5564.0,-0.0011,-0.9,0.0
SPXW,2026-03-27,6535.0,PUT,1,-1,2026-03-26T11:43:48.02,11,33.1,8,33.3,-0.4794,-14.5824,147.9797,-94.4257,0.0045,-0.0637,1.2677,0.2371,2026-03-26T11:43:48,2026-03-26T11:43:33.54,24.5,43.3,24.5,33.0,924.0,423.0,2026-03-26T11:43:33.54,33.0,222,2026-03-26 11:43:45 EDT,6538.17,0.9995151548521987,-0.048484514780130716,6540.0,33.2,0.19999999999999574,0.6024096385542039,437,-1285731.1305,-6466712.890000001,637250.88,-20949.78,0.0006,0.7,-0.0
SPXW,2026-03-27,6540.0,CALL,1,1,2026-03-26T11:43:48.029,19,35.3,28,35.6,0.498,-15.5923,148.1739,91.8554,0.0044,0.0306,-2.2067,0.2427,2026-03-26T11:43:48,2026-03-26T11:43:18.175,73.6,73.6,34.9,36.1,1124.0,367.0,2026-03-26T11:43:18.175,36.1,222,2026-03-26 11:43:45 EDT,6538.17,1.0002798948329579,0.027989483295783487,6540.0,35.45,0.30000000000000426,0.846262341325823,160,460287.168,2370782.4,249476.8,7968.000000000001,-0.001,-0.85,0.1
SPXW,2026-03-27,6540.0,PUT,1,-1,2026-03-26T11:43:47.855,28,35.4,8,35.6,-0.5021,-14.5102,148.1734,-92.4849,0.0045,0.0318,-2.2463,0.2359,2026-03-26T11:43:48,2026-03-26T11:43:28.842,25.5,48.4,23.54,35.2,1515.0,581.0,2026-03-26T11:43:28.842,35.2,222,2026-03-26 11:43:45 EDT,6538.17,1.0002798948329579,0.027989483295783487,6540.0,35.5,0.20000000000000284,0.5633802816901489,505,-1485799.1324999998,-7482756.699999999,732765.1,-25356.05,0.0004,0.7,0.0
SPXW,2026-03-27,6545.0,CALL,1,1,2026-03-26T11:43:47.951,3,32.8,26,33.0,0.4758,-15.489,147.9039,94.5662,0.0044,0.1223,-5.6405,0.2418,2026-03-26T11:43:48,2026-03-26T11:43:18.176,77.1,77.1,32.5,33.5,890.0,364.0,2026-03-26T11:43:18.176,33.5,222,2026-03-26 11:43:45 EDT,6538.17,1.001044634813717,0.10446348137169768,6540.0,32.9,0.20000000000000284,0.6079027355623187,273,785364.9804,4037776.4699999997,422849.7,12989.340000000002,-0.0005,-0.8,0.0
SPXW,2026-03-27,6545.0,PUT,1,-1,2026-03-26T11:43:47.929,3,37.9,17,38.1,-0.5249,-14.4259,147.8854,-90.3268,0.0045,0.1285,-5.7724,0.2353,2026-03-26T11:43:48,2026-03-26T11:43:31.518,26.5,50.4,26.5,37.7,1020.0,396.0,2026-03-26T11:43:31.518,37.7,222,2026-03-26 11:43:45 EDT,6538.17,1.001044634813717,0.10446348137169768,6540.0,38.0,0.20000000000000284,0.5263157894736916,333,-979744.7744999999,-4924583.82,480382.47000000003,-17479.170000000002,0.0009,0.8,0.0
SPXW,2026-03-27,6550.0,CALL,1,1,2026-03-26T11:43:48.033,19,30.3,16,30.5,0.4534,-15.3131,147.1663,97.5247,0.0044,0.2151,-9.0716,0.2404,2026-03-26T11:43:48,2026-03-26T11:42:56.432,73.6,73.6,29.4,31.2,1997.0,617.0,2026-03-26T11:42:56.432,31.2,222,2026-03-26 11:43:45 EDT,6538.17,1.001809374794476,0.1809374794476119,6540.0,30.4,0.1999999999999993,0.657894736842103,1359,3909564.1332000005,19999900.17,2081050.29,61617.060000000005,-0.0007,-0.8,0.0
SPXW,2026-03-27,6550.0,PUT,1,-1,2026-03-26T11:43:48.033,25,40.3,8,40.6,-0.548,-14.223,147.0993,-88.5855,0.0045,0.2272,-9.31,0.2335,2026-03-26T11:43:48,2026-03-26T11:43:29.788,29.7,55.0,26.3,40.23,1850.0,936.0,2026-03-26T11:43:29.788,40.23,222,2026-03-26 11:43:45 EDT,6538.17,1.001809374794476,0.1809374794476119,6540.0,40.45,0.30000000000000426,0.7416563658838177,4715,-13872362.197499998,-69357319.95,6706144.500000001,-258382.00000000003,0.0007,0.8,0.0
SPXW,2026-03-27,6555.0,CALL,1,1,2026-03-26T11:43:47.853,3,28.0,27,28.2,0.4311,-15.127,145.9648,100.3225,0.0044,0.3066,-12.4373,0.2396,2026-03-26T11:43:48,2026-03-26T11:43:24.725,63.1,63.68,27.8,28.5,808.0,350.0,2026-03-26T11:43:24.725,28.5,222,2026-03-26 11:43:45 EDT,6538.17,1.0025741147752352,0.2574114775235261,6540.0,28.1,0.1999999999999993,0.7117437722419904,225,647278.8300000001,3284208.0,340357.5,9699.75,-0.0009,-0.7,0.0
SPXW,2026-03-27,6555.0,PUT,1,-1,2026-03-26T11:43:48.033,15,43.0,7,43.2,-0.5712,-13.9846,145.8069,-86.7575,0.0045,0.326,-12.8048,0.232,2026-03-26T11:43:48,2026-03-26T11:36:39.104,29.8,55.6,29.8,42.3,690.0,309.0,2026-03-26T11:36:39.104,42.3,222,2026-03-26 11:43:45 EDT,6538.17,1.0025741147752352,0.2574114775235261,6540.0,43.1,0.20000000000000284,0.4640371229698442,1209,-3557091.3884999994,-17628054.21,1690738.1400000001,-69058.08,-0.0002,0.85,-0.1
SPXW,2026-03-27,6560.0,CALL,1,1,2026-03-26T11:43:47.925,19,25.7,16,25.9,0.4086,-14.8449,144.2745,103.5607,0.0043,0.3989,-15.7614,0.238,2026-03-26T11:43:48,2026-03-26T11:43:16.452,56.1,56.1,25.7,26.7,1303.0,485.0,2026-03-26T11:43:16.452,26.7,222,2026-03-26 11:43:45 EDT,6538.17,1.0033388547559945,0.3338854755994403,6540.0,25.799999999999997,0.1999999999999993,0.7751937984496097,441,1239833.1771000002,6362505.45,654660.0900000001,18019.26,-0.0012,-0.7,-0.0
SPXW,2026-03-27,6560.0,PUT,1,-1,2026-03-26T11:43:47.838,18,45.7,7,46.0,-0.5942,-13.7354,144.0242,-84.7345,0.0045,0.422,-16.1866,0.231,2026-03-26T11:43:48,2026-03-26T11:43:41.892,34.36,59.0,32.0,45.5,1866.0,693.0,2026-03-26T11:43:41.892,45.5,222,2026-03-26 11:43:45 EDT,6538.17,1.0033388547559945,0.3338854755994403,6540.0,45.85,0.29999999999999716,0.654307524536526,872,-2565577.908,-12558910.24,1197726.88,-51814.24,0.0003,0.9,-0.0
SPXW,2026-03-27,6565.0,CALL,1,1,2026-03-26T11:43:47.919,12,23.6,24,23.8,0.3864,-14.5557,142.1332,106.6144,0.0043,0.4874,-18.9412,0.2371,2026-03-26T11:43:48,2026-03-26T11:43:16.571,51.44,51.44,23.3,24.6,949.0,492.0,2026-03-26T11:43:16.571,24.6,222,2026-03-26 11:43:45 EDT,6538.17,1.0041035947367536,0.4103594736753546,6540.0,23.700000000000003,0.1999999999999993,0.8438818565400814,371,1043034.2601000001,5273141.72,540016.47,14335.44,-0.0006,-0.65,-0.1
SPXW,2026-03-27,6565.0,PUT,1,-1,2026-03-26T11:43:47.999,17,48.6,6,48.9,-0.6171,-13.432,141.745,-82.7649,0.0044,0.5159,-19.4491,0.23,2026-03-26T11:43:48,2026-03-26T11:43:44.635,35.4,60.0,33.1,48.08,818.0,473.0,2026-03-26T11:43:44.635,48.08,222,2026-03-26 11:43:45 EDT,6538.17,1.0041035947367536,0.4103594736753546,6540.0,48.75,0.29999999999999716,0.6153846153846095,391,-1124826.7668,-5542229.5,525191.2000000001,-24128.61,0.0008,0.9,0.0
SPXW,2026-03-27,6570.0,CALL,1,1,2026-03-26T11:43:48.029,12,21.6,23,21.8,0.3644,-14.2175,139.5338,109.798,0.0042,0.573,-21.9784,0.236,2026-03-26T11:43:48,2026-03-26T11:43:16.478,54.1,56.3,21.45,22.5,863.0,401.0,2026-03-26T11:43:16.478,22.5,222,2026-03-26 11:43:45 EDT,6538.17,1.0048683347175127,0.48683347175126873,6540.0,21.700000000000003,0.1999999999999993,0.9216589861751118,409,1123126.8426,5706932.42,581495.75,14903.960000000001,-0.0009,-0.6,0.0
SPXW,2026-03-27,6570.0,PUT,1,-1,2026-03-26T11:43:47.92,13,51.6,6,51.9,-0.6398,-13.0761,138.9745,-80.8418,0.0044,0.6067,-22.5594,0.2288,2026-03-26T11:43:48,2026-03-26T11:43:44.635,38.26,67.4,36.6,51.08,976.0,452.0,2026-03-26T11:43:44.635,51.08,222,2026-03-26 11:43:45 EDT,6538.17,1.0048683347175127,0.48683347175126873,6540.0,51.75,0.29999999999999716,0.5797101449275308,748,-2151842.5104,-10395292.600000001,978092.28,-47857.04,0.0006,1.0,0.0
SPXW,2026-03-27,6575.0,CALL,1,1,2026-03-26T11:43:48.018,13,19.7,30,19.9,0.3425,-13.8316,136.4845,113.1251,0.0042,0.655,-24.8445,0.2349,2026-03-26T11:43:48,2026-03-26T11:43:28.421,47.5,57.9,19.23,19.98,1462.0,504.0,2026-03-26T11:43:28.421,19.98,222,2026-03-26 11:43:45 EDT,6538.17,1.0056330746982718,0.5633074698271829,6540.0,19.799999999999997,0.1999999999999993,1.0101010101010066,1275,3501190.0349999997,17401773.75,1763529.0,43668.75000000001,-0.0003,-0.6,0.0
SPXW,2026-03-27,6575.0,PUT,1,-1,2026-03-26T11:43:47.913,12,54.7,5,55.0,-0.6624,-12.6703,135.7207,-78.9595,0.0043,0.6937,-25.4848,0.2275,2026-03-26T11:43:48,2026-03-26T11:41:34.042,41.3,70.5,38.8,51.8,496.0,203.0,2026-03-26T11:41:34.042,51.8,222,2026-03-26 11:43:45 EDT,6538.17,1.0056330746982718,0.5633074698271829,6540.0,54.85,0.29999999999999716,0.5469462169553275,1125,-3162839.7375000003,-15268578.75,1425408.75,-74520.0,0.0012,1.0,0.0
SPXW,2026-03-27,6580.0,CALL,1,1,2026-03-26T11:43:48.002,35,17.9,33,18.1,0.321,-13.4013,132.9992,116.5968,0.0041,0.7326,-27.5093,0.2337,2026-03-26T11:43:48,2026-03-26T11:41:28.28,45.4,45.4,18.0,19.25,824.0,347.0,2026-03-26T11:41:28.28,19.25,222,2026-03-26 11:43:45 EDT,6538.17,1.0063978146790309,0.6397814679030971,6540.0,18.0,0.20000000000000284,1.111111111111127,596,1597667.2212,7926752.319999999,798717.4800000001,19131.6,-0.0005,-0.55,-0.1
SPXW,2026-03-27,6580.0,PUT,1,-1,2026-03-26T11:43:47.926,12,57.9,3,58.2,-0.6847,-12.2159,131.9928,-77.1188,0.0042,0.776,-28.1945,0.2261,2026-03-26T11:43:48,2026-03-26T11:41:10.551,41.2,64.8,36.9,54.93,312.0,138.0,2026-03-26T11:41:10.551,54.93,222,2026-03-26 11:43:45 EDT,6538.17,1.0063978146790309,0.6397814679030971,6540.0,58.05,0.30000000000000426,0.5167958656330823,981,-2693856.8033999996,-12948493.68,1198379.79,-67169.06999999999,0.001,1.0,0.0
SPXW,2026-03-27,6585.0,CALL,1,1,2026-03-26T11:43:47.918,59,16.2,16,16.4,0.2997,-12.9281,129.092,120.2324,0.004,0.8051,-29.9463,0.2323,2026-03-26T11:43:48,2026-03-26T11:40:05.198,47.64,49.0,16.45,17.3,791.0,282.0,2026-03-26T11:40:05.198,17.3,222,2026-03-26 11:43:45 EDT,6538.17,1.0071625546597902,0.7162554659790114,6540.0,16.299999999999997,0.1999999999999993,1.2269938650306706,439,1148102.652,5667138.800000001,567543.5900000001,13156.830000000002,-0.0009,-0.5,0.0
SPXW,2026-03-27,6585.0,PUT,1,-1,2026-03-26T11:43:48.019,9,61.2,2,61.5,-0.7067,-11.7146,127.8018,-75.32,0.0041,0.853,-30.6583,0.2245,2026-03-26T11:43:48,2026-03-26T11:43:24.177,43.14,75.8,43.14,60.97,211.0,97.0,2026-03-26T11:43:24.177,60.97,222,2026-03-26 11:43:45 EDT,6538.17,1.0071625546597902,0.7162554659790114,6540.0,61.35,0.29999999999999716,0.48899755501222025,1406,-3768993.4782000002,-17968933.08,1647072.7600000002,-99362.01999999999,0.0007,1.0,0.0
SPXW,2026-03-27,6590.0,CALL,1,1,2026-03-26T11:43:48.029,21,14.7,43,14.9,0.2795,-12.4734,124.9346,123.5081,0.0039,0.8667,-32.0585,0.2317,2026-03-26T11:43:48,2026-03-26T11:43:23.8,44.1,44.1,14.95,14.97,943.0,372.0,2026-03-26T11:43:23.8,14.97,222,2026-03-26 11:43:45 EDT,6538.17,1.0079272946405493,0.7927294640549256,6540.0,14.8,0.20000000000000107,1.3513513513513586,537,1369288.9431,6708988.02,669821.58,15009.150000000003,-0.0003,-0.45,-0.1
SPXW,2026-03-27,6590.0,PUT,1,-1,2026-03-26T11:43:48.035,18,64.3,11,65.3,-0.728,-11.2015,123.2552,-73.4559,0.004,0.9207,-32.806,0.2232,2026-03-26T11:43:48,2026-03-26T11:42:45.738,40.8,72.8,40.0,64.84,290.0,120.0,2026-03-26T11:42:45.738,64.84,222,2026-03-26 11:43:45 EDT,6538.17,1.0079272946405493,0.7927294640549256,6540.0,64.8,1.0,1.54320987654321,947,-2476658.796,-11672267.44,1060782.05,-68941.59999999999,0.0009,1.05,0.1
SPXW,2026-03-27,6595.0,CALL,1,1,2026-03-26T11:43:47.918,64,13.2,29,13.4,0.2592,-11.9306,120.288,127.4249,0.0037,0.9262,-33.9602,0.2303,2026-03-26T11:43:48,2026-03-26T11:43:23.8,43.57,43.57,13.5,13.52,354.0,178.0,2026-03-26T11:43:23.8,13.52,222,2026-03-26 11:43:45 EDT,6538.17,1.0086920346213084,0.8692034621308399,6540.0,13.3,0.20000000000000107,1.5037593984962485,536,1296649.8744,6447436.8,639480.16,13893.119999999999,-0.0009,-0.5,0.0
SPXW,2026-03-27,6595.0,PUT,1,-1,2026-03-26T11:43:48.027,17,67.8,18,68.9,-0.7488,-10.6529,118.3253,-71.6287,0.0038,0.9808,-34.6496,0.2219,2026-03-26T11:43:48,2026-03-26T11:29:23.887,47.12,76.1,47.12,62.63,134.0,81.0,2026-03-26T11:29:23.887,62.63,222,2026-03-26 11:43:45 EDT,6538.17,1.0086920346213084,0.8692034621308399,6540.0,68.35,1.1000000000000085,1.609363569861022,929,-2308104.7734,-10992420.37,989654.4100000001,-69563.52,0.0008,1.05,0.1
SPXW,2026-03-27,6600.0,CALL,1,1,2026-03-26T11:43:47.948,63,11.9,35,12.1,0.2402,-11.4225,115.5237,130.8768,0.0036,0.9728,-35.498,0.2297,2026-03-26T11:43:48,2026-03-26T11:43:47.85,38.01,40.0,11.6,12.0,4141.0,1273.0,2026-03-26T11:43:47.85,12.0,222,2026-03-26 11:43:45 EDT,6538.17,1.0094567746020675,0.9456774602067539,6540.0,12.0,0.1999999999999993,1.6666666666666607,3736,8793577.1232,43159654.32,4267446.0,89738.72,-0.0007,-0.4,0.0
SPXW,2026-03-27,6600.0,PUT,1,-1,2026-03-26T11:43:48.035,13,71.5,6,72.5,-0.769,-10.074,113.0473,-69.8335,0.0037,1.0325,-36.1659,0.2205,2026-03-26T11:43:48,2026-03-26T11:43:06.131,52.25,87.1,45.64,71.0,998.0,365.0,2026-03-26T11:43:06.131,71.0,222,2026-03-26 11:43:45 EDT,6538.17,1.0094567746020675,0.9456774602067539,6540.0,72.0,1.0,1.3888888888888888,4939,-11948048.0031,-55834061.470000006,4975548.6,-379809.1,0.0006,1.05,0.1
SPXW,2026-03-27,6605.0,CALL,1,1,2026-03-26T11:43:48.018,9,10.7,57,10.9,0.2219,-10.8972,110.5374,134.3767,0.0034,1.011,-36.7322,0.2291,2026-03-26T11:43:48,2026-03-26T11:43:25.37,38.5,39.6,10.49,10.87,778.0,297.0,2026-03-26T11:43:25.37,10.87,222,2026-03-26 11:43:45 EDT,6538.17,1.0102215145828266,1.0221514582826683,6540.0,10.8,0.20000000000000107,1.8518518518518614,425,944765.5649999998,4697839.5,463130.99999999994,9430.749999999998,-0.0001,-0.3,0.0
SPXW,2026-03-27,6605.0,PUT,1,-1,2026-03-26T11:43:48.025,6,75.2,10,76.3,-0.7885,-9.4706,107.4631,-68.0662,0.0035,1.0751,-37.3358,0.219,2026-03-26T11:43:48,2026-03-26T11:41:59.549,53.9,82.23,53.9,74.69,130.0,48.0,2026-03-26T11:41:59.549,74.69,222,2026-03-26 11:43:45 EDT,6538.17,1.0102215145828266,1.0221514582826683,6540.0,75.75,1.0999999999999943,1.4521452145214446,502,-1148756.469,-5394647.62,475424.11999999994,-39582.7,0.0013,1.15,0.1
SPXW,2026-03-27,6610.0,CALL,1,1,2026-03-26T11:43:47.918,77,9.5,40,9.7,0.2035,-10.2914,105.0899,138.6309,0.0033,1.0458,-37.7021,0.2277,2026-03-26T11:43:48,2026-03-26T11:43:42.769,28.0,28.0,9.4,9.84,871.0,344.0,2026-03-26T11:43:42.769,9.84,222,2026-03-26 11:43:45 EDT,6538.17,1.010986254563586,1.0986254563585824,6540.0,9.6,0.1999999999999993,2.083333333333326,633,1365758.3313000002,6652190.670000001,651445.62,12881.55,-0.0008,-0.4,0.0
SPXW,2026-03-27,6610.0,PUT,1,-1,2026-03-26T11:43:47.778,11,78.8,11,80.2,-0.8085,-8.7749,101.2756,-66.4929,0.0033,1.1139,-38.1824,0.2165,2026-03-26T11:43:48,2026-03-26T11:41:15.712,50.0,85.5,50.0,75.64,103.0,56.0,2026-03-26T11:41:15.712,75.64,222,2026-03-26 11:43:45 EDT,6538.17,1.010986254563586,1.0986254563585824,6540.0,79.5,1.4000000000000057,1.7610062893081833,683,-1473638.1363,-6917123.4799999995,599325.67,-55220.55,-0.0004,1.0,0.2
SPXW,2026-03-27,6615.0,CALL,1,1,2026-03-26T11:43:48.033,66,8.5,65,8.7,0.1869,-9.7523,99.8044,142.1593,0.0031,1.066,-38.3074,0.2273,2026-03-26T11:43:48,2026-03-26T11:43:25.37,34.53,34.53,8.6,8.72,791.0,244.0,2026-03-26T11:43:25.37,8.72,222,2026-03-26 11:43:45 EDT,6538.17,1.011750994544345,1.1750994544344966,6540.0,8.6,0.1999999999999993,2.3255813953488293,450,912074.7150000001,4491198.0,438853.5,8410.5,-0.0005,-0.3,0.0
SPXW,2026-03-27,6615.0,PUT,1,-1,2026-03-26T11:43:47.941,10,82.8,10,84.1,-0.8265,-8.1396,95.1879,-64.763,0.0032,1.136,-38.6044,0.2149,2026-03-26T11:43:48,2026-03-26T11:38:21.014,84.65,89.25,61.63,79.52,88.0,40.0,2026-03-26T11:38:21.014,79.52,222,2026-03-26 11:43:45 EDT,6538.17,1.011750994544345,1.1750994544344966,6540.0,83.44999999999999,1.2999999999999972,1.5578190533253413,429,-897559.9776000001,-4083560.91,349188.83999999997,-35456.850000000006,-0.0012,0.95,-0.1
SPXW,2026-03-27,6620.0,CALL,1,1,2026-03-26T11:43:47.927,18,7.6,23,7.7,0.1708,-9.1808,94.3002,146.0402,0.003,1.0796,-38.6213,0.2265,2026-03-26T11:43:48,2026-03-26T11:41:45.139,28.7,30.6,7.72,7.9,2070.0,451.0,2026-03-26T11:41:45.139,7.9,222,2026-03-26 11:43:45 EDT,6538.17,1.0125157345251041,1.2515734525104107,6540.0,7.65,0.10000000000000053,1.307189542483667,462,906190.3620000001,4356669.24,424152.95999999996,7890.96,-0.0003,-0.25,-0.1
SPXW,2026-03-27,6620.0,PUT,1,-1,2026-03-26T11:43:47.941,10,86.8,11,88.4,-0.8424,-7.5916,89.4657,-62.8768,0.003,1.1412,-38.663,0.2145,2026-03-26T11:43:48,2026-03-26T11:41:33.913,73.6,93.69,54.04,84.38,238.0,71.0,2026-03-26T11:41:33.913,84.38,222,2026-03-26 11:43:45 EDT,6538.17,1.0125157345251041,1.2515734525104107,6540.0,87.6,1.6000000000000085,1.82648401826485,495,-970918.245,-4428552.15,375784.19999999995,-41698.8,0.0007,1.15,0.3
SPXW,2026-03-27,6625.0,CALL,1,1,2026-03-26T11:43:48.019,100,6.7,44,6.9,0.1558,-8.6222,88.8091,149.8233,0.0028,1.0838,-38.6379,0.226,2026-03-26T11:43:48,2026-03-26T11:42:31.497,28.0,30.5,6.81,6.95,2079.0,559.0,2026-03-26T11:42:31.497,6.95,222,2026-03-26 11:43:45 EDT,6538.17,1.0132804745058632,1.328047450586325,6540.0,6.800000000000001,0.20000000000000018,2.9411764705882377,2623,4801893.5748000005,23294626.93,2261603.0599999996,40866.34,-0.0005,-0.25,0.1
SPXW,2026-03-27,6625.0,PUT,1,-1,2026-03-26T11:43:47.956,9,90.9,10,92.4,-0.8598,-6.8786,82.7496,-61.3368,0.0028,1.1467,-38.3487,0.212,2026-03-26T11:43:48,2026-03-26T11:41:59.549,74.3,98.19,68.83,90.64,101.0,51.0,2026-03-26T11:41:59.549,90.64,222,2026-03-26 11:43:45 EDT,6538.17,1.0132804745058632,1.328047450586325,6540.0,91.65,1.5,1.636661211129296,758,-1387661.2007999998,-6272419.68,521397.88,-65172.84,-0.0006,1.05,0.3
SPXW,2026-03-27,6630.0,CALL,1,1,2026-03-26T11:43:47.98,12,6.0,40,6.1,0.1419,-8.0888,83.4344,153.3846,0.0026,1.0789,-38.3853,0.2257,2026-03-26T11:43:48,2026-03-26T11:43:42.769,24.7,25.48,5.9,6.19,1717.0,423.0,2026-03-26T11:43:42.769,6.19,222,2026-03-26 11:43:45 EDT,6538.17,1.0140452144866223,1.4045214486622393,6540.0,6.05,0.09999999999999964,1.6528925619834651,1176,1999110.8592,9811885.44,951242.8800000001,16687.440000000002,-0.0008,-0.25,-0.1
SPXW,2026-03-27,6630.0,PUT,1,-1,2026-03-26T11:43:47.956,9,95.2,10,96.7,-0.8739,-6.3232,76.9027,-59.5529,0.0026,1.1331,-37.753,0.2114,2026-03-26T11:43:48,2026-03-26T11:35:27.253,96.91,100.65,72.12,94.38,125.0,36.0,2026-03-26T11:35:27.253,94.38,222,2026-03-26 11:43:45 EDT,6538.17,1.0140452144866223,1.4045214486622393,6540.0,95.95,1.5,1.563314226159458,434,-737767.1027999999,-3337577.1799999997,274426.88,-37927.26,-0.0003,1.1,0.0
SPXW,2026-03-27,6635.0,CALL,1,1,2026-03-26T11:43:47.86,101,5.3,9,5.4,0.1286,-7.5443,78.0008,157.2023,0.0025,1.0676,-37.8736,0.2253,2026-03-26T11:43:48,2026-03-26T11:42:53.776,20.3,20.3,5.25,5.54,1461.0,358.0,2026-03-26T11:42:53.776,5.54,222,2026-03-26 11:43:45 EDT,6538.17,1.0148099544673814,1.4809954467381534,6540.0,5.35,0.10000000000000053,1.8691588785046829,597,975821.8724999998,4656647.76,450394.71,7677.419999999999,-0.0004,-0.2,0.0
SPXW,2026-03-27,6635.0,PUT,1,-1,2026-03-26T11:43:47.956,9,99.0,10,101.1,-0.8914,-5.4869,69.1743,-58.2562,0.0024,1.1211,-36.5324,0.207,2026-03-26T11:43:48,2026-03-26T11:16:46.761,99.5,110.8,76.02,95.51,22.0,9.0,2026-03-26T11:16:46.761,95.51,222,2026-03-26 11:43:45 EDT,6538.17,1.0148099544673814,1.4809954467381534,6540.0,100.05,2.0999999999999943,2.0989505247376257,548,-859900.1183999999,-3790751.64,300682.12000000005,-48848.719999999994,-0.0027,0.95,0.7
SPXW,2026-03-27,6640.0,CALL,1,1,2026-03-26T11:43:47.95,60,4.7,51,4.8,0.1166,-7.0433,72.8444,160.6131,0.0023,1.0483,-37.1579,0.2253,2026-03-26T11:43:48,2026-03-26T11:42:51.151,21.9,22.0,4.8,4.9,963.0,378.0,2026-03-26T11:42:51.151,4.9,222,2026-03-26 11:43:45 EDT,6538.17,1.0155746944481407,1.5574694448140676,6540.0,4.75,0.09999999999999964,2.1052631578947296,724,1088736.0684,5273934.56,509934.92000000004,8441.839999999998,0.0001,-0.15,-0.1
SPXW,2026-03-27,6640.0,PUT,1,-1,2026-03-26T11:43:48.014,9,103.3,10,105.5,-0.9054,-4.8368,62.576,-56.7019,0.0022,1.0901,-35.1046,0.2047,2026-03-26T11:43:48,2026-03-26T11:43:10.941,75.5,109.18,75.5,103.49,204.0,33.0,2026-03-26T11:43:10.941,103.49,222,2026-03-26 11:43:45 EDT,6538.17,1.0155746944481407,1.5574694448140676,6540.0,104.4,2.200000000000003,2.1072796934865927,653,-939273.5022000001,-4086212.8,315843.04000000004,-59122.619999999995,-0.0055,0.8,0.2
SPXW,2026-03-27,6645.0,CALL,1,1,2026-03-26T11:43:48.02,160,4.1,80,4.3,0.1054,-6.5465,67.7536,164.1488,0.0021,1.0234,-36.2377,0.2252,2026-03-26T11:43:48,2026-03-26T11:41:45.659,16.7,20.7,4.18,4.3,1492.0,372.0,2026-03-26T11:41:45.659,4.3,222,2026-03-26 11:43:45 EDT,6538.17,1.0163394344288998,1.633943442889982,6540.0,4.199999999999999,0.20000000000000018,4.761904761904767,1238,1699793.4365999997,8387895.680000002,810456.7,13048.519999999999,-0.0001,-0.15,0.1
SPXW,2026-03-27,6645.0,PUT,1,-1,2026-03-26T11:43:47.987,9,107.7,10,109.9,-0.9188,-4.1714,55.8071,-55.2174,0.002,1.0488,-33.2767,0.2018,2026-03-26T11:43:48,2026-03-26T11:40:21.956,111.89,111.89,86.89,106.05,58.0,21.0,2026-03-26T11:40:21.956,106.05,222,2026-03-26 11:43:45 EDT,6538.17,1.0163394344288998,1.633943442889982,6540.0,108.80000000000001,2.200000000000003,2.0220588235294144,422,-551821.548,-2355059.62,176033.08000000002,-38773.35999999999,-0.0048,0.9,-0.2
SPXW,2026-03-27,6650.0,CALL,1,1,2026-03-26T11:43:47.853,179,3.6,70,3.8,0.0949,-6.0567,62.7532,167.8168,0.002,0.9936,-35.13,0.225,2026-03-26T11:43:48,2026-03-26T11:43:31.917,18.5,20.9,3.65,3.75,3251.0,1105.0,2026-03-26T11:43:31.917,3.75,222,2026-03-26 11:43:45 EDT,6538.17,1.017104174409659,1.7104174409658959,6540.0,3.7,0.19999999999999973,5.405405405405398,3867,5056620.678,24266662.44,2342125.89,36697.83,-0.0004,-0.15,0.1
SPXW,2026-03-27,6650.0,PUT,1,-1,2026-03-26T11:43:47.834,22,112.1,10,114.5,-0.9308,-3.5634,49.4265,-53.7138,0.0017,0.9969,-31.2132,0.1993,2026-03-26T11:43:48,2026-03-26T11:41:48.13,94.63,117.25,71.53,112.7,428.0,73.0,2026-03-26T11:41:48.13,112.7,222,2026-03-26 11:43:45 EDT,6538.17,1.017104174409659,1.7104174409658959,6540.0,113.3,2.4000000000000057,2.118270079435133,4606,-5119517.8734,-22765845.9,1641302.04,-428726.48,-0.0075,0.8,0.2
SPXW,2026-03-27,6655.0,CALL,1,1,2026-03-26T11:43:47.844,176,3.2,106,3.4,0.086,-5.6468,58.3405,170.5324,0.0018,0.9588,-33.9855,0.2257,2026-03-26T11:43:48,2026-03-26T11:41:45.659,18.05,18.05,3.3,3.35,1200.0,377.0,2026-03-26T11:41:45.659,3.35,222,2026-03-26 11:43:45 EDT,6538.17,1.017868914390418,1.7868914390418105,6540.0,3.3,0.19999999999999973,6.0606060606060534,617,726129.1602,3599608.8499999996,348407.55999999994,5306.2,0.0002,-0.1,-0.0
SPXW,2026-03-27,6655.0,PUT,1,-1,2026-03-26T11:43:47.748,22,116.7,10,118.9,-0.9431,-2.8869,42.4205,-52.3461,0.0015,0.9322,-28.5583,0.1951,2026-03-26T11:43:48,2026-03-26T11:27:51.359,92.73,117.6,89.93,113.5,35.0,14.0,2026-03-26T11:27:51.359,113.5,222,2026-03-26 11:43:45 EDT,6538.17,1.017868914390418,1.7868914390418105,6540.0,117.80000000000001,2.200000000000003,1.8675721561969463,318,-311870.70900000003,-1348971.9,91803.42,-29990.58,-0.01,0.75,0.1
SPXW,2026-03-27,6660.0,CALL,1,1,2026-03-26T11:43:47.991,133,2.85,42,2.95,0.0772,-5.2004,53.7506,174.0702,0.0017,0.9211,-32.6289,0.2257,2026-03-26T11:43:48,2026-03-26T11:43:31.917,14.91,17.6,2.9,2.95,2996.0,734.0,2026-03-26T11:43:31.917,2.95,222,2026-03-26 11:43:45 EDT,6538.17,1.0186336543711771,1.8633654371177244,6540.0,2.9000000000000004,0.10000000000000009,3.4482758620689684,890,989225.121,4783803.4,462835.6,6870.8,-0.0003,-0.125,-0.05
SPXW,2026-03-27,6665.0,CALL,1,1,2026-03-26T11:43:47.977,45,2.55,68,2.65,0.07,-4.8522,49.9142,176.2712,0.0015,0.8814,-31.3632,0.2268,2026-03-26T11:43:48,2026-03-26T11:42:39.104,14.8,14.8,2.55,2.65,1949.0,624.0,2026-03-26T11:42:39.104,2.65,222,2026-03-26 11:43:45 EDT,6538.17,1.0193983943519365,1.9398394351936386,6540.0,2.5999999999999996,0.10000000000000009,3.84615384615385,859,842443.2045,4287629.78,416803.98,6013.0,0.0008,-0.075,0.05
SPXW,2026-03-27,6670.0,CALL,1,1,2026-03-26T11:43:47.635,3,2.3,70,2.35,0.0633,-4.507,46.183,178.6534,0.0014,0.8404,-30.0152,0.2278,2026-03-26T11:43:48,2026-03-26T11:43:43.087,12.9,13.8,2.25,2.35,5030.0,1145.0,2026-03-26T11:43:43.087,2.35,222,2026-03-26 11:43:45 EDT,6538.17,1.0201631343326956,2.016313433269553,6540.0,2.325,0.050000000000000266,2.1505376344086136,3730,3414232.374,17226259.0,1681111.0,23610.899999999998,0.0008,-0.05,0.0
SPXW,2026-03-27,6675.0,CALL,1,1,2026-03-26T11:43:47.841,89,2.0,81,2.1,0.0569,-4.1509,42.4474,181.5256,0.0013,0.7979,-28.5482,0.2283,2026-03-26T11:43:48,2026-03-26T11:42:25.667,12.9,12.9,2.0,2.05,2348.0,666.0,2026-03-26T11:42:25.667,2.05,222,2026-03-26 11:43:45 EDT,6538.17,1.0209278743134547,2.0927874313454673,6540.0,2.05,0.10000000000000009,4.87804878048781,962,817663.5401999999,4083439.8800000004,399316.58,5473.78,0.0006,-0.05,0.0
SPXW,2026-03-27,6680.0,CALL,1,1,2026-03-26T11:43:47.72,124,1.75,25,1.85,0.0508,-3.8005,38.82,184.6532,0.0012,0.7541,-27.0074,0.2286,2026-03-26T11:43:48,2026-03-26T11:42:09.279,11.0,11.6,1.8,1.82,5956.0,1260.0,2026-03-26T11:42:09.279,1.82,222,2026-03-26 11:43:45 EDT,6538.17,1.0216926142942138,2.1692614294213812,6540.0,1.8,0.10000000000000009,5.55555555555556,1180,925804.8719999999,4580760.0,448459.0,5994.4,0.0005,-0.05,0.0
SPXW,2026-03-30,6190.0,CALL,4,1,2026-03-26T11:41:49.186,1,346.6,1,364.3,0.9497,-3.3309,72.4386,17.4698,0.0004,-0.5254,7.1617,0.3169,2026-03-26T11:43:49,,,,,,,,,,222,2026-03-26 11:43:45 EDT,6538.15,0.9467509922531604,-5.3249007746839645,6540.0,355.45000000000005,17.69999999999999,4.979603319735543,0,0.0,0.0,0.0,0.0,,,
SPXW,2026-03-30,6205.0,CALL,4,1,2026-03-26T11:43:47.774,1,331.1,1,350.3,0.9463,-3.4057,76.2978,18.1608,0.0005,-0.5565,7.3955,0.3091,2026-03-26T11:43:49,,,,,,,,,,222,2026-03-26 11:43:45 EDT,6538.15,0.9490452192133861,-5.095478078661389,6540.0,340.70000000000005,19.19999999999999,5.6354564132668,0,0.0,0.0,0.0,0.0,,,
SPXW,2026-03-30,6215.0,CALL,4,1,2026-03-26T11:41:48.893,1,321.4,1,340.0,0.9452,-3.381,77.5665,18.6878,0.0005,-0.5766,7.4663,0.3014,2026-03-26T11:43:49,,,,,,,,,,222,2026-03-26 11:43:45 EDT,6538.15,0.9505747038535366,-4.9425296146463396,6540.0,330.7,18.600000000000023,5.624433020864839,0,0.0,0.0,0.0,0.0,,,
SPXW,2026-03-30,6220.0,CALL,4,1,2026-03-26T11:43:42.829,1,319.7,1,331.3,0.9461,-3.2875,76.5222,19.0048,0.0005,-0.5844,7.4098,0.2951,2026-03-26T11:43:49,2026-03-24T14:32:16.248,371.96,371.96,371.96,371.96,1.0,1.0,2026-03-24T14:32:16.248,371.96,222,2026-03-26 11:43:45 EDT,6538.15,0.9513394461736119,-4.866055382638815,6540.0,325.5,11.600000000000023,3.5637480798771195,1,326.90749999999997,7652.219999999999,328.75,94.61,,,
SPXW,2026-03-30,6225.0,CALL,4,1,2026-03-26T11:43:47.216,1,315.0,1,326.3,0.9444,-3.3382,78.4654,19.2569,0.0005,-0.5971,7.5215,0.2933,2026-03-26T11:43:49,,,,,,,,,,222,2026-03-26 11:43:45 EDT,6538.15,0.952104188493687,-4.78958115063129,6540.0,320.65,11.300000000000011,3.524091688757216,0,0.0,0.0,0.0,0.0,,,
SPXW,2026-03-30,6230.0,CALL,4,1,2026-03-26T11:43:39.46,1,310.0,1,321.3,0.9438,-3.3262,79.1481,19.5492,0.0005,-0.6083,7.5601,0.2895,2026-03-26T11:43:49,,,,,,,,,,222,2026-03-26 11:43:45 EDT,6538.15,0.9528689308137623,-4.713106918623764,6540.0,315.65,11.300000000000011,3.5799144622208177,0,0.0,0.0,0.0,0.0,0.0055,-1.0,0.2
SPXW,2026-03-30,6230.0,PUT,4,-1,2026-03-26T11:43:49.38,37,4.2,39,4.3,-0.051,-2.4311,73.3097,-78.4677,0.0005,-0.5987,7.2209,0.2809,2026-03-26T11:43:49,2026-03-26T11:41:15.764,4.94,5.3,3.85,3.95,70.0,20.0,2026-03-26T11:41:15.764,3.95,222,2026-03-26 11:43:45 EDT,6538.15,0.9528689308137623,-4.713106918623764,6540.0,4.25,0.09999999999999964,2.35294117647058,828,-270679.41000000003,-6070043.16,201295.08,-4222.799999999999,-0.0003,0.05,-0.1
SPXW,2026-03-30,6235.0,CALL,4,1,2026-03-26T11:43:39.517,1,305.1,1,316.7,0.9412,-3.4152,81.954,19.7944,0.0005,-0.6225,7.7151,0.2888,2026-03-26T11:43:49,,,,,,,,,,222,2026-03-26 11:43:45 EDT,6538.15,0.9536336731338376,-4.636632686616239,6540.0,310.9,11.599999999999966,3.7311032486329903,0,0.0,0.0,0.0,0.0,0.0072,-0.85,0.3
SPXW,2026-03-30,6235.0,PUT,4,-1,2026-03-26T11:43:49.6,26,4.4,37,4.5,-0.0532,-2.5051,75.8342,-78.2138,0.0005,-0.6136,7.3709,0.2799,2026-03-26T11:43:49,2026-03-26T11:42:18.72,5.23,5.3,4.2,4.4,30.0,6.0,2026-03-26T11:42:18.72,4.4,222,2026-03-26 11:43:45 EDT,6538.15,0.9536336731338376,-4.636632686616239,6540.0,4.45,0.09999999999999964,2.2471910112359472,83,-27133.322500000002,-629423.86,20792.33,-441.55999999999995,-0.0003,0.05,-0.1
SPXW,2026-03-30,6240.0,CALL,4,1,2026-03-26T11:43:47.212,1,300.5,1,311.9,0.9383,-3.5213,85.1411,20.0356,0.0006,-0.6369,7.8848,0.2885,2026-03-26T11:43:49,,,,,,,,,,222,2026-03-26 11:43:45 EDT,6538.15,0.9543984154539129,-4.560158454608714,6540.0,306.2,11.399999999999977,3.7230568256041727,0,0.0,0.0,0.0,0.0,0.0062,-0.9,-0.0
SPXW,2026-03-30,6240.0,PUT,4,-1,2026-03-26T11:43:49.648,169,4.5,43,4.7,-0.055,-2.5561,77.8934,-78.2854,0.0005,-0.6277,7.4899,0.2781,2026-03-26T11:43:49,2026-03-26T11:36:10.879,5.24,5.6,4.1,4.44,28.0,12.0,2026-03-26T11:36:10.879,4.44,222,2026-03-26 11:43:45 EDT,6538.15,0.9543984154539129,-4.560158454608714,6540.0,4.6,0.20000000000000018,4.347826086956526,216,-70612.01999999999,-1682497.44,55211.759999999995,-1188.0,-0.001,0.0,0.0
SPXW,2026-03-30,6245.0,CALL,4,1,2026-03-26T11:43:39.462,1,295.5,1,306.9,0.9376,-3.5076,85.8988,20.3529,0.0006,-0.649,7.9241,0.2846,2026-03-26T11:43:49,,,,,,,,,,222,2026-03-26 11:43:45 EDT,6538.15,0.9551631577739881,-4.483684222601189,6540.0,301.2,11.399999999999977,3.784860557768917,0,0.0,0.0,0.0,0.0,0.0043,-1.05,0.1
SPXW,2026-03-30,6245.0,PUT,4,-1,2026-03-26T11:43:49.364,24,4.8,37,4.9,-0.0577,-2.647,80.855,-77.8381,0.0005,-0.6432,7.6559,0.2774,2026-03-26T11:43:49,2026-03-26T11:42:18.72,7.88,7.88,4.2,4.8,74.0,25.0,2026-03-26T11:42:18.72,4.8,222,2026-03-26 11:43:45 EDT,6538.15,0.9551631577739881,-4.483684222601189,6540.0,4.85,0.10000000000000053,2.0618556701031037,99,-32363.8425,-800464.5,26205.3,-571.23,-0.0005,0.05,-0.1
SPXW,2026-03-30,6250.0,CALL,4,1,2026-03-26T11:43:39.514,1,290.7,1,302.3,0.9346,-3.6097,89.0829,20.6096,0.0006,-0.6635,8.0849,0.2842,2026-03-26T11:43:49,2026-03-20T14:22:21.676,300.8,300.8,300.8,300.8,5.0,1.0,2026-03-20T14:22:21.676,300.8,222,2026-03-26 11:43:45 EDT,6538.15,0.9559279000940634,-4.407209990593664,6540.0,296.5,11.600000000000023,3.9123102866779167,5,1961.4449999999997,44541.45,1804.8500000000001,467.3,0.0047,-1.0,0.2
SPXW,2026-03-30,6250.0,PUT,4,-1,2026-03-26T11:43:49.364,85,5.0,24,5.1,-0.06,-2.7146,83.3477,-77.716,0.0006,-0.6581,7.7909,0.2761,2026-03-26T11:43:49,2026-03-26T11:43:21.142,8.2,8.2,4.08,5.0,480.0,95.0,2026-03-26T11:43:21.142,5.0,222,2026-03-26 11:43:45 EDT,6538.15,0.9559279000940634,-4.407209990593664,6540.0,5.05,0.09999999999999964,1.9801980198019733,3874,-1519727.586,-32288898.980000004,1051636.04,-23244.0,-0.0004,0.05,-0.1
SPXW,2026-03-30,6255.0,CALL,4,1,2026-03-26T11:43:39.467,1,286.0,1,297.4,0.9323,-3.6707,91.4562,20.8981,0.0006,-0.6773,8.2004,0.2825,2026-03-26T11:43:49,,,,,,,,,,222,2026-03-26 11:43:45 EDT,6538.15,0.9566926424141386,-4.3307357585861395,6540.0,291.7,11.399999999999977,3.9081247857387655,0,0.0,0.0,0.0,0.0,0.0051,-0.95,0.1
SPXW,2026-03-30,6255.0,PUT,4,-1,2026-03-26T11:43:49.291,158,5.2,83,5.4,-0.0627,-2.7999,86.2602,-77.3793,0.0006,-0.6733,7.9433,0.2752,2026-03-26T11:43:49,2026-03-26T11:31:55.116,5.7,6.37,4.5,5.25,170.0,47.0,2026-03-26T11:31:55.116,5.25,222,2026-03-26 11:43:45 EDT,6538.15,0.9566926424141386,-4.3307357585861395,6540.0,5.300000000000001,0.20000000000000018,3.77358490566038,158,-61981.662,-1362911.16,44238.420000000006,-990.6600000000001,-0.0005,0.05,0.1
SPXW,2026-03-30,6260.0,CALL,4,1,2026-03-26T11:43:47.726,1,281.1,1,292.8,0.9297,-3.7481,94.2025,21.1838,0.0006,-0.6913,8.3297,0.2812,2026-03-26T11:43:49,2026-03-23T09:34:22.902,352.0,352.0,352.0,352.0,5.0,1.0,2026-03-23T09:34:22.902,352.0,222,2026-03-26 11:43:45 EDT,6538.15,0.9574573847342138,-4.254261526578614,6540.0,286.95000000000005,11.699999999999989,4.077365394668056,0,0.0,0.0,0.0,0.0,0.0038,-1.05,0.3
SPXW,2026-03-30,6260.0,PUT,4,-1,2026-03-26T11:43:49.364,42,5.5,23,5.6,-0.0654,-2.8828,89.1577,-77.0911,0.0006,-0.6884,8.0893,0.2742,2026-03-26T11:43:49,2026-03-26T11:30:02.727,8.3,8.5,4.74,5.25,87.0,19.0,2026-03-26T11:30:02.727,5.25,222,2026-03-26 11:43:45 EDT,6538.15,0.9574573847342138,-4.254261526578614,6540.0,5.55,0.09999999999999964,1.8018018018017956,534,-209482.32599999997,-4761021.180000001,153941.52,-3492.36,-0.0005,0.05,-0.1
SPXW,2026-03-30,6265.0,CALL,4,1,2026-03-26T11:43:39.517,1,276.5,1,288.0,0.9266,-3.8414,97.3172,21.466,0.0007,-0.7053,8.4698,0.2803,2026-03-26T11:43:49,,,,,,,,,,222,2026-03-26 11:43:45 EDT,6538.15,0.9582221270542891,-4.17778729457109,6540.0,282.25,11.5,4.0744021257750225,0,0.0,0.0,0.0,0.0,0.0052,-0.9,0.2
SPXW,2026-03-30,6265.0,PUT,4,-1,2026-03-26T11:43:49.431,102,5.7,53,5.9,-0.0681,-2.9631,92.0385,-76.8508,0.0006,-0.7035,8.2288,0.2731,2026-03-26T11:43:49,2026-03-26T11:31:53.044,9.5,9.5,5.3,5.7,126.0,33.0,2026-03-26T11:31:53.044,5.7,222,2026-03-26 11:43:45 EDT,6538.15,0.9582221270542891,-4.17778729457109,6540.0,5.800000000000001,0.20000000000000018,3.4482758620689684,248,-97287.67199999999,-2282554.8,73484.88,-1688.8799999999999,-0.0005,0.05,0.1
SPXW,2026-03-30,6270.0,CALL,4,1,2026-03-26T11:43:39.467,1,271.7,1,283.1,0.9247,-3.8783,99.3208,21.7945,0.0007,-0.7192,8.5567,0.2778,2026-03-26T11:43:49,,,,,,,,,,222,2026-03-26 11:43:45 EDT,6538.15,0.9589868693743644,-4.101313062563563,6540.0,277.4,11.400000000000034,4.109589041095903,0,0.0,0.0,0.0,0.0,0.0035,-1.05,0.1
SPXW,2026-03-30,6270.0,PUT,4,-1,2026-03-26T11:43:49.291,97,6.0,80,6.2,-0.0713,-3.0588,95.284,-76.4373,0.0007,-0.7185,8.3795,0.2723,2026-03-26T11:43:49,2026-03-26T11:25:43.261,7.7,9.3,5.0,5.45,190.0,68.0,2026-03-26T11:25:43.261,5.45,222,2026-03-26 11:43:45 EDT,6538.15,0.9589868693743644,-4.101313062563563,6540.0,6.1,0.20000000000000018,3.2786885245901667,288,-131809.104,-2744179.2,88093.44,-2053.44,-0.0006,0.05,0.1
SPXW,2026-03-30,6275.0,CALL,4,1,2026-03-26T11:43:47.722,1,267.0,1,278.5,0.9212,-3.9839,102.7629,22.0833,0.0007,-0.7331,8.7002,0.2773,2026-03-26T11:43:49,,,,,,,,,,222,2026-03-26 11:43:45 EDT,6538.15,0.9597516116944396,-4.024838830556039,6540.0,272.75,11.5,4.216315307057745,0,0.0,0.0,0.0,0.0,0.0039,-1.0,0.2
SPXW,2026-03-30,6275.0,PUT,4,-1,2026-03-26T11:43:49.291,81,6.3,89,6.5,-0.0744,-3.1508,98.4914,-76.0851,0.0007,-0.7334,8.5215,0.2714,2026-03-26T11:43:49,2026-03-26T11:40:24.672,9.2,9.2,5.08,6.1,76.0,31.0,2026-03-26T11:40:24.672,6.1,222,2026-03-26 11:43:45 EDT,6538.15,0.9597516116944396,-4.024838830556039,6540.0,6.4,0.20000000000000018,3.1250000000000027,424,-194052.292,-4176035.3600000003,133593.92,-3154.5599999999995,-0.0006,0.05,0.1
SPXW,2026-03-30,6280.0,CALL,4,1,2026-03-26T11:43:47.686,1,262.4,1,273.9,0.9174,-4.1024,106.4999,22.3692,0.0007,-0.7465,8.847,0.277,2026-03-26T11:43:49,2026-03-25T11:47:00.48,322.64,322.64,322.64,322.64,1.0,1.0,2026-03-25T11:47:00.48,322.64,222,2026-03-26 11:43:45 EDT,6538.15,0.9605163540145149,-3.9483645985485136,6540.0,268.15,11.5,4.28864441543912,26,11899.433,276899.74,10666.24,2385.24,0.0051,-0.85,0.3
SPXW,2026-03-30,6280.0,PUT,4,-1,2026-03-26T11:43:49.291,91,6.6,78,6.8,-0.0776,-3.2401,101.6815,-75.7802,0.0007,-0.7481,8.6562,0.2704,2026-03-26T11:43:49,2026-03-26T11:37:09.273,5.1,10.3,5.1,6.5,617.0,109.0,2026-03-26T11:37:09.273,6.5,222,2026-03-26 11:43:45 EDT,6538.15,0.9605163540145149,-3.9483645985485136,6540.0,6.699999999999999,0.20000000000000018,2.985074626865675,673,-308012.2465,-6843164.95,218058.73,-5222.4800000000005,-0.0007,0.05,0.1
SPXW,2026-03-30,6285.0,CALL,4,1,2026-03-26T11:43:47.729,1,257.6,1,269.3,0.9142,-4.1837,109.5307,22.6902,0.0008,-0.76,8.9595,0.2756,2026-03-26T11:43:49,,,,,,,,,,222,2026-03-26 11:43:45 EDT,6538.15,0.9612810963345901,-3.8718903665409887,6540.0,263.45000000000005,11.699999999999989,4.4410704118428495,0,0.0,0.0,0.0,0.0,0.0039,-0.95,0.3
SPXW,2026-03-30,6285.0,PUT,4,-1,2026-03-26T11:43:49.5,4,7.0,67,7.1,-0.0812,-3.343,105.1943,-75.3309,0.0007,-0.7624,8.7969,0.2698,2026-03-26T11:43:49,2026-03-26T11:24:54.589,9.6,10.6,6.3,6.36,122.0,28.0,2026-03-26T11:24:54.589,6.36,222,2026-03-26 11:43:45 EDT,6538.15,0.9612810963345901,-3.8718903665409887,6540.0,7.05,0.09999999999999964,1.4184397163120517,136,-62243.18799999999,-1430642.48,45464.8,-1104.32,-0.0001,0.1,0.0
SPXW,2026-03-30,6290.0,CALL,4,1,2026-03-26T11:43:39.464,1,253.1,1,264.4,0.9111,-4.2617,112.5424,23.0222,0.0008,-0.7734,9.0652,0.2742,2026-03-26T11:43:49,2026-03-23T15:59:05.331,315.64,315.64,315.64,315.64,2.0,2.0,2026-03-23T15:59:05.331,315.64,222,2026-03-26 11:43:45 EDT,6538.15,0.9620458386546654,-3.795416134533464,6540.0,258.75,11.299999999999983,4.3671497584541,1,523.052,11254.24,426.17,91.11,0.0034,-1.0,0.0
SPXW,2026-03-30,6290.0,PUT,4,-1,2026-03-26T11:43:49.291,66,7.3,117,7.5,-0.0848,-3.442,108.6662,-74.9419,0.0008,-0.7765,8.9282,0.2689,2026-03-26T11:43:49,2026-03-26T11:31:55.029,10.0,10.0,6.2,7.32,174.0,42.0,2026-03-26T11:31:55.029,7.32,222,2026-03-26 11:43:45 EDT,6538.15,0.9620458386546654,-3.795416134533464,6540.0,7.4,0.20000000000000018,2.702702702702705,1090,-570126.6799999999,-11844615.8,375178.0,-9243.2,-0.0003,0.1,0.0
SPXW,2026-03-30,6295.0,CALL,4,1,2026-03-26T11:43:39.517,1,248.4,1,260.0,0.9068,-4.3849,116.4837,23.3258,0.0008,-0.7856,9.1951,0.2739,2026-03-26T11:43:49,,,,,,,,,,222,2026-03-26 11:43:45 EDT,6538.15,0.9628105809747406,-3.7189419025259385,6540.0,254.2,11.599999999999994,4.563335955940202,0,0.0,0.0,0.0,0.0,0.0036,-0.95,0.3
SPXW,2026-03-30,6295.0,PUT,4,-1,2026-03-26T11:43:49.268,26,7.7,19,7.8,-0.0884,-3.538,112.1185,-74.5996,0.0008,-0.7904,9.051,0.268,2026-03-26T11:43:49,2026-03-26T11:42:46.911,11.13,11.13,6.61,7.8,208.0,54.0,2026-03-26T11:42:46.911,7.8,222,2026-03-26 11:43:45 EDT,6538.15,0.9628105809747406,-3.7189419025259385,6540.0,7.75,0.09999999999999964,1.2903225806451568,146,-76365.59199999999,-1636930.0999999999,51654.8,-1290.64,-0.0003,0.1,-0.0
SPXW,2026-03-30,6300.0,CALL,4,1,2026-03-26T11:43:47.729,1,243.8,1,255.2,0.9036,-4.4565,119.4547,23.6803,0.0008,-0.7988,9.2868,0.2722,2026-03-26T11:43:49,2026-03-24T01:13:38.321,269.06,269.06,269.06,269.06,1.0,1.0,2026-03-24T01:13:38.321,269.06,222,2026-03-26 11:43:45 EDT,6538.15,0.9635753232948159,-3.6424676705184136,6540.0,249.5,11.399999999999977,4.569138276553097,2,1046.104,23890.940000000002,891.3000000000001,180.72,0.0026,-1.05,0.1
SPXW,2026-03-30,6300.0,PUT,4,-1,2026-03-26T11:43:49.456,4,8.1,28,8.2,-0.0924,-3.6456,115.8455,-74.1407,0.0008,-0.8036,9.1751,0.2673,2026-03-26T11:43:49,2026-03-26T11:42:54.534,6.3,11.16,5.9,8.09,969.0,140.0,2026-03-26T11:42:54.534,8.09,222,2026-03-26 11:43:45 EDT,6538.15,0.9635753232948159,-3.6424676705184136,6540.0,8.149999999999999,0.09999999999999964,1.2269938650306706,3786,-1980274.872,-43859106.300000004,1380224.16,-34982.64,-0.0003,0.1,0.0
SPXW,2026-03-30,6305.0,CALL,4,1,2026-03-26T11:43:39.514,1,239.2,1,250.8,0.899,-4.5861,123.5943,23.9929,0.0009,-0.8099,9.4045,0.272,2026-03-26T11:43:49,,,,,,,,,,222,2026-03-26 11:43:45 EDT,6538.15,0.9643400656148912,-3.5659934385108887,6540.0,245.0,11.600000000000023,4.73469387755103,0,0.0,0.0,0.0,0.0,0.0041,-0.85,0.5
SPXW,2026-03-30,6305.0,PUT,4,-1,2026-03-26T11:43:49.602,3,8.5,25,8.6,-0.0964,-3.749,119.5275,-73.7409,0.0009,-0.8165,9.289,0.2665,2026-03-26T11:43:49,2026-03-26T11:42:46.912,8.2,10.6,7.73,8.6,79.0,20.0,2026-03-26T11:42:46.912,8.6,222,2026-03-26 11:43:45 EDT,6538.15,0.9643400656148912,-3.5659934385108887,6540.0,8.55,0.09999999999999964,1.1695906432748495,135,-79438.52249999999,-1613621.25,50611.5,-1301.3999999999999,-0.0004,0.1,0.0
SPXW,2026-03-30,6310.0,CALL,4,1,2026-03-26T11:43:47.216,1,234.9,1,246.4,0.8935,-4.7555,128.5035,24.2753,0.0009,-0.8186,9.5303,0.2729,2026-03-26T11:43:49,,,,,,,,,,222,2026-03-26 11:43:45 EDT,6538.15,0.9651048079349663,-3.489519206503363,6540.0,240.65,11.5,4.7787242883856225,0,0.0,0.0,0.0,0.0,0.0056,-0.65,0.1
SPXW,2026-03-30,6310.0,PUT,4,-1,2026-03-26T11:43:49.292,51,8.9,7,9.0,-0.1004,-3.8485,123.1746,-73.3929,0.0009,-0.8291,9.3933,0.2655,2026-03-26T11:43:49,2026-03-26T11:40:32.531,10.1,11.0,7.5,8.6,852.0,47.0,2026-03-26T11:40:32.531,8.6,222,2026-03-26 11:43:45 EDT,6538.15,0.9651048079349663,-3.489519206503363,6540.0,8.95,0.09999999999999964,1.117318435754186,1513,-890299.8855,-18636316.98,582278.0499999999,-15190.52,-0.0004,0.1,0.0
SPXW,2026-03-30,6315.0,CALL,4,1,2026-03-26T11:43:39.489,1,230.2,1,241.5,0.8907,-4.7865,130.8559,24.694,0.0009,-0.8324,9.5849,0.27,2026-03-26T11:43:49,,,,,,,,,,222,2026-03-26 11:43:45 EDT,6538.15,0.9658695502550416,-3.413044974495838,6540.0,235.85,11.300000000000011,4.791180835276664,0,0.0,0.0,0.0,0.0,0.003,-0.95,0.1
SPXW,2026-03-30,6315.0,PUT,4,-1,2026-03-26T11:43:49.455,67,9.3,49,9.5,-0.1048,-3.959,127.0788,-72.9365,0.0009,-0.8408,9.4955,0.2648,2026-03-26T11:43:49,2026-03-26T11:37:00.567,6.8,12.7,6.8,9.1,124.0,43.0,2026-03-26T11:37:00.567,9.1,222,2026-03-26 11:43:45 EDT,6538.15,0.9658695502550416,-3.413044974495838,6540.0,9.4,0.1999999999999993,2.1276595744680775,217,-127690.0695,-2757609.96,85910.3,-2274.1600000000003,-0.0005,0.1,-0.0
SPXW,2026-03-30,6320.0,CALL,4,1,2026-03-26T11:43:47.872,1,225.5,1,237.0,0.8867,-4.8728,134.2899,25.0714,0.001,-0.8437,9.6586,0.2686,2026-03-26T11:43:49,2026-03-25T11:47:00.48,285.25,285.25,285.25,285.25,1.0,1.0,2026-03-25T11:47:00.48,285.25,222,2026-03-26 11:43:45 EDT,6538.15,0.9666342925751169,-3.336570742488313,6540.0,231.25,11.5,4.972972972972973,3,1961.4449999999997,40286.969999999994,1461.84,266.01,0.0025,-1.0,0.2
SPXW,2026-03-30,6320.0,PUT,4,-1,2026-03-26T11:43:49.446,61,9.8,59,10.0,-0.1096,-4.0789,131.2011,-72.3922,0.001,-0.8515,9.5928,0.2643,2026-03-26T11:43:49,2026-03-26T11:37:00.567,7.9,11.97,7.9,9.55,135.0,45.0,2026-03-26T11:37:00.567,9.55,222,2026-03-26 11:43:45 EDT,6538.15,0.9666342925751169,-3.336570742488313,6540.0,9.9,0.1999999999999993,2.0202020202020132,327,-213797.505,-4290275.970000001,133380.03,-3583.9199999999996,-0.0005,0.1,-0.0
SPXW,2026-03-30,6325.0,CALL,4,1,2026-03-26T11:43:42.71,1,221.2,1,232.7,0.8808,-5.039,139.234,25.3761,0.001,-0.8502,9.7508,0.2693,2026-03-26T11:43:49,2026-03-26T11:18:00.604,231.05,231.05,231.05,231.05,1.0,1.0,2026-03-26T11:18:00.604,231.05,222,2026-03-26 11:43:45 EDT,6538.15,0.9673990348951921,-3.260096510480788,6540.0,226.95,11.5,5.06719541749284,1,653.8149999999999,13923.400000000001,503.9,88.08,0.0039,-0.8,0.4
SPXW,2026-03-30,6325.0,PUT,4,-1,2026-03-26T11:43:49.358,52,10.3,65,10.5,-0.1143,-4.1935,135.2578,-71.9126,0.001,-0.8617,9.6779,0.2637,2026-03-26T11:43:49,2026-03-26T11:18:11.321,9.8,15.28,8.35,9.72,1655.0,71.0,2026-03-26T11:18:11.321,9.72,222,2026-03-26 11:43:45 EDT,6538.15,0.9673990348951921,-3.260096510480788,6540.0,10.4,0.1999999999999993,1.9230769230769162,477,-311869.755,-6451797.0600000005,200029.95,-5452.11,-0.0001,0.15,0.1
SPXW,2026-03-30,6330.0,CALL,4,1,2026-03-26T11:43:49.214,1,216.7,1,227.5,0.8782,-5.0482,141.3572,25.8538,0.001,-0.8648,9.7858,0.2658,2026-03-26T11:43:49,2026-03-26T11:18:00.604,226.55,226.55,226.55,226.55,1.0,1.0,2026-03-26T11:18:00.604,226.55,222,2026-03-26 11:43:45 EDT,6538.15,0.9681637772152674,-3.183622278473263,6540.0,222.1,10.800000000000011,4.862674470959033,0,0.0,0.0,0.0,0.0,0.0012,-1.15,-0.5
SPXW,2026-03-30,6330.0,PUT,4,-1,2026-03-26T11:43:49.291,49,10.8,49,11.0,-0.1191,-4.3031,139.2598,-71.49,0.001,-0.8714,9.7513,0.2629,2026-03-26T11:43:49,2026-03-26T11:29:53.193,7.8,13.2,7.8,10.29,111.0,30.0,2026-03-26T11:29:53.193,10.29,222,2026-03-26 11:43:45 EDT,6538.15,0.9681637772152674,-3.183622278473263,6540.0,10.9,0.1999999999999993,1.8348623853210944,200,-130763.00000000001,-2785196.0000000005,86061.99999999999,-2382.0,-0.0005,0.1,-0.0
SPXW,2026-03-30,6335.0,CALL,4,1,2026-03-26T11:43:39.491,1,212.3,1,223.5,0.8716,-5.2298,146.6426,26.1551,0.0011,-0.8687,9.8592,0.2668,2026-03-26T11:43:49,2026-03-23T05:35:37.548,186.6,186.6,186.6,186.6,3.0,1.0,2026-03-23T05:35:37.548,186.6,222,2026-03-26 11:43:45 EDT,6538.15,0.9689285195353426,-3.107148046465738,6540.0,217.9,11.199999999999989,5.139972464433221,3,2157.5895,43992.77999999999,1568.9399999999998,261.48,0.0028,-0.9,-0.0
SPXW,2026-03-30,6335.0,PUT,4,-1,2026-03-26T11:43:49.6,24,11.4,14,11.5,-0.1243,-4.4207,143.4457,-70.9929,0.0011,-0.88,9.817,0.2622,2026-03-26T11:43:49,2026-03-26T11:37:35.103,13.27,13.7,9.14,10.94,45.0,19.0,2026-03-26T11:37:35.103,10.94,222,2026-03-26 11:43:45 EDT,6538.15,0.9689285195353426,-3.107148046465738,6540.0,11.45,0.09999999999999964,0.8733624454148442,127,-91337.95550000001,-1821760.39,56142.89,-1578.61,-0.0003,0.15,-0.1
SPXW,2026-03-30,6340.0,CALL,4,1,2026-03-26T11:43:47.03,1,208.2,1,219.0,0.8657,-5.3767,151.3027,26.4996,0.0011,-0.8734,9.9089,0.2669,2026-03-26T11:43:49,2026-03-23T05:35:37.546,183.1,183.1,183.1,183.1,4.0,1.0,2026-03-23T05:35:37.546,183.1,222,2026-03-26 11:43:45 EDT,6538.15,0.9696932618554178,-3.030673814458213,6540.0,213.6,10.800000000000011,5.056179775280905,4,2876.786,60521.079999999994,2150.68,346.28000000000003,0.0047,-0.6,-0.2
SPXW,2026-03-30,6340.0,PUT,4,-1,2026-03-26T11:43:49.443,59,11.9,25,12.1,-0.1294,-4.533,147.5716,-70.552,0.0011,-0.888,9.8703,0.2615,2026-03-26T11:43:49,2026-03-26T11:42:46.91,13.93,14.2,9.6,12.1,1413.0,55.0,2026-03-26T11:42:46.91,12.1,222,2026-03-26 11:43:45 EDT,6538.15,0.9696932618554178,-3.030673814458213,6540.0,12.0,0.1999999999999993,1.6666666666666607,1391,-1000402.3315000001,-20527209.56,630540.3,-17999.539999999997,-0.0006,0.1,0.0
SPXW,2026-03-30,6345.0,CALL,4,1,2026-03-26T11:43:47.195,1,203.7,1,215.0,0.8595,-5.5283,156.0568,26.8434,0.0011,-0.8765,9.9443,0.2671,2026-03-26T11:43:49,,,,,,,,,,222,2026-03-26 11:43:45 EDT,6538.15,0.9704580041754931,-2.9541995824506877,6540.0,209.35,11.300000000000011,5.397659422020546,0,0.0,0.0,0.0,0.0,0.0049,-0.55,0.1
SPXW,2026-03-30,6345.0,PUT,4,-1,2026-03-26T11:43:49.292,46,12.5,18,12.7,-0.1349,-4.6525,151.8596,-70.0439,0.0011,-0.8946,9.9137,0.2609,2026-03-26T11:43:49,2026-03-26T11:42:46.91,14.1,14.8,10.4,12.7,204.0,41.0,2026-03-26T11:42:46.91,12.7,222,2026-03-26 11:43:45 EDT,6538.15,0.9704580041754931,-2.9541995824506877,6540.0,12.6,0.1999999999999993,1.5873015873015817,337,-242369.2205,-5117668.52,156789.25,-4546.129999999999,-0.0003,0.15,0.1
SPXW,2026-03-30,6350.0,CALL,4,1,2026-03-26T11:43:47.013,1,199.4,1,210.2,0.8549,-5.5992,159.4774,27.2935,0.0012,-0.8849,9.96,0.2652,2026-03-26T11:43:49,2026-03-25T09:43:48.296,285.89,285.89,285.89,285.89,2.0,1.0,2026-03-25T09:43:48.296,285.89,222,2026-03-26 11:43:45 EDT,6538.15,0.9712227464955684,-2.877725350443163,6540.0,204.8,10.799999999999983,5.273437499999992,7,5492.045999999999,111634.18,3919.44,598.4300000000001,0.0034,-0.75,-0.3
SPXW,2026-03-30,6350.0,PUT,4,-1,2026-03-26T11:43:49.449,18,13.2,14,13.3,-0.1407,-4.7784,156.2894,-69.4763,0.0012,-0.8998,9.9453,0.2604,2026-03-26T11:43:49,2026-03-26T11:42:13.106,11.62,18.78,9.3,13.0,612.0,115.0,2026-03-26T11:42:13.106,13.0,222,2026-03-26 11:43:45 EDT,6538.15,0.9712227464955684,-2.877725350443163,6540.0,13.25,0.10000000000000142,0.7547169811320862,2160,-1694688.4799999995,-33758510.4,1032134.4000000001,-30391.199999999997,-0.0004,0.15,-0.1
SPXW,2026-03-30,6355.0,CALL,4,1,2026-03-26T11:43:47.985,7,196.5,7,202.8,0.8536,-5.5198,160.4394,27.9549,0.0012,-0.9053,9.9626,0.2595,2026-03-26T11:43:49,,,,,,,,,,222,2026-03-26 11:43:45 EDT,6538.15,0.9719874888156437,-2.801251118435638,6540.0,199.65,6.300000000000011,3.155522163786632,0,0.0,0.0,0.0,0.0,-0.0013,-1.5,-4.8
SPXW,2026-03-30,6355.0,PUT,4,-1,2026-03-26T11:43:49.243,43,13.8,42,14.0,-0.1466,-4.898,160.6367,-68.9703,0.0012,-0.9043,9.9632,0.2598,2026-03-26T11:43:49,2026-03-26T11:43:10.135,20.8,20.8,11.3,13.76,141.0,35.0,2026-03-26T11:43:10.135,13.76,222,2026-03-26 11:43:45 EDT,6538.15,0.9719874888156437,-2.801251118435638,6540.0,13.9,0.1999999999999993,1.4388489208633042,167,-131024.526,-2682632.8899999997,81796.59999999999,-2448.2200000000003,-0.0001,0.2,-0.0
SPXW,2026-03-30,6360.0,CALL,4,1,2026-03-26T11:43:49.263,2,193.0,7,198.7,0.8447,-5.7634,166.84,28.2016,0.0013,-0.8977,9.9658,0.262,2026-03-26T11:43:49,,,,,,,,,,222,2026-03-26 11:43:45 EDT,6538.15,0.9727522311357188,-2.724776886428113,6540.0,195.85,5.699999999999989,2.910390605054883,0,0.0,0.0,0.0,0.0,0.0041,-0.6,-1.2
SPXW,2026-03-30,6360.0,PUT,4,-1,2026-03-26T11:43:49.438,38,14.5,48,14.7,-0.1527,-5.0225,165.0919,-68.4171,0.0013,-0.9072,9.9677,0.2593,2026-03-26T11:43:49,2026-03-26T11:43:10.135,11.0,19.7,11.0,14.46,79.0,33.0,2026-03-26T11:43:10.135,14.46,222,2026-03-26 11:43:45 EDT,6538.15,0.9727522311357188,-2.724776886428113,6540.0,14.6,0.1999999999999993,1.3698630136986254,1165,-990202.8174999999,-19233206.35,585121.25,-17789.55,-0.0001,0.2,0.0
SPXW,2026-03-30,6365.0,CALL,4,1,2026-03-26T11:43:49.262,2,188.7,7,194.4,0.8386,-5.8787,171.1202,28.6261,0.0013,-0.8997,9.9512,0.2612,2026-03-26T11:43:49,,,,,,,,,,222,2026-03-26 11:43:45 EDT,6538.15,0.9735169734557941,-2.6483026544205877,6540.0,191.55,5.700000000000017,2.9757243539545897,0,0.0,0.0,0.0,0.0,0.0039,-0.6,-1.2
SPXW,2026-03-30,6365.0,PUT,4,-1,2026-03-26T11:43:49.257,39,15.2,44,15.4,-0.1589,-5.1404,169.4596,-67.9238,0.0013,-0.9095,9.9583,0.2586,2026-03-26T11:43:49,2026-03-26T11:37:35.103,14.9,21.1,12.77,14.7,105.0,39.0,2026-03-26T11:37:35.103,14.7,222,2026-03-26 11:43:45 EDT,6538.15,0.9735169734557941,-2.6483026544205877,6540.0,15.3,0.20000000000000107,1.307189542483667,203,-172541.77849999996,-3440029.88,104350.12,-3225.67,-0.0002,0.2,0.0
SPXW,2026-03-30,6370.0,CALL,4,1,2026-03-26T11:43:49.263,2,184.5,7,190.3,0.8317,-6.0208,175.8344,29.0188,0.0013,-0.8979,9.9193,0.2612,2026-03-26T11:43:49,,,,,,,,,,222,2026-03-26 11:43:45 EDT,6538.15,0.9742817157758694,-2.5718284224130623,6540.0,187.4,5.800000000000011,3.094983991462119,0,0.0,0.0,0.0,0.0,0.0058,-0.25,-0.5
SPXW,2026-03-30,6370.0,PUT,4,-1,2026-03-26T11:43:49.602,47,15.9,19,16.1,-0.1651,-5.2514,173.742,-67.4885,0.0013,-0.9113,9.9352,0.2578,2026-03-26T11:43:49,2026-03-26T11:39:21.223,21.87,21.87,13.1,15.42,557.0,131.0,2026-03-26T11:39:21.223,15.42,222,2026-03-26 11:43:45 EDT,6538.15,0.9742817157758694,-2.5718284224130623,6540.0,16.0,0.20000000000000107,1.2500000000000067,1505,-1279189.0474999999,-26148171.0,790335.7000000001,-24847.55,-0.0002,0.2,0.0
SPXW,2026-03-30,6375.0,CALL,4,1,2026-03-26T11:43:49.263,2,180.3,7,186.1,0.825,-6.1437,180.2598,29.4458,0.0014,-0.8965,9.8738,0.2606,2026-03-26T11:43:49,2026-03-25T09:43:48.296,262.53,262.53,262.53,262.53,1.0,1.0,2026-03-25T09:43:48.296,262.53,222,2026-03-26 11:43:45 EDT,6538.15,0.9750464580959446,-2.4953541904055374,6540.0,183.2,5.799999999999983,3.165938864628812,3,2746.0229999999997,54077.94,1843.1100000000001,247.49999999999997,0.0056,-0.25,-0.5
SPXW,2026-03-30,6375.0,PUT,4,-1,2026-03-26T11:43:49.452,41,16.7,16,16.9,-0.1719,-5.3775,178.2823,-66.908,0.0014,-0.9101,9.8957,0.2573,2026-03-26T11:43:49,2026-03-26T11:42:40.648,15.4,20.1,13.8,16.72,237.0,49.0,2026-03-26T11:42:40.648,16.72,222,2026-03-26 11:43:45 EDT,6538.15,0.9750464580959446,-2.4953541904055374,6540.0,16.799999999999997,0.1999999999999993,1.1904761904761865,476,-435702.316,-8486237.479999999,255969.0,-8182.44,-0.0003,0.2,0.0
SPXW,2026-03-30,6380.0,CALL,4,1,2026-03-26T11:43:49.263,7,175.8,7,181.9,0.8191,-6.227,184.1182,29.9437,0.0014,-0.898,9.8213,0.2591,2026-03-26T11:43:49,2026-03-23T15:32:50.567,250.4,250.74,250.4,250.74,32.0,2.0,2026-03-23T15:32:50.567,250.74,222,2026-03-26 11:43:45 EDT,6538.15,0.9758112004160199,-2.4188799583980125,6540.0,178.85000000000002,6.099999999999994,3.410679340229239,32,29290.911999999997,589178.24,19926.4,2621.1200000000003,0.004,-0.5,0.0
SPXW,2026-03-30,6380.0,PUT,4,-1,2026-03-26T11:43:49.456,39,17.5,20,17.7,-0.1787,-5.4964,182.7227,-66.3861,0.0014,-0.9083,9.8413,0.2567,2026-03-26T11:43:49,2026-03-26T11:38:20.2,23.67,23.67,14.26,16.7,595.0,134.0,2026-03-26T11:38:20.2,16.7,222,2026-03-26 11:43:45 EDT,6538.15,0.9758112004160199,-2.4188799583980125,6540.0,17.6,0.1999999999999993,1.1363636363636322,636,-582156.8759999999,-11621163.719999999,349571.04000000004,-11365.32,-0.0004,0.2,0.0
SPXW,2026-03-30,6385.0,CALL,4,1,2026-03-26T11:43:49.263,3,172.4,8,177.2,0.8116,-6.3665,188.8105,30.3581,0.0014,-0.8919,9.7411,0.2591,2026-03-26T11:43:49,2026-03-23T05:36:24.412,152.4,152.4,152.4,152.4,6.0,1.0,2026-03-23T05:36:24.412,152.4,222,2026-03-26 11:43:45 EDT,6538.15,0.9765759427360952,-2.342405726390487,6540.0,174.8,4.799999999999983,2.7459954233409514,6,5492.045999999999,113286.29999999999,3819.8999999999996,486.96000000000004,0.0053,-0.25,-0.5
SPXW,2026-03-30,6385.0,PUT,4,-1,2026-03-26T11:43:49.601,49,18.3,5,18.5,-0.1855,-5.607,187.0529,-65.9287,0.0014,-0.9058,9.7729,0.2559,2026-03-26T11:43:49,2026-03-26T11:32:17.122,20.8,21.6,14.62,18.3,81.0,26.0,2026-03-26T11:32:17.122,18.3,222,2026-03-26 11:43:45 EDT,6538.15,0.9765759427360952,-2.342405726390487,6540.0,18.4,0.1999999999999993,1.0869565217391266,97,-88788.077,-1814413.1300000001,54387.9,-1799.3500000000001,-0.0004,0.2,0.0
SPXW,2026-03-30,6390.0,CALL,4,1,2026-03-26T11:43:39.619,3,168.2,8,173.5,0.8036,-6.5172,193.643,30.756,0.0015,-0.8828,9.6388,0.2593,2026-03-26T11:43:49,2026-03-26T09:51:15.843,192.68,192.68,192.68,192.68,1.0,1.0,2026-03-26T09:51:15.843,192.68,222,2026-03-26 11:43:45 EDT,6538.15,0.9773406850561703,-2.2659314943829623,6540.0,170.85,5.300000000000011,3.102136376938842,0,0.0,0.0,0.0,0.0,0.0063,0.0,0.0
SPXW,2026-03-30,6390.0,PUT,4,-1,2026-03-26T11:43:49.291,40,19.2,12,19.4,-0.1928,-5.7309,191.5816,-65.3419,0.0015,-0.9003,9.6846,0.2555,2026-03-26T11:43:49,2026-03-26T11:38:21.216,24.28,27.68,15.8,18.16,220.0,45.0,2026-03-26T11:38:21.216,18.16,222,2026-03-26 11:43:45 EDT,6538.15,0.9773406850561703,-2.2659314943829623,6540.0,19.299999999999997,0.1999999999999993,1.0362694300518098,505,-495264.8625,-9674870.8,289410.45,-9736.4,-0.0004,0.2,0.0
SPXW,2026-03-30,6395.0,CALL,4,1,2026-03-26T11:43:49.268,3,164.0,8,169.4,0.7966,-6.619,197.7915,31.2454,0.0015,-0.8777,9.5345,0.2583,2026-03-26T11:43:49,,,,,,,,,,222,2026-03-26 11:43:45 EDT,6538.15,0.9781054273762456,-2.1894572623754374,6540.0,166.7,5.400000000000006,3.2393521295740886,0,0.0,0.0,0.0,0.0,0.0061,0.0,0.0
SPXW,2026-03-30,6395.0,PUT,4,-1,2026-03-26T11:43:49.601,43,20.1,12,20.3,-0.2002,-5.846,195.9869,-64.8196,0.0015,-0.8941,9.5814,0.2548,2026-03-26T11:43:49,2026-03-26T11:15:24.454,29.58,29.58,16.55,18.32,98.0,27.0,2026-03-26T11:15:24.454,18.32,222,2026-03-26 11:43:45 EDT,6538.15,0.9781054273762456,-2.1894572623754374,6540.0,20.200000000000003,0.1999999999999993,0.9900990099009864,120,-117686.7,-2351842.8,70152.0,-2402.3999999999996,-0.0005,0.2,-0.0
SPXW,2026-03-30,6400.0,CALL,4,1,2026-03-26T11:43:49.254,9,161.3,7,162.7,0.7919,-6.6071,200.4922,31.9623,0.0016,-0.8851,9.4574,0.2545,2026-03-26T11:43:49,2026-03-26T11:29:32.909,167.6,191.62,165.25,165.25,102.0,12.0,2026-03-26T11:29:32.909,165.25,222,2026-03-26 11:43:45 EDT,6538.15,0.9788701696963209,-2.112983030367912,6540.0,162.0,1.3999999999999773,0.8641975308641836,24,25106.496000000003,481181.27999999997,15857.04,1900.5600000000002,0.0002,-1.15,0.1
SPXW,2026-03-30,6400.0,PUT,4,-1,2026-03-26T11:43:49.601,25,21.1,35,21.3,-0.2081,-5.9724,200.5342,-64.1855,0.0016,-0.8847,9.4562,0.2546,2026-03-26T11:43:49,2026-03-26T11:42:54.727,24.79,28.6,16.5,20.97,665.0,230.0,2026-03-26T11:42:54.727,20.97,222,2026-03-26 11:43:45 EDT,6538.15,0.9788701696963209,-2.112983030367912,6540.0,21.200000000000003,0.1999999999999993,0.9433962264150908,3025,-3164464.5999999996,-60661595.49999999,1806651.0000000002,-62950.25000000001,0.0,0.3,0.0
SPXW,2026-03-30,6405.0,CALL,4,1,2026-03-26T11:43:39.619,3,155.8,8,161.3,0.7817,-6.8274,206.1736,32.2369,0.0016,-0.8619,9.2735,0.2566,2026-03-26T11:43:49,2026-03-24T15:54:53.713,199.0,199.0,187.0,187.0,6.0,2.0,2026-03-24T15:54:53.713,187.0,222,2026-03-26 11:43:45 EDT,6538.15,0.9796349120163961,-2.036508798360387,6540.0,158.55,5.5,3.4689372437716806,1,1046.104,20617.36,682.74,78.17,0.0057,0.0,0.0
SPXW,2026-03-30,6405.0,PUT,4,-1,2026-03-26T11:43:49.601,17,22.1,35,22.3,-0.216,-6.0893,204.9408,-63.618,0.0016,-0.8746,9.3159,0.2541,2026-03-26T11:43:49,2026-03-26T11:05:31.729,25.5,25.58,17.84,19.4,46.0,17.0,2026-03-26T11:05:31.729,19.4,222,2026-03-26 11:43:45 EDT,6538.15,0.9796349120163961,-2.036508798360387,6540.0,22.200000000000003,0.1999999999999993,0.9009009009008976,143,-149592.87199999997,-2930653.44,87076.99,-3088.7999999999997,-0.0001,0.3,0.0
SPXW,2026-03-30,6410.0,CALL,4,1,2026-03-26T11:43:49.27,3,152.5,8,157.3,0.7725,-6.9966,211.1017,32.6065,0.0016,-0.8429,9.0871,0.2576,2026-03-26T11:43:49,2026-03-24T09:30:28.471,176.4,176.4,176.4,176.4,1.0,1.0,2026-03-24T09:30:28.471,176.4,222,2026-03-26 11:43:45 EDT,6538.15,0.9803996543364714,-1.960034566352862,6540.0,154.9,4.800000000000011,3.0987734021949715,1,1046.104,21110.17,699.66,77.25,0.0056,0.0,0.0
SPXW,2026-03-30,6410.0,PUT,4,-1,2026-03-26T11:43:49.61,24,23.1,34,23.3,-0.2239,-6.1974,209.2223,-63.107,0.0016,-0.8637,9.1607,0.2534,2026-03-26T11:43:49,2026-03-26T11:32:36.081,25.76,26.97,18.9,23.4,53.0,24.0,2026-03-26T11:32:36.081,23.4,222,2026-03-26 11:43:45 EDT,6538.15,0.9803996543364714,-1.960034566352862,6540.0,23.200000000000003,0.1999999999999993,0.8620689655172382,329,-344168.21599999996,-6883413.67,203894.46,-7366.31,-0.0001,0.3,0.0
SPXW,2026-03-30,6415.0,CALL,4,1,2026-03-26T11:43:49.268,3,148.4,9,152.9,0.7656,-7.0475,214.6404,33.228,0.0017,-0.8372,8.9362,0.2555,2026-03-26T11:43:49,2026-03-25T15:51:29.755,197.17,197.17,197.17,197.17,2.0,2.0,2026-03-25T15:51:29.755,197.17,222,2026-03-26 11:43:45 EDT,6538.15,0.9811643966565466,-1.8835603343453369,6540.0,150.65,4.5,2.987056090275473,2,2222.9709999999995,42928.08,1409.5,153.11999999999998,0.0048,-0.15,-0.3
SPXW,2026-03-30,6415.0,PUT,4,-1,2026-03-26T11:43:49.621,42,24.1,36,24.4,-0.2321,-6.3054,213.4823,-62.5767,0.0017,-0.8509,8.9866,0.2528,2026-03-26T11:43:49,2026-03-26T11:34:50.413,20.7,28.5,20.13,24.1,87.0,39.0,2026-03-26T11:34:50.413,24.1,222,2026-03-26 11:43:45 EDT,6538.15,0.9811643966565466,-1.8835603343453369,6540.0,24.25,0.29999999999999716,1.237113402061844,97,-107814.09349999999,-2070778.31,61162.38,-2251.37,-0.0002,0.3,-0.0
SPXW,2026-03-30,6420.0,CALL,4,1,2026-03-26T11:43:39.615,4,144.3,9,149.4,0.7569,-7.1697,218.964,33.7006,0.0017,-0.8203,8.7323,0.2553,2026-03-26T11:43:49,2026-03-24T14:32:16.248,194.87,194.87,194.87,194.87,1.0,1.0,2026-03-24T14:32:16.248,194.87,222,2026-03-26 11:43:45 EDT,6538.15,0.9819291389766219,-1.807086102337812,6540.0,146.85000000000002,5.099999999999994,3.472931562819199,8,8891.883999999998,175171.2,5735.76,605.52,0.0053,0.0,0.0
SPXW,2026-03-30,6420.0,PUT,4,-1,2026-03-26T11:43:49.252,41,25.2,32,25.5,-0.2405,-6.4127,217.7054,-62.0302,0.0017,-0.8361,8.7935,0.2522,2026-03-26T11:43:49,2026-03-26T11:41:18.22,22.8,32.4,20.2,24.16,115.0,59.0,2026-03-26T11:41:18.22,24.16,222,2026-03-26 11:43:45 EDT,6538.15,0.9819291389766219,-1.807086102337812,6540.0,25.35,0.3000000000000007,1.1834319526627246,842,-935870.791,-18330794.68,539949.3400000001,-20250.100000000002,-0.0003,0.25,0.1
SPXW,2026-03-30,6425.0,CALL,4,1,2026-03-26T11:43:48.894,4,140.7,9,145.5,0.748,-7.2901,223.2044,34.1776,0.0017,-0.8015,8.5097,0.2551,2026-03-26T11:43:49,2026-03-25T15:54:05.891,189.35,189.35,189.35,189.35,1.0,1.0,2026-03-25T15:54:05.891,189.35,222,2026-03-26 11:43:45 EDT,6538.15,0.9826938812966971,-1.7306118703302866,6540.0,143.1,4.800000000000011,3.3542976939203433,22,24452.680999999997,491049.68,16038.219999999998,1645.6,0.0051,0.0,0.0
SPXW,2026-03-30,6425.0,PUT,4,-1,2026-03-26T11:43:49.602,26,26.4,29,26.6,-0.2491,-6.519,221.8802,-61.4683,0.0018,-0.8194,8.5811,0.2517,2026-03-26T11:43:49,2026-03-26T11:32:36.081,22.6,31.25,21.32,26.8,176.0,52.0,2026-03-26T11:32:36.081,26.8,222,2026-03-26 11:43:45 EDT,6538.15,0.9826938812966971,-1.7306118703302866,6540.0,26.5,0.20000000000000284,0.7547169811320862,586,-689644.0619999999,-13002179.72,382013.4,-14597.26,-0.0003,0.3,0.0
SPXW,2026-03-30,6430.0,CALL,4,1,2026-03-26T11:43:48.623,4,137.2,9,141.4,0.7393,-7.3916,227.2056,34.6999,0.0018,-0.7832,8.2771,0.2546,2026-03-26T11:43:49,2026-03-24T14:13:43.683,170.4,181.65,161.1,175.14,6.0,4.0,2026-03-24T14:13:43.683,175.14,222,2026-03-26 11:43:45 EDT,6538.15,0.9834586236167724,-1.6541376383227617,6540.0,139.3,4.200000000000017,3.0150753768844343,7,8238.069,159043.92,5174.120000000001,517.51,0.0047,-0.05,-0.1
SPXW,2026-03-30,6430.0,PUT,4,-1,2026-03-26T11:43:49.601,23,27.6,31,27.8,-0.2579,-6.6234,225.9887,-60.8963,0.0018,-0.8007,8.3495,0.2512,2026-03-26T11:43:49,2026-03-26T11:38:21.216,33.03,34.13,22.37,26.19,420.0,103.0,2026-03-26T11:38:21.216,26.19,222,2026-03-26 11:43:45 EDT,6538.15,0.9834586236167724,-1.6541376383227617,6540.0,27.700000000000003,0.1999999999999993,0.7220216606498169,669,-787324.0229999999,-15118644.03,443105.46,-17253.51,-0.0001,0.3,0.0
SPXW,2026-03-30,6435.0,CALL,4,1,2026-03-26T11:43:49.272,4,133.0,9,137.4,0.7315,-7.435,230.633,35.3753,0.0018,-0.7706,8.0589,0.2525,2026-03-26T11:43:49,,,,,,,,,,222,2026-03-26 11:43:45 EDT,6538.15,0.9842233659368477,-1.5776634063152366,6540.0,135.2,4.400000000000006,3.25443786982249,0,0.0,0.0,0.0,0.0,0.0037,-0.25,-0.5
SPXW,2026-03-30,6435.0,PUT,4,-1,2026-03-26T11:43:49.609,21,28.8,24,29.0,-0.2668,-6.7176,229.945,-60.3819,0.0018,-0.7812,8.1036,0.2505,2026-03-26T11:43:49,2026-03-26T11:40:44.626,33.38,34.4,24.0,27.79,66.0,38.0,2026-03-26T11:40:44.626,27.79,222,2026-03-26 11:43:45 EDT,6538.15,0.9842233659368477,-1.5776634063152366,6540.0,28.9,0.1999999999999993,0.6920415224913471,100,-117686.7,-2299450.0,67176.0,-2668.0,-0.0004,0.3,0.0
SPXW,2026-03-30,6440.0,CALL,4,1,2026-03-26T11:43:48.045,4,129.3,9,134.1,0.7216,-7.5645,234.7782,35.8275,0.0018,-0.7441,7.7705,0.2529,2026-03-26T11:43:49,2026-03-26T09:51:15.843,152.56,152.56,152.56,152.56,2.0,1.0,2026-03-26T09:51:15.843,152.56,222,2026-03-26 11:43:45 EDT,6538.15,0.9849881082569228,-1.5011891743077115,6540.0,131.7,4.799999999999983,3.6446469248291447,2,2353.7339999999995,46955.64,1512.8999999999999,144.32,0.0047,0.0,0.0
SPXW,2026-03-30,6440.0,PUT,4,-1,2026-03-26T11:43:49.607,4,30.1,29,30.3,-0.276,-6.8097,233.826,-59.8541,0.0019,-0.7598,7.8386,0.2498,2026-03-26T11:43:49,2026-03-26T11:36:09.307,28.2,36.62,24.8,29.25,58.0,42.0,2026-03-26T11:36:09.307,29.25,222,2026-03-26 11:43:45 EDT,6538.15,0.9849881082569228,-1.5011891743077115,6540.0,30.200000000000003,0.1999999999999993,0.6622516556291367,1712,-2126729.432,-40031011.199999996,1165820.6400000001,-47251.200000000004,-0.0003,0.4,0.0
SPXW,2026-03-30,6445.0,CALL,4,1,2026-03-26T11:43:48.584,4,125.9,9,129.9,0.7127,-7.6359,238.359,36.4367,0.0019,-0.7233,7.4967,0.2518,2026-03-26T11:43:49,2026-03-26T09:57:50.94,149.27,149.27,149.27,149.27,5.0,5.0,2026-03-26T09:57:50.94,149.27,222,2026-03-26 11:43:45 EDT,6538.15,0.9857528505769981,-1.4247149423001866,6540.0,127.9,4.0,3.1274433150899137,0,0.0,0.0,0.0,0.0,0.0037,-0.2,-0.4
SPXW,2026-03-30,6445.0,PUT,4,-1,2026-03-26T11:43:49.602,20,31.4,28,31.6,-0.2854,-6.9066,237.6758,-59.2572,0.0019,-0.7353,7.5501,0.2494,2026-03-26T11:43:49,2026-03-26T11:36:23.474,33.5,36.4,25.41,30.45,69.0,38.0,2026-03-26T11:36:23.474,30.45,222,2026-03-26 11:43:45 EDT,6538.15,0.9857528505769981,-1.4247149423001866,6540.0,31.5,0.20000000000000284,0.634920634920644,127,-157765.55949999997,-3018482.66,87713.81999999999,-3624.5799999999995,-0.0001,0.4,0.0
SPXW,2026-03-30,6450.0,CALL,4,1,2026-03-26T11:43:48.584,4,122.1,9,126.7,0.7029,-7.7427,242.1343,36.943,0.0019,-0.6953,7.1811,0.2518,2026-03-26T11:43:49,2026-03-26T09:56:13.946,130.91,147.08,128.0,147.08,8.0,3.0,2026-03-26T09:56:13.946,147.08,222,2026-03-26 11:43:45 EDT,6538.15,0.9865175928970734,-1.3482407102926612,6540.0,124.4,4.6000000000000085,3.6977491961414857,22,27329.466999999993,532695.46,17033.940000000002,1546.3799999999999,0.0042,-0.05,0.1
SPXW,2026-03-30,6450.0,PUT,4,-1,2026-03-26T11:43:49.291,37,32.7,28,33.0,-0.295,-6.9925,241.3564,-58.7162,0.0019,-0.7101,7.2478,0.2488,2026-03-26T11:43:49,2026-03-26T11:41:44.025,25.8,39.37,22.8,32.0,494.0,179.0,2026-03-26T11:41:44.025,32.0,222,2026-03-26 11:43:45 EDT,6538.15,0.9865175928970734,-1.3482407102926612,6540.0,32.85,0.29999999999999716,0.9132420091324114,3165,-3931716.5024999995,-76389300.60000001,2213126.25,-93367.5,-0.0004,0.35,0.1
SPXW,2026-03-30,6455.0,CALL,4,1,2026-03-26T11:43:49.602,5,119.9,5,120.5,0.6949,-7.7345,245.032,37.8019,0.002,-0.6807,6.9171,0.2487,2026-03-26T11:43:49,2026-03-26T11:33:42.179,124.4,124.4,119.3,119.3,5.0,3.0,2026-03-26T11:33:42.179,119.3,222,2026-03-26 11:43:45 EDT,6538.15,0.9872823352171486,-1.2717664782851363,6540.0,120.2,0.5999999999999943,0.4991680532445876,1,1307.6299999999999,24503.2,773.4499999999999,69.49,0.0002,-1.0,0.0
SPXW,2026-03-30,6455.0,PUT,4,-1,2026-03-26T11:43:49.257,34,34.1,28,34.4,-0.3047,-7.0748,244.9225,-58.1697,0.002,-0.683,6.9273,0.2482,2026-03-26T11:43:49,2026-03-26T11:15:51.848,28.1,39.2,28.1,31.6,49.0,31.0,2026-03-26T11:15:51.848,31.6,222,2026-03-26 11:43:45 EDT,6538.15,0.9872823352171486,-1.2717664782851363,6540.0,34.25,0.29999999999999716,0.8759124087591158,119,-155607.97,-2914577.75,84190.12,-3625.9300000000003,-0.0002,0.35,0.1
SPXW,2026-03-30,6460.0,CALL,4,1,2026-03-26T11:43:49.607,3,116.4,5,116.8,0.6852,-7.8054,248.4143,38.4224,0.002,-0.6529,6.5837,0.2479,2026-03-26T11:43:49,2026-03-26T09:57:50.94,129.3,138.01,120.55,138.01,9.0,8.0,2026-03-26T09:57:50.94,138.01,222,2026-03-26 11:43:45 EDT,6538.15,0.9880470775372239,-1.1952922462776112,6540.0,116.6,0.3999999999999915,0.3430531732418452,13,16999.190000000002,322938.58999999997,10147.019999999999,890.76,0.0,-1.0,0.0
SPXW,2026-03-30,6460.0,PUT,4,-1,2026-03-26T11:43:49.61,16,35.6,23,35.8,-0.3146,-7.1529,248.3621,-57.6203,0.002,-0.6541,6.589,0.2476,2026-03-26T11:43:49,2026-03-26T11:38:18.184,25.1,38.63,25.1,34.58,196.0,50.0,2026-03-26T11:38:18.184,34.58,222,2026-03-26 11:43:45 EDT,6538.15,0.9880470775372239,-1.1952922462776112,6540.0,35.7,0.19999999999999574,0.5602240896358424,205,-268064.15,-5091423.05,146634.44999999998,-6449.299999999999,-0.0003,0.4,0.0
SPXW,2026-03-30,6465.0,CALL,4,1,2026-03-26T11:43:49.608,3,112.9,5,113.3,0.6751,-7.879,251.7099,39.0301,0.002,-0.6223,6.2285,0.2473,2026-03-26T11:43:49,,,,,,,,,,222,2026-03-26 11:43:45 EDT,6538.15,0.9888118198572992,-1.1188180142700863,6540.0,113.1,0.3999999999999915,0.35366931918655303,0,0.0,0.0,0.0,0.0,0.0001,-1.0,0.0
SPXW,2026-03-30,6465.0,PUT,4,-1,2026-03-26T11:43:49.63,8,37.1,19,37.3,-0.3247,-7.2267,251.666,-57.0679,0.002,-0.6234,6.2333,0.247,2026-03-26T11:43:49,2026-03-26T11:41:15.898,31.5,41.8,30.3,35.35,85.0,36.0,2026-03-26T11:41:15.898,35.35,222,2026-03-26 11:43:45 EDT,6538.15,0.9888118198572992,-1.1188180142700863,6540.0,37.2,0.19999999999999574,0.5376344086021391,285,-372674.55,-7172481.0,205960.95,-9253.95,-0.0004,0.4,0.0
SPXW,2026-03-30,6470.0,CALL,4,1,2026-03-26T11:43:49.608,4,109.5,6,109.8,0.6649,-7.948,254.8608,39.6476,0.0021,-0.59,5.8563,0.2467,2026-03-26T11:43:49,2026-03-26T11:42:47.568,135.46,135.46,109.5,109.5,5.0,2.0,2026-03-26T11:42:47.568,109.5,222,2026-03-26 11:43:45 EDT,6538.15,0.9895765621773744,-1.042343782262561,6540.0,109.65,0.29999999999999716,0.27359781121750765,9,12357.1035,229374.72000000003,7153.200000000001,598.4100000000001,0.0,-0.95,-0.1
SPXW,2026-03-30,6470.0,PUT,4,-1,2026-03-26T11:43:49.446,25,38.6,23,38.9,-0.3349,-7.2955,254.8232,-56.515,0.0021,-0.5909,5.8609,0.2465,2026-03-26T11:43:49,2026-03-26T11:43:22.825,27.2,43.8,27.2,38.66,444.0,86.0,2026-03-26T11:43:22.825,38.66,222,2026-03-26 11:43:45 EDT,6538.15,0.9895765621773744,-1.042343782262561,6540.0,38.75,0.29999999999999716,0.7741935483870894,2207,-3030236.3804999995,-56239480.24,1610116.85,-73912.43,-0.0001,0.45,0.1
SPXW,2026-03-30,6475.0,CALL,4,1,2026-03-26T11:43:49.609,5,106.1,7,106.4,0.6545,-8.0119,257.8565,40.276,0.0021,-0.5559,5.468,0.2461,2026-03-26T11:43:49,2026-03-26T11:42:56.6,118.65,131.76,107.3,107.3,16.0,3.0,2026-03-26T11:42:56.6,107.3,222,2026-03-26 11:43:45 EDT,6538.15,0.9903413044974496,-0.9658695502550361,6540.0,106.25,0.30000000000001137,0.2823529411764813,27,37071.31049999999,696212.5499999999,21632.13,1767.1499999999999,0.0002,-0.95,-0.1
SPXW,2026-03-30,6475.0,PUT,4,-1,2026-03-26T11:43:49.608,25,40.2,6,40.4,-0.3452,-7.3525,257.795,-56.0125,0.0021,-0.5576,5.4762,0.2457,2026-03-26T11:43:49,2026-03-26T11:41:55.171,31.66,46.93,31.66,40.13,942.0,65.0,2026-03-26T11:41:55.171,40.13,222,2026-03-26 11:43:45 EDT,6538.15,0.9903413044974496,-0.9658695502550361,6540.0,40.3,0.19999999999999574,0.49627791563274376,797,-1094290.1655,-20546261.500000004,585994.25,-27512.44,-0.0004,0.4,-0.0
SPXW,2026-03-30,6480.0,CALL,4,1,2026-03-26T11:43:49.258,5,102.7,7,103.0,0.644,-8.0635,260.6616,40.9425,0.0021,-0.521,5.0678,0.2453,2026-03-26T11:43:49,2026-03-26T10:20:18.979,124.4,124.4,113.1,123.1,6.0,4.0,2026-03-26T10:20:18.979,123.1,222,2026-03-26 11:43:45 EDT,6538.15,0.9911060468175249,-0.889395318247511,6540.0,102.85,0.29999999999999716,0.2916869227029627,57,78261.65549999998,1485771.12,45961.95,3670.7999999999997,-0.0001,-1.0,-0.2
SPXW,2026-03-30,6480.0,PUT,4,-1,2026-03-26T11:43:49.601,25,41.8,22,42.1,-0.3558,-7.4107,260.6348,-55.4597,0.0021,-0.5218,5.0718,0.2451,2026-03-26T11:43:49,2026-03-26T11:32:51.947,38.55,46.9,33.0,42.28,138.0,57.0,2026-03-26T11:32:51.947,42.28,222,2026-03-26 11:43:45 EDT,6538.15,0.9911060468175249,-0.889395318247511,6540.0,41.95,0.30000000000000426,0.7151370679380316,267,-366594.0705,-6958949.159999999,197865.69000000003,-9499.859999999999,-0.0003,0.45,0.1
SPXW,2026-03-30,6485.0,CALL,4,1,2026-03-26T11:43:49.256,6,99.4,8,99.7,0.6333,-8.116,263.3228,41.5962,0.0021,-0.4837,4.6489,0.2447,2026-03-26T11:43:49,2026-03-26T09:40:50.442,106.1,106.1,105.0,105.0,3.0,2.0,2026-03-26T09:40:50.442,105.0,222,2026-03-26 11:43:45 EDT,6538.15,0.9918707891376002,-0.8129210862399859,6540.0,99.55000000000001,0.29999999999999716,0.3013561024610719,36,49428.414,947962.0799999998,29217.6,2279.88,0.0,-0.95,-0.1
SPXW,2026-03-30,6485.0,PUT,4,-1,2026-03-26T11:43:49.601,21,43.5,20,43.8,-0.3665,-7.4632,263.3015,-54.9065,0.0022,-0.4844,4.6523,0.2445,2026-03-26T11:43:49,2026-03-26T11:36:49.901,49.75,49.75,35.0,42.84,52.0,28.0,2026-03-26T11:36:49.901,42.84,222,2026-03-26 11:43:45 EDT,6538.15,0.9918707891376002,-0.8129210862399859,6540.0,43.65,0.29999999999999716,0.687285223367691,166,-238773.23799999998,-4370804.9,123889.12,-6083.9,-0.0004,0.45,0.1
SPXW,2026-03-30,6490.0,CALL,4,1,2026-03-26T11:43:49.608,11,96.1,8,96.5,0.6224,-8.1625,265.8025,42.2626,0.0022,-0.4449,4.2157,0.2441,2026-03-26T11:43:49,2026-03-26T11:19:11.428,116.14,121.3,100.4,100.4,13.0,7.0,2026-03-26T11:19:11.428,100.4,222,2026-03-26 11:43:45 EDT,6538.15,0.9926355314576754,-0.7364468542324609,6540.0,96.3,0.4000000000000057,0.415368639667711,21,30206.253000000004,558185.25,17141.25,1307.04,0.0,-0.9,0.0
SPXW,2026-03-30,6490.0,PUT,4,-1,2026-03-26T11:43:49.602,2,45.3,18,45.5,-0.3774,-7.5095,265.7854,-54.3568,0.0022,-0.4455,4.2188,0.2439,2026-03-26T11:43:49,2026-03-26T11:32:33.819,43.9,50.54,36.7,46.1,149.0,80.0,2026-03-26T11:32:33.819,46.1,222,2026-03-26 11:43:45 EDT,6538.15,0.9926355314576754,-0.7364468542324609,6540.0,45.4,0.20000000000000284,0.4405286343612398,1691,-2432322.563,-44944311.14,1269856.45,-63818.340000000004,-0.0002,0.5,0.0
SPXW,2026-03-30,6495.0,CALL,4,1,2026-03-26T11:43:49.631,6,92.9,8,93.3,0.6114,-8.2027,268.0929,42.9419,0.0022,-0.4046,3.7691,0.2435,2026-03-26T11:43:49,2026-03-26T11:42:56.6,120.1,120.1,94.1,94.1,26.0,6.0,2026-03-26T11:42:56.6,94.1,222,2026-03-26 11:43:45 EDT,6538.15,0.9934002737777506,-0.6599726222249358,6540.0,93.1,0.3999999999999915,0.4296455424274882,26,37398.21799999999,697041.54,21327.02,1589.64,0.0001,-0.9,-0.0
SPXW,2026-03-30,6495.0,PUT,4,-1,2026-03-26T11:43:49.61,20,47.0,17,47.3,-0.3884,-7.5495,268.0795,-53.8086,0.0022,-0.4052,3.7718,0.2433,2026-03-26T11:43:49,2026-03-26T11:10:49.007,52.8,55.3,38.78,43.8,42.0,29.0,2026-03-26T11:10:49.007,43.8,222,2026-03-26 11:43:45 EDT,6538.15,0.9934002737777506,-0.6599726222249358,6540.0,47.15,0.29999999999999716,0.6362672322375338,164,-235896.452,-4396503.8,123811.79999999999,-6369.76,-0.0003,0.45,0.1
SPXW,2026-03-30,6500.0,CALL,4,1,2026-03-26T11:43:49.6,7,89.8,9,90.1,0.6003,-8.236,270.1855,43.6367,0.0022,-0.3629,3.31,0.2428,2026-03-26T11:43:49,2026-03-26T10:53:49.829,116.6,116.6,96.5,96.5,55.0,19.0,2026-03-26T10:53:49.829,96.5,222,2026-03-26 11:43:45 EDT,6538.15,0.9941650160978259,-0.5834983902174107,6540.0,89.94999999999999,0.29999999999999716,0.3335186214563615,64,92057.152,1729187.2,52710.4,3841.9199999999996,-0.0002,-0.95,-0.1
SPXW,2026-03-30,6500.0,PUT,4,-1,2026-03-26T11:43:49.603,19,48.9,19,49.2,-0.3995,-7.5826,270.1752,-53.2656,0.0022,-0.3634,3.3124,0.2427,2026-03-26T11:43:49,2026-03-26T11:43:14.769,35.24,55.2,35.24,48.49,713.0,223.0,2026-03-26T11:43:14.769,48.49,222,2026-03-26 11:43:45 EDT,6538.15,0.9941650160978259,-0.5834983902174107,6540.0,49.05,0.30000000000000426,0.6116207951070424,1817,-2613560.081,-49090833.84,1377758.4200000002,-72589.15000000001,-0.0001,0.55,0.1
SPXW,2026-03-30,6505.0,CALL,4,1,2026-03-26T11:43:49.607,8,86.7,9,87.0,0.589,-8.2625,272.0737,44.3464,0.0022,-0.3199,2.8392,0.2422,2026-03-26T11:43:49,2026-03-26T10:35:41.599,96.69,105.8,96.69,105.8,4.0,2.0,2026-03-26T10:35:41.599,105.8,222,2026-03-26 11:43:45 EDT,6538.15,0.9949297584179011,-0.5070241582098857,6540.0,86.85,0.29999999999999716,0.3454231433506012,15,21575.895,408110.55,12393.749999999998,883.4999999999999,0.0002,-0.85,-0.1
SPXW,2026-03-30,6505.0,PUT,4,-1,2026-03-26T11:43:49.608,17,50.8,5,51.0,-0.4108,-7.6027,272.0568,-52.7699,0.0022,-0.3208,2.8436,0.2418,2026-03-26T11:43:49,2026-03-26T11:14:34.99,55.3,57.48,41.93,46.75,44.0,27.0,2026-03-26T11:14:34.99,46.75,222,2026-03-26 11:43:45 EDT,6538.15,0.9949297584179011,-0.5070241582098857,6540.0,50.9,0.20000000000000284,0.39292730844794277,191,-274733.06299999997,-5196284.88,145211.56999999998,-7846.28,-0.0005,0.5,0.0
SPXW,2026-03-30,6510.0,CALL,4,1,2026-03-26T11:43:49.631,8,83.6,9,83.9,0.5777,-8.2756,273.7434,45.1035,0.0023,-0.2761,2.3598,0.2413,2026-03-26T11:43:49,2026-03-26T11:42:07.807,87.95,107.67,84.05,84.05,6.0,6.0,2026-03-26T11:42:07.807,84.05,222,2026-03-26 11:43:45 EDT,6538.15,0.9956945007379764,-0.4305499262023606,6540.0,83.75,0.30000000000001137,0.3582089552238942,45,67669.8525,1231845.3,37240.200000000004,2599.65,-0.0003,-0.95,-0.1
SPXW,2026-03-30,6510.0,PUT,4,-1,2026-03-26T11:43:49.602,22,52.7,16,53.0,-0.4222,-7.622,273.7382,-52.2323,0.0023,-0.2764,2.3614,0.2412,2026-03-26T11:43:49,2026-03-26T11:39:09.147,54.6,58.0,42.8,51.12,60.0,43.0,2026-03-26T11:39:09.147,51.12,222,2026-03-26 11:43:45 EDT,6538.15,0.9956945007379764,-0.4305499262023606,6540.0,52.85,0.29999999999999716,0.5676442762535424,314,-472185.19299999997,-8595379.48,239330.8,-13257.080000000002,-0.0003,0.55,0.1
SPXW,2026-03-30,6515.0,CALL,4,1,2026-03-26T11:43:49.631,10,80.6,9,80.9,0.5662,-8.2877,275.2041,45.8467,0.0023,-0.2306,1.8681,0.2406,2026-03-26T11:43:49,2026-03-26T11:42:47.568,92.9,103.1,80.7,80.7,13.0,5.0,2026-03-26T11:42:47.568,80.7,222,2026-03-26 11:43:45 EDT,6538.15,0.9964592430580517,-0.35407569419483553,6540.0,80.75,0.30000000000001137,0.37151702786379115,28,42105.685999999994,770571.48,23205.559999999998,1585.3600000000001,-0.0004,-0.95,-0.1
SPXW,2026-03-30,6515.0,PUT,4,-1,2026-03-26T11:43:49.608,21,54.7,16,55.0,-0.4337,-7.6337,275.2004,-51.7012,0.0023,-0.2308,1.8694,0.2405,2026-03-26T11:43:49,2026-03-26T11:42:45.227,52.1,62.7,45.06,55.1,35.0,27.0,2026-03-26T11:42:45.227,55.1,222,2026-03-26 11:43:45 EDT,6538.15,0.9964592430580517,-0.35407569419483553,6540.0,54.85,0.29999999999999716,0.5469462169553275,137,-206017.1065,-3770245.48,104581.69,-5941.69,-0.0003,0.55,0.1
SPXW,2026-03-30,6520.0,CALL,4,1,2026-03-26T11:43:49.599,12,77.7,14,78.0,0.5545,-8.2979,276.4429,46.5773,0.0023,-0.1836,1.3663,0.2401,2026-03-26T11:43:49,2026-03-26T11:32:21.198,100.9,100.9,77.2,77.2,35.0,13.0,2026-03-26T11:32:21.198,77.2,222,2026-03-26 11:43:45 EDT,6538.15,0.9972239853781268,-0.27760146218731047,6540.0,77.85,0.29999999999999716,0.385356454720613,69,103760.4405,1907456.0100000002,57255.51,3826.05,0.0,-0.85,-0.1
SPXW,2026-03-30,6520.0,PUT,4,-1,2026-03-26T11:43:49.61,9,56.8,16,57.1,-0.4453,-7.6439,276.4407,-51.1329,0.0023,-0.1838,1.3672,0.2399,2026-03-26T11:43:49,2026-03-26T11:39:09.147,49.75,67.81,46.74,55.07,139.0,57.0,2026-03-26T11:39:09.147,55.07,222,2026-03-26 11:43:45 EDT,6538.15,0.9972239853781268,-0.27760146218731047,6540.0,56.95,0.30000000000000426,0.5267778753292436,248,-372936.076,-6855729.36,189568.72,-11043.44,-0.0003,0.6,0.0
SPXW,2026-03-30,6525.0,CALL,4,1,2026-03-26T11:43:49.246,14,74.8,15,75.1,0.5428,-8.2946,277.4466,47.3569,0.0023,-0.136,0.8583,0.2393,2026-03-26T11:43:49,2026-03-26T11:43:17.744,88.2,95.93,75.7,75.7,30.0,14.0,2026-03-26T11:43:17.744,75.7,222,2026-03-26 11:43:45 EDT,6538.15,0.9979887276982021,-0.20112723017978537,6540.0,74.94999999999999,0.29999999999999716,0.40026684456303835,37,55639.65649999999,1026552.4199999999,30690.020000000004,2008.3599999999997,-0.0001,-0.85,-0.1
SPXW,2026-03-30,6525.0,PUT,4,-1,2026-03-26T11:43:49.446,19,58.9,16,59.2,-0.4571,-7.6403,277.4453,-50.6112,0.0023,-0.1361,0.8589,0.2392,2026-03-26T11:43:49,2026-03-26T11:43:20.115,66.3,66.3,48.5,58.5,379.0,110.0,2026-03-26T11:43:20.115,58.5,222,2026-03-26 11:43:45 EDT,6538.15,0.9979887276982021,-0.20112723017978537,6540.0,59.05,0.30000000000000426,0.5080440304826491,1448,-2177465.476,-40174079.44,1106315.44,-66188.08,-0.0001,0.6,0.0
SPXW,2026-03-30,6530.0,CALL,4,1,2026-03-26T11:43:49.608,10,72.0,15,72.3,0.531,-8.2891,278.2141,48.1231,0.0023,-0.0872,0.343,0.2387,2026-03-26T11:43:49,2026-03-26T11:20:13.427,89.5,92.89,75.6,76.5,109.0,65.0,2026-03-26T11:20:13.427,76.5,222,2026-03-26 11:43:45 EDT,6538.15,0.9987534700182774,-0.1246529981722603,6540.0,72.15,0.29999999999999716,0.4158004158004118,86,129324.60699999999,2392641.26,71286.26,4566.6,0.0,-0.8,0.0
SPXW,2026-03-30,6530.0,PUT,4,-1,2026-03-26T11:43:49.63,2,61.1,13,61.3,-0.4689,-7.6285,278.2128,-50.0969,0.0023,-0.0874,0.3439,0.2384,2026-03-26T11:43:49,2026-03-26T11:38:21.256,43.04,70.5,43.04,58.78,211.0,108.0,2026-03-26T11:38:21.256,58.78,222,2026-03-26 11:43:45 EDT,6538.15,0.9987534700182774,-0.1246529981722603,6540.0,61.2,0.19999999999999574,0.32679738562090804,917,-1378961.2164999996,-25512113.76,699533.45,-42998.13,-0.0002,0.6,-0.0
SPXW,2026-03-30,6535.0,CALL,4,1,2026-03-26T11:43:49.235,14,69.2,15,69.5,0.5191,-8.2693,278.7384,48.945,0.0023,-0.0377,-0.1769,0.2379,2026-03-26T11:43:49,2026-03-26T11:33:03.098,74.83,87.68,68.0,69.4,25.0,13.0,2026-03-26T11:33:03.098,69.4,222,2026-03-26 11:43:45 EDT,6538.15,0.9995182123383527,-0.04817876616473522,6540.0,69.35,0.29999999999999716,0.4325883201153528,133,200002.0085,3707220.7200000007,109981.69,6904.030000000001,-0.0001,-0.8,0.0
SPXW,2026-03-30,6535.0,PUT,4,-1,2026-03-26T11:43:49.61,2,63.3,5,63.5,-0.4808,-7.6087,278.7378,-49.5864,0.0023,-0.0379,-0.1766,0.2376,2026-03-26T11:43:49,2026-03-26T11:34:27.105,67.0,70.8,52.4,64.1,63.0,44.0,2026-03-26T11:34:27.105,64.1,222,2026-03-26 11:43:45 EDT,6538.15,0.9995182123383527,-0.04817876616473522,6540.0,63.4,0.20000000000000284,0.31545741324921583,87,-130828.3815,-2425018.86,66195.69,-4182.96,-0.0003,0.6,0.0
SPXW,2026-03-30,6540.0,CALL,4,1,2026-03-26T11:43:49.608,10,66.5,20,66.8,0.5071,-8.2475,279.0148,49.7513,0.0024,0.0124,-0.7013,0.2372,2026-03-26T11:43:49,2026-03-26T11:43:11.251,86.1,87.4,65.8,67.4,65.0,34.0,2026-03-26T11:43:11.251,67.4,222,2026-03-26 11:43:45 EDT,6538.15,1.000282954658428,0.02829546584278984,6540.0,66.65,0.29999999999999716,0.45011252813202873,185,290293.8599999999,5161773.8,152578.75,9381.35,0.0,-0.7,0.0
SPXW,2026-03-30,6540.0,PUT,4,-1,2026-03-26T11:43:49.631,23,65.5,13,65.8,-0.4928,-7.5805,279.0149,-49.0825,0.0024,0.0124,-0.7017,0.2368,2026-03-26T11:43:49,2026-03-26T11:41:54.411,69.0,72.1,52.7,65.4,181.0,107.0,2026-03-26T11:41:54.411,65.4,222,2026-03-26 11:43:45 EDT,6538.15,1.000282954658428,0.02829546584278984,6540.0,65.65,0.29999999999999716,0.4569687738004526,937,-1470299.1719999996,-26143696.130000003,710292.85,-46175.36,-0.0003,0.6,0.0
SPXW,2026-03-30,6545.0,CALL,4,1,2026-03-26T11:43:49.63,14,63.8,16,64.1,0.4951,-8.2113,279.0388,50.6176,0.0024,0.0634,-1.2288,0.2364,2026-03-26T11:43:49,2026-03-26T11:40:17.298,70.67,84.1,63.6,65.8,67.0,29.0,2026-03-26T11:40:17.298,65.8,222,2026-03-26 11:43:45 EDT,6538.15,1.0010476969785032,0.1047696978503149,6540.0,63.949999999999996,0.29999999999999716,0.4691164972634827,107,167899.69199999998,2985715.1599999997,87860.91,5297.57,-0.0001,-0.8,-0.0
SPXW,2026-03-30,6545.0,PUT,4,-1,2026-03-26T11:43:49.607,10,67.9,19,68.2,-0.5049,-7.5559,279.0387,-48.5105,0.0024,0.0634,-1.2291,0.2363,2026-03-26T11:43:49,2026-03-26T11:42:07.906,69.83,75.36,54.47,67.5,161.0,67.0,2026-03-26T11:42:07.906,67.5,222,2026-03-26 11:43:45 EDT,6538.15,1.0010476969785032,0.1047696978503149,6540.0,68.05000000000001,0.29999999999999716,0.44085231447464673,128,-200851.96799999996,-3571695.36,96715.52,-6462.72,-0.0002,0.7,0.0
SPXW,2026-03-30,6550.0,CALL,4,1,2026-03-26T11:43:49.63,14,61.2,16,61.5,0.4829,-8.1724,278.8057,51.4709,0.0024,0.1148,-1.7576,0.2356,2026-03-26T11:43:49,2026-03-26T11:40:16.954,80.2,84.83,60.5,63.2,359.0,130.0,2026-03-26T11:40:16.954,63.2,222,2026-03-26 11:43:45 EDT,6538.15,1.0018124392985783,0.18124392985783996,6540.0,61.35,0.29999999999999716,0.48899755501222025,399,626093.2439999998,11124347.43,326078.75999999995,19267.71,0.0001,-0.7,-0.0
SPXW,2026-03-30,6550.0,PUT,4,-1,2026-03-26T11:43:49.61,26,70.2,14,70.6,-0.517,-7.5107,278.8048,-48.0197,0.0024,0.115,-1.759,0.2354,2026-03-26T11:43:49,2026-03-26T11:42:38.376,53.0,77.76,52.55,70.3,443.0,183.0,2026-03-26T11:42:38.376,70.3,222,2026-03-26 11:43:45 EDT,6538.15,1.0018124392985783,0.18124392985783996,6540.0,70.4,0.3999999999999915,0.568181818181806,1226,-1923785.2559999996,-34181468.48,920811.8200000001,-63384.2,-0.0002,0.7,0.2
SPXW,2026-03-30,6555.0,CALL,4,1,2026-03-26T11:43:49.61,2,58.7,8,58.9,0.4707,-8.1248,278.3117,52.3486,0.0024,0.1666,-2.2865,0.2348,2026-03-26T11:43:49,2026-03-26T11:32:21.198,65.45,79.3,58.3,58.3,187.0,70.0,2026-03-26T11:32:21.198,58.3,222,2026-03-26 11:43:45 EDT,6538.15,1.0025771816186537,0.25771816186536506,6540.0,58.8,0.19999999999999574,0.3401360544217614,60,94149.35999999999,1669870.1999999997,48748.8,2824.2000000000003,-0.0002,-0.75,-0.1
SPXW,2026-03-30,6555.0,PUT,4,-1,2026-03-26T11:43:49.603,16,72.7,10,73.0,-0.5292,-7.4629,278.3095,-47.4992,0.0024,0.1669,-2.2885,0.2346,2026-03-26T11:43:49,2026-03-26T11:42:43.374,54.2,77.7,54.2,72.9,129.0,86.0,2026-03-26T11:42:43.374,72.9,222,2026-03-26 11:43:45 EDT,6538.15,1.0025771816186537,0.25771816186536506,6540.0,72.85,0.29999999999999716,0.4118050789293029,111,-174176.31599999996,-3089235.45,82838.19,-5874.12,-0.0003,0.7,0.0
SPXW,2026-03-30,6560.0,CALL,4,1,2026-03-26T11:43:49.61,2,56.2,22,56.5,0.4585,-8.0746,277.5557,53.2104,0.0024,0.2185,-2.8127,0.2342,2026-03-26T11:43:49,2026-03-26T11:43:11.251,76.55,76.62,55.7,57.0,164.0,73.0,2026-03-26T11:43:11.251,57.0,222,2026-03-26 11:43:45 EDT,6538.15,1.003341923938729,0.3341923938728901,6540.0,56.35,0.29999999999999716,0.5323868677905894,79,123963.324,2192690.0300000003,63789.340000000004,3622.15,0.0001,-0.65,0.1
SPXW,2026-03-30,6560.0,PUT,4,-1,2026-03-26T11:43:49.631,11,75.2,8,75.5,-0.5414,-7.4065,277.549,-46.9854,0.0024,0.2192,-2.8169,0.2338,2026-03-26T11:43:49,2026-03-26T11:38:33.565,55.8,86.63,55.8,73.0,380.0,140.0,2026-03-26T11:38:33.565,73.0,222,2026-03-26 11:43:45 EDT,6538.15,1.003341923938729,0.3341923938728901,6540.0,75.35,0.29999999999999716,0.39814200398141625,399,-626093.2439999998,-11074205.1,295519.35000000003,-21601.86,-0.0002,0.7,0.0
SPXW,2026-03-30,6565.0,CALL,4,1,2026-03-26T11:43:49.602,22,53.7,16,54.0,0.4462,-8.0036,276.5256,54.1839,0.0024,0.2712,-3.3401,0.2332,2026-03-26T11:43:49,2026-03-26T11:42:29.089,75.93,75.93,53.85,53.85,68.0,37.0,2026-03-26T11:42:29.089,53.85,222,2026-03-26 11:43:45 EDT,6538.15,1.004106666258804,0.4106666258804152,6540.0,53.85,0.29999999999999716,0.5571030640668471,97,152208.13199999998,2682298.32,77634.92,4328.139999999999,-0.0001,-0.7,-0.0
SPXW,2026-03-30,6565.0,PUT,4,-1,2026-03-26T11:43:49.61,14,77.7,9,78.1,-0.5537,-7.3411,276.5195,-46.4794,0.0024,0.2717,-3.343,0.2329,2026-03-26T11:43:49,2026-03-26T11:37:14.502,81.67,84.1,64.5,77.85,127.0,62.0,2026-03-26T11:37:14.502,77.85,222,2026-03-26 11:43:45 EDT,6538.15,1.004106666258804,0.4106666258804152,6540.0,77.9,0.3999999999999915,0.5134788189987053,244,-382874.0639999999,-6747075.8,179122.84,-13510.28,-0.0003,0.75,0.1
SPXW,2026-03-30,6570.0,CALL,4,1,2026-03-26T11:43:49.263,2,51.4,16,51.6,0.434,-7.9358,275.233,55.0995,0.0024,0.3233,-3.8596,0.2324,2026-03-26T11:43:49,2026-03-26T11:21:51.884,68.07,70.97,55.36,55.36,172.0,101.0,2026-03-26T11:21:51.884,55.36,222,2026-03-26 11:43:45 EDT,6538.15,1.0048714085788795,0.48714085788794026,6540.0,51.5,0.20000000000000284,0.38834951456311234,107,167899.69199999998,2944993.1,84913.06000000001,4643.8,0.0,-0.65,-0.1
SPXW,2026-03-30,6570.0,PUT,4,-1,2026-03-26T11:43:49.631,9,80.4,7,80.7,-0.566,-7.2731,275.2243,-45.9472,0.0024,0.3239,-3.8629,0.2322,2026-03-26T11:43:49,2026-03-26T11:34:23.112,70.59,84.75,67.3,81.85,130.0,50.0,2026-03-26T11:34:23.112,81.85,222,2026-03-26 11:43:45 EDT,6538.15,1.0048714085788795,0.48714085788794026,6540.0,80.55000000000001,0.29999999999999716,0.37243947858472637,1378,-2162296.968,-37925908.54000001,1002233.1799999999,-77994.8,-0.0002,0.8,-0.0
SPXW,2026-03-30,6575.0,CALL,4,1,2026-03-26T11:43:49.456,26,49.0,16,49.3,0.4216,-7.8533,273.6607,56.0896,0.0024,0.3758,-4.3763,0.2315,2026-03-26T11:43:49,2026-03-26T11:33:01.957,56.51,68.3,48.77,49.32,201.0,89.0,2026-03-26T11:33:01.957,49.32,222,2026-03-26 11:43:45 EDT,6538.15,1.0056361508989546,0.5636150898954653,6540.0,49.15,0.29999999999999716,0.6103763987792414,105,164761.37999999998,2873437.35,82459.65,4426.8,-0.0002,-0.7,0.0
SPXW,2026-03-30,6575.0,PUT,4,-1,2026-03-26T11:43:49.609,13,83.0,9,83.4,-0.5784,-7.1903,273.6491,-45.4549,0.0024,0.3765,-4.3799,0.2313,2026-03-26T11:43:49,2026-03-26T11:38:52.328,62.5,88.16,62.5,81.05,860.0,63.0,2026-03-26T11:38:52.328,81.05,222,2026-03-26 11:43:45 EDT,6538.15,1.0056361508989546,0.5636150898954653,6540.0,83.2,0.4000000000000057,0.48076923076923755,519,-814391.9639999998,-14202388.29,373176.57,-30018.960000000003,-0.0002,0.8,0.0
SPXW,2026-03-30,6580.0,CALL,4,1,2026-03-26T11:43:49.609,10,46.8,22,47.1,0.4094,-7.7746,271.835,57.0135,0.0024,0.427,-4.8801,0.2309,2026-03-26T11:43:49,2026-03-26T11:36:55.679,63.93,64.8,47.04,48.12,84.0,35.0,2026-03-26T11:36:55.679,48.12,222,2026-03-26 11:43:45 EDT,6538.15,1.0064008932190298,0.6400893219029904,6540.0,46.95,0.30000000000000426,0.6389776357827567,118,185160.40799999997,3207653.0,91740.28000000001,4830.92,0.0001,-0.6,0.0
SPXW,2026-03-30,6580.0,PUT,4,-1,2026-03-26T11:43:49.61,9,85.8,7,86.1,-0.5907,-7.1046,271.8073,-44.9384,0.0024,0.4284,-4.8874,0.2305,2026-03-26T11:43:49,2026-03-26T11:38:52.328,64.65,91.1,64.65,83.75,108.0,70.0,2026-03-26T11:38:52.328,83.75,222,2026-03-26 11:43:45 EDT,6538.15,1.0064008932190298,0.6400893219029904,6540.0,85.94999999999999,0.29999999999999716,0.3490401396160526,330,-517821.47999999986,-8969640.9,234451.8,-19493.100000000002,-0.0001,0.8,0.0
SPXW,2026-03-30,6585.0,CALL,4,1,2026-03-26T11:43:49.63,11,44.6,23,44.9,0.3971,-7.6806,269.725,58.0188,0.0023,0.4784,-5.3786,0.23,2026-03-26T11:43:49,2026-03-26T11:38:30.843,48.5,62.5,44.86,46.3,96.0,41.0,2026-03-26T11:38:30.843,46.3,222,2026-03-26 11:43:45 EDT,6538.15,1.0071656355391052,0.7165635539105155,6540.0,44.75,0.29999999999999716,0.6703910614525076,140,210528.43,3776150.0,107528.40000000001,5559.400000000001,0.0,-0.6,0.0
SPXW,2026-03-30,6585.0,PUT,4,-1,2026-03-26T11:43:49.599,8,88.6,6,88.9,-0.603,-7.0103,269.6903,-44.4294,0.0023,0.4799,-5.3865,0.2296,2026-03-26T11:43:49,2026-03-26T11:42:24.727,93.11,93.11,71.87,88.5,41.0,16.0,2026-03-26T11:42:24.727,88.5,222,2026-03-26 11:43:45 EDT,6538.15,1.0071656355391052,0.7165635539105155,6540.0,88.75,0.30000000000001137,0.3380281690140973,339,-509779.55549999996,-9142501.169999998,237649.17,-20441.7,-0.0002,0.85,-0.1
SPXW,2026-03-30,6590.0,CALL,4,1,2026-03-26T11:43:49.289,29,42.4,18,42.7,0.3846,-7.5716,267.3191,59.1101,0.0023,0.5302,-5.8713,0.2289,2026-03-26T11:43:49,2026-03-26T11:38:26.541,49.3,59.8,44.2,44.2,346.0,54.0,2026-03-26T11:38:26.541,44.2,222,2026-03-26 11:43:45 EDT,6538.15,1.0079303778591804,0.7930377859180404,6540.0,42.55,0.30000000000000426,0.7050528789659325,152,228573.724,4063250.32,115088.31999999999,5845.92,-0.0003,-0.6,0.0
SPXW,2026-03-30,6590.0,PUT,4,-1,2026-03-26T11:43:49.631,8,91.4,6,91.8,-0.6154,-6.9074,267.2965,-43.9275,0.0023,0.5311,-5.8757,0.2287,2026-03-26T11:43:49,2026-03-26T11:20:52.076,83.4,89.28,75.3,86.9,59.0,23.0,2026-03-26T11:20:52.076,86.9,222,2026-03-26 11:43:45 EDT,6538.15,1.0079303778591804,0.7930377859180404,6540.0,91.6,0.3999999999999915,0.4366812227074143,477,-717300.4365,-12750043.049999999,329482.98,-29354.579999999998,-0.0003,0.85,0.1
SPXW,2026-03-30,6595.0,CALL,4,1,2026-03-26T11:43:49.471,27,40.3,19,40.6,0.3723,-7.4605,264.6509,60.185,0.0023,0.5807,-6.3492,0.228,2026-03-26T11:43:49,2026-03-26T11:27:49.206,49.5,57.2,43.0,43.0,109.0,28.0,2026-03-26T11:27:49.206,43.0,222,2026-03-26 11:43:45 EDT,6538.15,1.0086951201792556,0.8695120179255657,6540.0,40.45,0.30000000000000426,0.7416563658838177,116,174437.84199999998,3069950.44,86541.8,4318.68,-0.0003,-0.6,0.0
SPXW,2026-03-30,6595.0,PUT,4,-1,2026-03-26T11:43:49.259,8,94.4,6,94.7,-0.6276,-6.8025,264.649,-43.4026,0.0023,0.5808,-6.3495,0.2279,2026-03-26T11:43:49,2026-03-26T11:42:40.648,84.88,100.8,78.91,94.3,41.0,24.0,2026-03-26T11:42:40.648,94.3,222,2026-03-26 11:43:45 EDT,6538.15,1.0086951201792556,0.8695120179255657,6540.0,94.55000000000001,0.29999999999999716,0.3172924378635612,171,-257145.43949999998,-4525497.9,116322.75,-10731.960000000001,-0.0002,0.9,0.0
SPXW,2026-03-30,6600.0,CALL,4,1,2026-03-26T11:43:49.266,31,38.3,19,38.6,0.3601,-7.3475,261.7328,61.2397,0.0023,0.6297,-6.8099,0.2271,2026-03-26T11:43:49,2026-03-26T11:43:02.794,68.14,68.14,37.95,38.85,1078.0,139.0,2026-03-26T11:43:02.794,38.85,222,2026-03-26 11:43:45 EDT,6538.15,1.009459862499331,0.9459862499330906,6540.0,38.45,0.30000000000000426,0.7802340702210774,1061,1595504.7445,27769850.08,779569.75,38206.60999999999,-0.0003,-0.6,0.0
SPXW,2026-03-30,6600.0,PUT,4,-1,2026-03-26T11:43:49.63,7,97.3,5,97.7,-0.6399,-6.6824,261.7013,-42.9156,0.0023,0.6307,-6.8147,0.2269,2026-03-26T11:43:49,2026-03-26T11:39:06.528,74.2,105.0,72.1,94.82,116.0,45.0,2026-03-26T11:39:06.528,94.82,222,2026-03-26 11:43:45 EDT,6538.15,1.009459862499331,0.9459862499330906,6540.0,97.5,0.4000000000000057,0.41025641025641607,2109,-3171460.4204999995,-55192804.17000001,1409318.16,-134954.91,-0.0003,0.9,0.0
SPXW,2026-03-30,6605.0,CALL,4,1,2026-03-26T11:43:49.608,26,36.4,34,36.7,0.3481,-7.2331,258.5786,62.2706,0.0023,0.6767,-7.2514,0.2265,2026-03-26T11:43:49,2026-03-26T11:41:01.833,43.3,52.3,36.75,37.9,417.0,82.0,2026-03-26T11:41:01.833,37.9,222,2026-03-26 11:43:45 EDT,6538.15,1.0102246048194061,1.0224604819406158,6540.0,36.55,0.30000000000000426,0.8207934336525425,1316,1978967.2419999999,34028943.76,951875.9600000001,45809.96,-0.0001,-0.5,0.0
SPXW,2026-03-30,6605.0,PUT,4,-1,2026-03-26T11:43:49.599,7,100.4,5,100.7,-0.6521,-6.5608,258.5079,-42.4061,0.0023,0.6787,-7.261,0.2261,2026-03-26T11:43:49,2026-03-26T11:35:26.984,104.9,104.9,84.6,99.52,55.0,14.0,2026-03-26T11:35:26.984,99.52,222,2026-03-26 11:43:45 EDT,6538.15,1.0102246048194061,1.0224604819406158,6540.0,100.55000000000001,0.29999999999999716,0.2983590253605143,1388,-2087239.0059999998,-35880896.52,910639.04,-90511.48000000001,-0.0003,0.9,0.0
SPXW,2026-03-30,6610.0,CALL,4,1,2026-03-26T11:43:49.631,25,34.5,33,34.8,0.3359,-7.1041,255.1272,63.3945,0.0023,0.7236,-7.6813,0.2256,2026-03-26T11:43:49,2026-03-26T11:42:07.807,53.6,55.0,34.75,34.75,208.0,62.0,2026-03-26T11:42:07.807,34.75,222,2026-03-26 11:43:45 EDT,6538.15,1.0109893471394813,1.0989347139481407,6540.0,34.65,0.29999999999999716,0.8658008658008577,278,418049.3109999999,7092536.16,197493.97999999998,9338.019999999999,0.0001,-0.5,0.0
SPXW,2026-03-30,6610.0,PUT,4,-1,2026-03-26T11:43:49.599,6,103.5,4,103.8,-0.6643,-6.4311,255.0452,-41.9035,0.0023,0.7257,-7.6912,0.2252,2026-03-26T11:43:49,2026-03-26T11:38:09.496,107.9,107.9,84.35,102.04,117.0,26.0,2026-03-26T11:38:09.496,102.04,222,2026-03-26 11:43:45 EDT,6538.15,1.0109893471394813,1.0989347139481407,6540.0,103.65,0.29999999999999716,0.28943560057886847,311,-467673.8694999999,-7931905.72,200007.21,-20659.73,-0.0001,0.95,-0.1
SPXW,2026-03-30,6615.0,CALL,4,1,2026-03-26T11:43:49.602,34,32.6,21,32.9,0.3237,-6.9593,251.3558,64.6296,0.0022,0.7705,-8.0995,0.2244,2026-03-26T11:43:49,2026-03-26T11:24:33.104,41.0,47.58,35.0,35.2,90.0,47.0,2026-03-26T11:24:33.104,35.2,222,2026-03-26 11:43:45 EDT,6538.15,1.0117540894595567,1.1754089459556658,6540.0,32.75,0.29999999999999716,0.9160305343511363,241,346652.713,6057674.779999999,167719.13,7801.169999999999,-0.0002,-0.55,0.1
SPXW,2026-03-30,6615.0,PUT,4,-1,2026-03-26T11:43:49.631,5,106.6,3,107.0,-0.6764,-6.2934,251.3126,-41.4084,0.0022,0.7716,-8.1041,0.2242,2026-03-26T11:43:49,2026-03-26T11:03:03.561,92.8,111.2,88.5,101.0,63.0,22.0,2026-03-26T11:03:03.561,101.0,222,2026-03-26 11:43:45 EDT,6538.15,1.0117540894595567,1.1754089459556658,6540.0,106.8,0.4000000000000057,0.37453183520599787,345,-496245.58499999996,-8670284.7,217122.3,-23335.8,-0.0003,0.95,0.1
SPXW,2026-03-30,6620.0,CALL,4,1,2026-03-26T11:43:49.63,30,30.9,22,31.1,0.3118,-6.8217,247.4155,65.7698,0.0022,0.8138,-8.4882,0.2236,2026-03-26T11:43:49,2026-03-26T11:41:01.586,40.4,45.9,30.6,32.3,571.0,113.0,2026-03-26T11:41:01.586,32.3,222,2026-03-26 11:43:45 EDT,6538.15,1.0125188317796319,1.251883177963191,6540.0,31.0,0.20000000000000284,0.6451612903225898,188,270417.884,4651411.4,128247.95999999999,5861.84,-0.0001,-0.5,0.0
SPXW,2026-03-30,6620.0,PUT,4,-1,2026-03-26T11:43:49.601,3,109.9,3,110.2,-0.6882,-6.1552,247.3664,-40.8924,0.0022,0.8149,-8.4929,0.2234,2026-03-26T11:43:49,2026-03-26T11:21:54.988,78.87,118.88,78.87,104.78,105.0,40.0,2026-03-26T11:21:54.988,104.78,222,2026-03-26 11:43:45 EDT,6538.15,1.0125188317796319,1.251883177963191,6540.0,110.05000000000001,0.29999999999999716,0.2726033621081301,902,-1297430.486,-22312449.28,555199.0399999999,-62075.64,-0.0001,1.0,0.0
SPXW,2026-03-30,6625.0,CALL,4,1,2026-03-26T11:43:49.621,4,29.2,23,29.4,0.3,-6.6767,243.2216,66.951,0.0022,0.8556,-8.8567,0.2227,2026-03-26T11:43:49,2026-03-26T11:42:11.909,35.3,43.11,29.6,29.6,290.0,75.0,2026-03-26T11:42:11.909,29.6,222,2026-03-26 11:43:45 EDT,6538.15,1.0132835740997073,1.328357409970716,6540.0,29.299999999999997,0.1999999999999993,0.6825938566552878,242,348091.10599999997,5885962.72,161576.14,7259.999999999999,-0.0002,-0.5,0.0
SPXW,2026-03-30,6625.0,PUT,4,-1,2026-03-26T11:43:48.67,8,110.7,11,114.8,-0.7022,-5.9161,242.3821,-40.7215,0.0022,0.8727,-8.9273,0.2201,2026-03-26T11:43:49,2026-03-26T11:03:03.561,117.76,117.76,94.1,107.2,38.0,15.0,2026-03-26T11:03:03.561,107.2,222,2026-03-26 11:43:45 EDT,6538.15,1.0132835740997073,1.328357409970716,6540.0,112.75,4.099999999999994,3.6363636363636314,294,-422887.542,-7126033.74,173933.34,-20644.680000000004,-0.0051,-0.2,0.0
SPXW,2026-03-30,6630.0,CALL,4,1,2026-03-26T11:43:49.601,36,27.5,34,27.8,0.2882,-6.5246,238.7796,68.1724,0.0021,0.8957,-9.2033,0.2218,2026-03-26T11:43:49,2026-03-26T11:41:03.954,39.96,41.1,27.75,28.9,120.0,49.0,2026-03-26T11:41:03.954,28.9,222,2026-03-26 11:43:45 EDT,6538.15,1.0140483164197824,1.404831641978241,6540.0,27.65,0.3000000000000007,1.0849909584086825,420,576664.8299999998,10028743.2,274033.2,12104.400000000001,0.0,-0.45,0.1
SPXW,2026-03-30,6630.0,PUT,4,-1,2026-03-26T11:43:49.269,14,116.2,17,117.4,-0.7114,-5.8736,238.8703,-39.8262,0.0021,0.8939,-9.1965,0.222,2026-03-26T11:43:49,2026-03-26T10:32:48.851,114.5,125.33,96.8,98.5,42.0,18.0,2026-03-26T10:32:48.851,98.5,222,2026-03-26 11:43:45 EDT,6538.15,1.0140483164197824,1.404831641978241,6540.0,116.80000000000001,1.2000000000000028,1.027397260273975,436,-598633.014,-10414745.079999998,256088.96,-31017.040000000005,-0.0003,1.0,0.0
SPXW,2026-03-30,6635.0,CALL,4,1,2026-03-26T11:43:49.6,34,25.9,34,26.2,0.2766,-6.3658,234.0936,69.4364,0.0021,0.9339,-9.5268,0.2208,2026-03-26T11:43:49,2026-03-26T11:41:02.514,31.03,39.08,27.1,27.1,312.0,37.0,2026-03-26T11:41:02.514,27.1,222,2026-03-26 11:43:45 EDT,6538.15,1.0148130587398576,1.481305873985766,6540.0,26.049999999999997,0.3000000000000007,1.1516314779270662,186,255380.139,4354140.96,118403.88,5144.76,-0.0002,-0.45,0.1
SPXW,2026-03-30,6635.0,PUT,4,-1,2026-03-26T11:43:49.255,10,119.6,11,120.8,-0.723,-5.7151,234.2,-39.3312,0.0021,0.9321,-9.5197,0.2211,2026-03-26T11:43:49,2026-03-26T10:27:57.993,123.85,123.85,102.43,103.22,19.0,5.0,2026-03-26T10:27:57.993,103.22,222,2026-03-26 11:43:45 EDT,6538.15,1.0148130587398576,1.481305873985766,6540.0,120.19999999999999,1.2000000000000028,0.9983361064891871,127,-174372.4605,-2974340.0,72581.76999999999,-9182.1,-0.0001,1.05,-0.1
SPXW,2026-03-30,6640.0,CALL,4,1,2026-03-26T11:43:49.602,35,24.4,24,24.6,0.2651,-6.2003,229.1651,70.7481,0.0021,0.9703,-9.826,0.2198,2026-03-26T11:43:49,2026-03-26T11:41:03.991,42.8,42.8,24.6,25.7,263.0,78.0,2026-03-26T11:41:03.991,25.7,222,2026-03-26 11:43:45 EDT,6538.15,1.015577801059933,1.5577801059932912,6540.0,24.5,0.20000000000000284,0.8163265306122565,1575,2162493.1124999993,36093503.25,976547.25,41753.25,-0.0002,-0.45,-0.1
SPXW,2026-03-30,6640.0,PUT,4,-1,2026-03-26T11:43:49.255,14,123.0,17,124.3,-0.7346,-5.5498,229.2886,-38.8431,0.0021,0.9683,-9.8188,0.2201,2026-03-26T11:43:49,2026-03-26T10:32:58.617,104.6,113.4,103.6,104.7,18.0,9.0,2026-03-26T10:32:58.617,104.7,222,2026-03-26 11:43:45 EDT,6538.15,1.015577801059933,1.5577801059932912,6540.0,123.65,1.2999999999999972,1.0513546300040413,1639,-2250365.8485,-37580401.54000001,909612.22,-120400.94000000002,-0.0002,1.05,0.1
SPXW,2026-03-30,6645.0,CALL,4,1,2026-03-26T11:43:49.601,35,22.9,19,23.1,0.2536,-6.0284,223.9986,72.1104,0.002,1.0046,-10.0996,0.2187,2026-03-26T11:43:49,2026-03-26T11:40:59.905,27.6,35.42,23.73,24.1,158.0,37.0,2026-03-26T11:40:59.905,24.1,222,2026-03-26 11:43:45 EDT,6538.15,1.0163425433800082,1.634254338000816,6540.0,23.0,0.20000000000000284,0.8695652173913166,206,269371.77999999997,4614371.16,124185.04000000001,5224.16,-0.0003,-0.45,-0.1
SPXW,2026-03-30,6645.0,PUT,4,-1,2026-03-26T11:43:49.27,8,124.2,10,128.4,-0.7498,-5.227,222.3334,-38.8198,0.0021,1.0292,-10.1823,0.2152,2026-03-26T11:43:49,2026-03-26T10:55:03.243,127.52,130.47,105.8,130.47,20.0,9.0,2026-03-26T10:55:03.243,130.47,222,2026-03-26 11:43:45 EDT,6538.15,1.0163425433800082,1.634254338000816,6540.0,126.30000000000001,4.200000000000003,3.325415676959622,389,-534101.4735,-8648769.260000002,203330.30000000002,-29167.220000000005,-0.0061,-0.25,0.1
SPXW,2026-03-30,6650.0,CALL,4,1,2026-03-26T11:43:49.561,43,21.5,26,21.7,0.2425,-5.8599,218.7189,73.4241,0.002,1.035,-10.3409,0.2179,2026-03-26T11:43:49,2026-03-26T11:43:42.783,39.41,39.41,21.51,21.7,530.0,129.0,2026-03-26T11:43:42.783,21.7,222,2026-03-26 11:43:45 EDT,6538.15,1.0171072857000834,1.7107285700083414,6540.0,21.6,0.1999999999999993,0.9259259259259226,742,970261.4599999998,16228942.379999999,434804.57999999996,17993.5,-0.0001,-0.4,-0.0
SPXW,2026-03-30,6650.0,PUT,4,-1,2026-03-26T11:43:49.255,1,130.2,4,131.5,-0.757,-5.2098,218.8805,-37.8585,0.002,1.0328,-10.3339,0.2182,2026-03-26T11:43:49,2026-03-26T11:42:56.397,94.57,136.0,94.57,130.02,60.0,26.0,2026-03-26T11:42:56.397,130.02,222,2026-03-26 11:43:45 EDT,6538.15,1.0171072857000834,1.7107285700083414,6540.0,130.85,1.3000000000000114,0.9935040122277505,1203,-1573078.89,-26331324.15,626738.9400000001,-91067.1,-0.0003,1.15,0.1
SPXW,2026-03-30,6655.0,CALL,4,1,2026-03-26T11:43:49.624,48,20.1,41,20.4,0.2316,-5.6862,213.2356,74.7841,0.002,1.0631,-10.5548,0.2169,2026-03-26T11:43:49,2026-03-26T11:41:03.988,31.32,31.55,20.9,21.3,260.0,62.0,2026-03-26T11:41:03.988,21.3,222,2026-03-26 11:43:45 EDT,6538.15,1.0178720280201587,1.7872028020158663,6540.0,20.25,0.29999999999999716,1.4814814814814674,145,189606.34999999998,3091916.2,82449.90000000001,3358.2000000000003,0.0,-0.35,0.1
SPXW,2026-03-30,6655.0,PUT,4,-1,2026-03-26T11:43:47.986,8,131.4,3,136.6,-0.77,-4.9605,212.3883,-37.5713,0.002,1.0739,-10.5857,0.2154,2026-03-26T11:43:49,2026-03-26T10:45:02.728,113.9,125.12,113.9,125.12,6.0,4.0,2026-03-26T10:45:02.728,125.12,222,2026-03-26 11:43:45 EDT,6538.15,1.0178720280201587,1.7872028020158663,6540.0,134.0,5.199999999999989,3.880597014925365,57,-74534.91,-1210613.3099999998,28274.85,-4389.0,-0.0053,0.0,0.0
SPXW,2026-03-30,6660.0,CALL,4,1,2026-03-26T11:43:49.6,48,18.8,41,19.1,0.2208,-5.5078,207.5612,76.1891,0.0019,1.0886,-10.7398,0.216,2026-03-26T11:43:49,2026-03-26T11:41:00.733,28.79,30.29,18.81,19.9,197.0,73.0,2026-03-26T11:41:00.733,19.9,222,2026-03-26 11:43:45 EDT,6538.15,1.018636770340234,1.8636770340233915,6540.0,18.950000000000003,0.3000000000000007,1.5831134564643836,324,402488.51399999997,6724982.88,178452.71999999997,7153.919999999999,0.0,-0.35,0.1
SPXW,2026-03-30,6660.0,PUT,4,-1,2026-03-26T11:43:48.619,8,134.9,3,139.6,-0.7833,-4.6907,205.3111,-37.315,0.0019,1.1148,-10.8064,0.2122,2026-03-26T11:43:49,2026-03-26T11:33:17.906,106.3,137.71,106.3,137.71,16.0,7.0,2026-03-26T11:33:17.906,137.71,222,2026-03-26 11:43:45 EDT,6538.15,1.018636770340234,1.8636770340233915,6540.0,137.25,4.699999999999989,3.4244080145719407,195,-242238.45750000002,-4003566.4499999997,91468.65,-15274.35,-0.0054,0.05,-0.1
SPXW,2026-03-30,6665.0,CALL,4,1,2026-03-26T11:43:49.456,39,17.6,25,17.8,0.2101,-5.3253,201.7052,77.6416,0.0019,1.1115,-10.8953,0.215,2026-03-26T11:43:49,2026-03-26T11:41:04.13,22.45,28.1,18.3,18.7,229.0,54.0,2026-03-26T11:41:04.13,18.7,222,2026-03-26 11:43:45 EDT,6538.15,1.019401512660309,1.9401512660309164,6540.0,17.700000000000003,0.1999999999999993,1.1299435028248546,152,188821.772,3065919.04,80944.56,3193.52,-0.0004,-0.4,0.0
SPXW,2026-03-30,6665.0,PUT,4,-1,2026-03-26T11:43:49.263,8,138.8,3,143.7,-0.7927,-4.554,200.0474,-36.6938,0.0019,1.1292,-10.935,0.2123,2026-03-26T11:43:49,2026-03-26T09:49:19.159,141.82,141.82,128.44,128.44,6.0,5.0,2026-03-26T09:49:19.159,128.44,222,2026-03-26 11:43:45 EDT,6538.15,1.019401512660309,1.9401512660309164,6540.0,141.25,4.899999999999977,3.4690265486725504,120,-149069.82,-2400568.8000000003,54648.0,-9512.4,-0.0064,-0.1,-0.6
SPXW,2026-03-30,6670.0,CALL,4,1,2026-03-26T11:43:49.601,47,16.4,22,16.6,0.1997,-5.1391,195.6782,79.1438,0.0018,1.1315,-11.0203,0.2139,2026-03-26T11:43:49,2026-03-26T11:42:56.397,31.9,31.9,16.4,16.87,512.0,119.0,2026-03-26T11:42:56.397,16.87,222,2026-03-26 11:43:45 EDT,6538.15,1.0201662549803845,2.016625498038442,6540.0,16.5,0.20000000000000284,1.2121212121212293,213,250672.67099999994,4167945.6599999997,109462.83,4253.61,-0.0005,-0.4,0.0
SPXW,2026-03-30,6670.0,PUT,4,-1,2026-03-26T11:43:49.454,3,142.9,3,147.0,-0.8039,-4.3423,193.5098,-36.2615,0.0018,1.1527,-11.0593,0.2107,2026-03-26T11:43:49,2026-03-26T11:42:56.397,106.9,144.81,106.9,144.81,20.0,6.0,2026-03-26T11:42:56.397,144.81,222,2026-03-26 11:43:45 EDT,6538.15,1.0201662549803845,2.016625498038442,6540.0,144.95,4.099999999999994,2.828561572956188,443,-521352.081,-8572484.14,192363.88999999998,-35612.770000000004,-0.0064,-0.05,-0.3
SPXW,2026-03-30,6675.0,CALL,4,1,2026-03-26T11:43:49.456,45,15.3,34,15.5,0.1897,-4.9602,189.6743,80.5671,0.0018,1.147,-11.1117,0.2131,2026-03-26T11:43:49,2026-03-26T11:40:47.016,28.9,28.9,15.47,16.2,213.0,67.0,2026-03-26T11:40:47.016,16.2,222,2026-03-26 11:43:45 EDT,6538.15,1.0209309973004597,2.093099730045967,6540.0,15.4,0.1999999999999993,1.298701298701294,325,382481.77499999997,6164414.75,161206.5,6165.25,0.0,-0.3,-0.0
SPXW,2026-03-30,6675.0,PUT,4,-1,2026-03-26T11:43:49.262,8,145.9,3,151.4,-0.8152,-4.1142,186.5325,-35.8596,0.0018,1.1749,-11.1502,0.2087,2026-03-26T11:43:49,2026-03-25T23:47:50.844,109.9,110.0,109.9,110.0,8.0,2.0,2026-03-25T23:47:50.844,110.0,222,2026-03-26 11:43:45 EDT,6538.15,1.0209309973004597,2.093099730045967,6540.0,148.65,5.5,3.6999663639421456,159,-187121.85299999997,-2965866.75,65415.780000000006,-12961.68,-0.0087,-0.45,-0.1
SPXW,2026-03-30,6680.0,CALL,4,1,2026-03-26T11:43:49.265,49,14.2,31,14.4,0.1797,-4.7685,183.361,82.1641,0.0017,1.161,-11.1745,0.212,2026-03-26T11:43:49,2026-03-26T11:40:47.047,23.75,23.75,14.22,15.1,221.0,68.0,2026-03-26T11:40:47.047,15.1,222,2026-03-26 11:43:45 EDT,6538.15,1.0216957396205348,2.1695739620534917,6540.0,14.3,0.20000000000000107,1.398601398601406,292,324553.76599999995,5354141.199999999,139240.2,5247.24,-0.0001,-0.3,0.0
SPXW,2026-03-30,6680.0,PUT,4,-1,2026-03-26T11:43:49.262,7,150.5,2,154.8,-0.8249,-3.9385,180.3659,-35.3321,0.0017,1.1853,-11.1955,0.208,2026-03-26T11:43:49,2026-03-26T10:28:20.023,132.91,132.91,132.91,132.91,2.0,2.0,2026-03-26T10:28:20.023,132.91,222,2026-03-26 11:43:45 EDT,6538.15,1.0216957396205348,2.1695739620534917,6540.0,152.65,4.300000000000011,2.8169014084507116,223,-247861.26649999997,-4022159.5700000003,87828.54999999999,-18395.27,-0.007,-0.05,-0.1
SPXW,2026-03-30,6685.0,CALL,4,1,2026-03-26T11:43:49.201,45,13.2,39,13.4,0.1701,-4.5861,177.1342,83.666,0.0017,1.1704,-11.2044,0.2111,2026-03-26T11:43:49,2026-03-26T11:41:19.484,21.1,22.06,13.3,13.86,232.0,65.0,2026-03-26T11:41:19.484,13.86,222,2026-03-26 11:43:45 EDT,6538.15,1.0224604819406102,2.2460481940610166,6540.0,13.3,0.20000000000000107,1.5037593984962485,212,235634.926,3755245.04,97225.31999999999,3606.12,-0.0002,-0.3,0.0
SPXW,2026-03-30,6685.0,PUT,4,-1,2026-03-26T11:43:48.543,3,154.0,3,159.4,-0.8342,-3.7619,174.1253,-34.8097,0.0017,1.1924,-11.2106,0.2073,2026-03-26T11:43:49,2026-03-25T14:01:55.018,117.01,117.01,108.87,111.79,7.0,4.0,2026-03-25T14:01:55.018,111.79,222,2026-03-26 11:43:45 EDT,6538.15,1.0224604819406102,2.2460481940610166,6540.0,156.7,5.400000000000006,3.446075303126998,108,-120040.43399999998,-1880553.24,40628.52,-9009.36,-0.0084,-0.25,-0.1
SPXW,2026-03-30,6690.0,CALL,4,1,2026-03-26T11:43:49.539,53,12.2,8,12.4,0.1605,-4.3913,170.6016,85.358,0.0016,1.1781,-11.2036,0.21,2026-03-26T11:43:49,2026-03-26T11:42:56.397,21.82,21.82,11.94,12.61,245.0,61.0,2026-03-26T11:42:56.397,12.61,222,2026-03-26 11:43:45 EDT,6538.15,1.0232252242606854,2.322522426068542,6540.0,12.3,0.20000000000000107,1.62601626016261,303,316969.512,5169228.4799999995,133056.39,4863.150000000001,-0.0003,-0.3,0.0
SPXW,2026-03-30,6690.0,PUT,4,-1,2026-03-26T11:43:49.262,7,158.5,2,162.7,-0.8448,-3.5357,166.8222,-34.3925,0.0016,1.2028,-11.1915,0.2054,2026-03-26T11:43:49,2026-03-26T11:32:33.819,162.36,162.36,162.36,162.36,1.0,1.0,2026-03-26T11:32:33.819,162.36,222,2026-03-26 11:43:45 EDT,6538.15,1.0232252242606854,2.322522426068542,6540.0,160.6,4.199999999999989,2.6151930261519234,232,-242696.128,-3870275.0400000005,82028.23999999999,-19599.359999999997,-0.0065,0.15,-0.1
SPXW,2026-03-30,6695.0,CALL,4,1,2026-03-26T11:43:49.624,57,11.3,29,11.5,0.1515,-4.2082,164.2312,86.9318,0.0016,1.1811,-11.172,0.2091,2026-03-26T11:43:49,2026-03-26T11:42:57.319,21.18,21.18,10.99,11.67,199.0,55.0,2026-03-26T11:42:57.319,11.67,222,2026-03-26 11:43:45 EDT,6538.15,1.0239899665807606,2.398996658076067,6540.0,11.4,0.1999999999999993,1.7543859649122744,190,198759.75999999998,3120392.8,79955.8,2878.5,-0.0004,-0.3,-0.0
SPXW,2026-03-30,6695.0,PUT,4,-1,2026-03-26T11:43:49.218,8,162.3,3,167.4,-0.8528,-3.3843,160.9825,-33.8267,0.0016,1.1999,-11.147,0.2053,2026-03-26T11:43:49,2026-03-25T15:10:36.222,103.3,130.6,103.3,130.6,6.0,2.0,2026-03-25T15:10:36.222,130.6,222,2026-03-26 11:43:45 EDT,6538.15,1.0239899665807606,2.398996658076067,6540.0,164.85000000000002,5.099999999999994,3.0937215650591408,63,-65904.552,-1014189.7499999999,21321.09,-5372.639999999999,-0.0077,0.0,-1.0
SPXW,2026-03-30,6700.0,CALL,4,1,2026-03-26T11:43:49.63,21,10.5,54,10.7,0.1432,-4.0393,158.1144,88.342,0.0015,1.1792,-11.1139,0.2085,2026-03-26T11:43:49,2026-03-26T11:43:02.794,21.8,23.5,10.58,10.79,861.0,253.0,2026-03-26T11:43:02.794,10.79,222,2026-03-26 11:43:45 EDT,6538.15,1.024754708900836,2.4754708900835922,6540.0,10.6,0.1999999999999993,1.886792452830182,2073,2033037.7425,32777115.119999997,837346.89,29685.359999999997,0.0001,-0.2,-0.0
SPXW,2026-03-30,6700.0,PUT,4,-1,2026-03-26T11:43:39.655,3,166.7,9,172.0,-0.859,-3.2895,156.3734,-33.1675,0.0015,1.1883,-11.0936,0.2066,2026-03-26T11:43:49,2026-03-26T11:42:43.78,157.27,171.36,148.54,169.7,74.0,12.0,2026-03-26T11:42:43.78,169.7,222,2026-03-26 11:43:45 EDT,6538.15,1.024754708900836,2.4754708900835922,6540.0,169.35,5.300000000000011,3.1296132270445893,609,-597260.0025,-9523140.06,200330.55,-52313.1,0.0033,1.8,1.2
SPXW,2026-03-30,6705.0,CALL,4,1,2026-03-26T11:43:49.6,9,9.7,9,9.8,0.1344,-3.8458,151.4369,90.1481,0.0014,1.1772,-11.0212,0.2074,2026-03-26T11:43:49,2026-03-26T11:41:19.484,13.4,16.7,10.16,10.16,233.0,84.0,2026-03-26T11:41:19.484,10.16,222,2026-03-26 11:43:45 EDT,6538.15,1.0255194512209111,2.551945122091117,6540.0,9.75,0.10000000000000142,1.0256410256410402,397,363390.3769999999,6012044.93,152678.26,5335.68,-0.0003,-0.25,-0.1
SPXW,2026-03-30,6705.0,PUT,4,-1,2026-03-26T11:43:48.542,3,170.2,3,175.6,-0.8728,-2.9248,145.7352,-33.0056,0.0014,1.2019,-10.9217,0.2013,2026-03-26T11:43:49,2026-03-25T14:35:57.874,133.24,133.24,124.6,124.6,2.0,2.0,2026-03-25T14:35:57.874,124.6,222,2026-03-26 11:43:45 EDT,6538.15,1.0255194512209111,2.551945122091117,6540.0,172.89999999999998,5.400000000000006,3.123192596876811,190,-173914.78999999998,-2768968.8,55571.2,-16583.2,-0.0089,-0.05,0.1
SPXW,2026-03-30,6710.0,CALL,4,1,2026-03-26T11:43:49.591,56,8.9,48,9.1,0.1263,-3.6684,145.0713,91.776,0.0014,1.1704,-10.9044,0.2066,2026-03-26T11:43:49,2026-03-26T11:40:21.956,14.3,15.5,9.0,9.28,218.0,66.0,2026-03-26T11:40:21.956,9.28,222,2026-03-26 11:43:45 EDT,6538.15,1.0262841935409863,2.6284193540986425,6540.0,9.0,0.1999999999999993,2.2222222222222143,456,417395.4959999999,6615251.279999999,167279.04,5759.28,0.0,-0.2,-0.0
SPXW,2026-03-30,6710.0,PUT,4,-1,2026-03-26T11:43:49.262,7,175.1,2,179.3,-0.8807,-2.7522,139.3036,-32.4972,0.0014,1.1916,-10.7789,0.2005,2026-03-26T11:43:49,2026-03-25T12:18:49.087,111.47,143.85,111.47,142.17,19.0,5.0,2026-03-25T12:18:49.087,142.17,222,2026-03-26 11:43:45 EDT,6538.15,1.0262841935409863,2.6284193540986425,6540.0,177.2,4.200000000000017,2.3702031602708904,342,-313046.622,-4764183.119999999,94125.24,-30119.940000000002,-0.0104,-0.2,-0.2
SPXW,2026-03-30,6715.0,CALL,4,1,2026-03-26T11:43:49.201,37,8.2,68,8.4,0.1185,-3.4945,138.7619,93.4092,0.0013,1.1605,-10.7619,0.2058,2026-03-26T11:43:49,2026-03-26T11:40:44.575,19.3,19.3,8.68,8.7,121.0,57.0,2026-03-26T11:40:44.575,8.7,222,2026-03-26 11:43:45 EDT,6538.15,1.0270489358610617,2.7048935861061674,6540.0,8.3,0.20000000000000107,2.40963855421688,210,178491.49499999997,2913999.9,73384.5,2488.5,0.0003,-0.15,0.1
SPXW,2026-03-30,6715.0,PUT,4,-1,2026-03-26T11:43:49.263,8,178.5,3,184.4,-0.8892,-2.553,132.1988,-32.0411,0.0013,1.1802,-10.5902,0.1991,2026-03-26T11:43:49,2026-03-25T12:18:49.087,114.09,147.4,114.09,145.73,16.0,6.0,2026-03-25T12:18:49.087,145.73,222,2026-03-26 11:43:45 EDT,6538.15,1.0270489358610617,2.7048935861061674,6540.0,181.45,5.900000000000006,3.251584458528524,166,-141093.277,-2194500.08,42379.8,-14760.720000000001,-0.0117,-0.3,-0.6
SPXW,2026-03-30,6720.0,CALL,4,1,2026-03-26T11:43:49.609,76,7.5,63,7.7,0.1107,-3.3099,132.1759,95.2852,0.0013,1.1485,-10.5857,0.2047,2026-03-26T11:43:49,2026-03-26T11:40:44.745,16.18,17.5,8.0,8.0,191.0,62.0,2026-03-26T11:40:44.745,8.0,222,2026-03-26 11:43:45 EDT,6538.15,1.027813678181137,2.7813678181136923,6540.0,7.6,0.20000000000000018,2.631578947368424,718,610270.921,9490229.620000001,237650.81999999998,7948.26,0.0002,-0.15,0.1
SPXW,2026-03-30,6720.0,PUT,4,-1,2026-03-26T11:43:49.262,8,182.8,3,189.2,-0.895,-2.4369,127.1556,-31.4621,0.0013,1.1607,-10.4353,0.1997,2026-03-26T11:43:49,2026-03-25T10:32:40.236,136.26,136.26,131.48,131.48,8.0,2.0,2026-03-25T10:32:40.236,131.48,222,2026-03-26 11:43:45 EDT,6538.15,1.027813678181137,2.7813678181136923,6540.0,186.0,6.399999999999977,3.440860215053751,122,-103695.059,-1551298.32,29730.18,-10919.0,-0.01,0.0,0.0
SPXW,2026-03-30,6725.0,CALL,4,1,2026-03-26T11:43:49.601,44,6.9,20,7.0,0.1032,-3.1306,125.6927,97.1618,0.0012,1.1334,-10.3848,0.2036,2026-03-26T11:43:49,2026-03-26T11:42:57.319,15.02,15.02,7.11,7.11,525.0,88.0,2026-03-26T11:42:57.319,7.11,222,2026-03-26 11:43:45 EDT,6538.15,1.028578420501212,2.857842050121217,6540.0,6.95,0.09999999999999964,1.4388489208633042,520,407980.55999999994,6536020.399999999,162791.19999999998,5366.400000000001,0.0,-0.15,-0.1
SPXW,2026-03-30,6725.0,PUT,4,-1,2026-03-26T11:43:46.941,7,188.0,2,192.3,-0.9046,-2.1826,118.563,-31.1051,0.0012,1.1454,-10.1364,0.1967,2026-03-26T11:43:49,2026-03-25T12:21:13.768,120.41,150.2,120.41,150.2,15.0,6.0,2026-03-25T12:21:13.768,150.2,222,2026-03-26 11:43:45 EDT,6538.15,1.028578420501212,2.857842050121217,6540.0,190.15,4.300000000000011,2.261372600578497,412,-323246.13599999994,-4884795.6,89923.12,-37269.52,-0.0065,0.55,-1.5
SPXW,2026-03-30,6730.0,CALL,4,1,2026-03-26T11:43:49.616,48,6.3,121,6.5,0.0966,-2.9735,119.752,98.743,0.0012,1.1146,-10.1767,0.2031,2026-03-26T11:43:49,2026-03-26T11:42:31.068,10.9,11.6,6.4,6.4,253.0,102.0,2026-03-26T11:42:31.068,6.4,222,2026-03-26 11:43:45 EDT,6538.15,1.0293431628212875,2.9343162821287425,6540.0,6.4,0.20000000000000018,3.1250000000000027,278,218112.68399999995,3329105.5999999996,82663.3,2685.48,0.0004,-0.1,0.0
SPXW,2026-03-30,6730.0,PUT,4,-1,2026-03-26T11:43:47.673,8,191.8,3,197.6,-0.9105,-2.0494,113.1067,-30.5758,0.0011,1.122,-9.9209,0.1967,2026-03-26T11:43:49,2026-03-25T10:32:27.833,139.3,139.3,124.09,138.27,10.0,3.0,2026-03-25T10:32:27.833,138.27,222,2026-03-26 11:43:45 EDT,6538.15,1.0293431628212875,2.9343162821287425,6540.0,194.7,5.799999999999983,2.978941961992801,66,-47466.969,-746504.22,13526.04,-6009.299999999999,-0.0121,-0.1,-0.6
SPXW,2026-03-30,6735.0,CALL,4,1,2026-03-26T11:43:49.624,98,5.7,76,5.9,0.0895,-2.7902,113.1339,100.8929,0.0011,1.0942,-9.9188,0.2018,2026-03-26T11:43:49,2026-03-26T11:42:56.779,13.42,13.8,5.8,5.93,3744.0,603.0,2026-03-26T11:42:56.779,5.93,222,2026-03-26 11:43:45 EDT,6538.15,1.0301079051413626,3.0107905141362674,6540.0,5.800000000000001,0.20000000000000018,3.4482758620689684,506,363913.42899999995,5724575.34,141184.12,4528.7,-0.0001,-0.15,0.1
SPXW,2026-03-30,6735.0,PUT,4,-1,2026-03-26T11:43:48.584,8,196.2,3,202.2,-0.9169,-1.8917,107.007,-30.0948,0.0011,1.0972,-9.6579,0.1959,2026-03-26T11:43:49,2026-03-26T10:25:54.449,172.42,174.46,172.42,174.46,20.0,4.0,2026-03-26T10:25:54.449,174.46,222,2026-03-26 11:43:45 EDT,6538.15,1.0301079051413626,3.0107905141362674,6540.0,199.2,6.0,3.0120481927710845,61,-43870.986500000006,-652742.7000000001,11539.369999999999,-5593.09,-0.0107,0.15,-1.1
SPXW,2026-03-30,6740.0,CALL,4,1,2026-03-26T11:43:49.624,97,5.2,79,5.4,0.0832,-2.6319,107.1589,102.6943,0.001,1.0706,-9.6617,0.201,2026-03-26T11:43:49,2026-03-26T11:42:45.61,12.31,12.31,5.3,5.3,238.0,66.0,2026-03-26T11:42:45.61,5.3,222,2026-03-26 11:43:45 EDT,6538.15,1.030872647461438,3.0872647461437928,6540.0,5.300000000000001,0.20000000000000018,3.77358490566038,534,349137.21,5722285.26,140543.46,4442.879999999999,-0.0002,-0.15,0.1
SPXW,2026-03-30,6740.0,PUT,4,-1,2026-03-26T11:43:47.846,1,199.0,3,206.5,-0.934,-1.3564,89.7457,-30.1191,0.0009,1.059,-8.7887,0.1848,2026-03-26T11:43:49,2026-03-25T16:00:15.08,158.06,163.23,152.55,156.06,4.0,4.0,2026-03-25T16:00:15.08,156.06,222,2026-03-26 11:43:45 EDT,6538.15,1.030872647461438,3.0872647461437928,6540.0,202.75,7.5,3.6991368680641186,141,-82969.12349999999,-1265414.37,19125.239999999998,-13169.400000000001,-0.0084,0.6,-1.2
SPXW,2026-03-30,6745.0,CALL,4,1,2026-03-26T11:43:49.6,14,4.8,62,4.9,0.0774,-2.4833,101.4568,104.409,0.001,1.045,-9.3948,0.2004,2026-03-26T11:43:49,2026-03-26T11:33:13.18,9.84,9.84,4.9,4.9,432.0,75.0,2026-03-26T11:33:13.18,4.9,222,2026-03-26 11:43:45 EDT,6538.15,1.0316373897815132,3.1637389781513177,6540.0,4.85,0.10000000000000053,2.0618556701031037,333,217720.39500000002,3378511.44,82693.89,2577.42,0.0002,-0.1,0.0
SPXW,2026-03-30,6745.0,PUT,4,-1,2026-03-26T11:43:47.676,1,203.5,2,213.3,-0.9277,-1.626,96.258,-29.1054,0.001,1.0419,-9.1355,0.1954,2026-03-26T11:43:49,2026-03-25T14:48:53.811,156.35,156.35,156.35,156.35,1.0,1.0,2026-03-25T14:48:53.811,156.35,222,2026-03-26 11:43:45 EDT,6538.15,1.0316373897815132,3.1637389781513177,6540.0,208.4,9.800000000000011,4.702495201535514,30,-19614.45,-288774.0,4877.999999999999,-2783.1,-0.0073,0.65,-1.1
SPXW,2026-03-30,6750.0,CALL,4,1,2026-03-26T11:43:49.521,121,4.3,157,4.5,0.0715,-2.3276,95.5641,106.3928,0.0009,1.0172,-9.0971,0.1994,2026-03-26T11:43:49,2026-03-26T11:42:56.779,8.6,10.65,4.38,4.5,3919.0,687.0,2026-03-26T11:42:56.779,4.5,222,2026-03-26 11:43:45 EDT,6538.15,1.0324021321015884,3.2402132101588426,6540.0,4.4,0.20000000000000018,4.545454545454549,2453,1443427.3754999998,23441873.729999997,570960.2799999999,17538.95,0.0001,-0.1,0.0
SPXW,2026-03-30,6750.0,PUT,4,-1,2026-03-26T11:43:49.263,3,210.8,2,214.8,-0.9354,-1.4019,88.2323,-28.7406,0.0009,1.0076,-8.6978,0.1925,2026-03-26T11:43:49,2026-03-26T10:25:54.449,198.4,198.4,185.16,186.96,22.0,6.0,2026-03-26T10:25:54.449,186.96,222,2026-03-26 11:43:45 EDT,6538.15,1.0324021321015884,3.2402132101588426,6540.0,212.8,4.0,1.8796992481203008,383,-225370.0305,-3379297.09,53692.77,-35825.82,-0.0059,0.85,-1.5
SPXW,2026-03-30,6755.0,CALL,4,1,2026-03-26T11:43:49.565,103,3.9,156,4.1,0.0662,-2.1833,90.0004,108.2659,0.0009,0.9877,-8.795,0.1987,2026-03-26T11:43:49,2026-03-26T11:42:57.319,9.63,9.63,4.0,4.05,526.0,101.0,2026-03-26T11:42:57.319,4.05,222,2026-03-26 11:43:45 EDT,6538.15,1.0331668744216638,3.3166874421663675,6540.0,4.0,0.19999999999999973,4.999999999999993,339,199478.95649999997,3051013.56,74013.87,2244.18,0.0006,-0.05,0.1
SPXW,2026-03-30,6755.0,PUT,4,-1,2026-03-26T11:43:46.95,1,212.7,1,223.5,-0.933,-1.5353,90.7302,-27.9712,0.0009,0.9888,-8.8354,0.1994,2026-03-26T11:43:49,2026-03-25T11:45:21.911,170.81,170.81,170.81,170.81,2.0,2.0,2026-03-25T11:45:21.911,170.81,222,2026-03-26 11:43:45 EDT,6538.15,1.0331668744216638,3.3166874421663675,6540.0,218.1,10.800000000000011,4.951856946354889,16,-9414.935999999998,-145168.32,2456.48,-1492.8000000000002,-0.0047,0.95,-0.5
SPXW,2026-03-30,6760.0,CALL,4,1,2026-03-26T11:43:49.565,130,3.5,77,3.7,0.0608,-2.0313,84.2228,110.4679,0.0008,0.9559,-8.4596,0.1976,2026-03-26T11:43:49,2026-03-26T11:34:20.458,8.69,8.8,3.63,3.63,365.0,142.0,2026-03-26T11:34:20.458,3.63,222,2026-03-26 11:43:45 EDT,6538.15,1.033931616741739,3.3931616741738932,6540.0,3.6,0.20000000000000018,5.55555555555556,381,199282.81199999998,3208888.68,77392.53,2316.48,0.0005,-0.05,0.1
SPXW,2026-03-30,6760.0,PUT,4,-1,2026-03-26T11:43:47.028,1,217.3,1,228.1,-0.9384,-1.3849,85.0284,-27.5509,0.0008,0.9575,-8.5073,0.1984,2026-03-26T11:43:49,2026-03-25T09:38:13.545,143.53,143.53,143.53,143.53,12.0,1.0,2026-03-25T09:38:13.545,143.53,222,2026-03-26 11:43:45 EDT,6538.15,1.033931616741739,3.3931616741738932,6540.0,222.7,10.799999999999983,4.849573417153113,51,-26675.652000000002,-433644.84,7062.990000000001,-4785.84,-0.004,1.05,-0.3
SPXW,2026-03-30,6765.0,CALL,4,1,2026-03-26T11:43:49.565,91,3.2,36,3.3,0.0559,-1.8932,78.8604,112.5068,0.0008,0.9229,-8.1278,0.1967,2026-03-26T11:43:49,2026-03-26T11:36:34.048,7.7,7.7,3.5,3.5,596.0,95.0,2026-03-26T11:36:34.048,3.5,222,2026-03-26 11:43:45 EDT,6538.15,1.0346963590618141,3.469635906181418,6540.0,3.25,0.09999999999999964,3.076923076923066,299,156392.548,2357925.96,56606.67999999999,1671.4099999999999,-0.0002,-0.1,-0.0
SPXW,2026-03-30,6765.0,PUT,4,-1,2026-03-26T11:43:46.952,1,222.0,1,232.7,-0.9432,-1.2482,79.7376,-27.1265,0.0008,0.9251,-8.183,0.1976,2026-03-26T11:43:49,2026-03-26T09:54:49.23,200.75,200.75,200.75,200.75,3.0,1.0,2026-03-26T09:54:49.23,200.75,222,2026-03-26 11:43:45 EDT,6538.15,1.0346963590618141,3.469635906181418,6540.0,227.35,10.699999999999989,4.706399824059815,49,-25629.548,-390714.24,6116.18,-4621.68,-0.0043,1.05,-0.3
SPXW,2026-03-30,6770.0,CALL,4,1,2026-03-26T11:43:49.561,47,2.9,66,3.0,0.0515,-1.7696,73.9475,114.3377,0.0007,0.8894,-7.8062,0.1961,2026-03-26T11:43:49,2026-03-26T11:41:15.764,6.9,7.0,2.95,3.15,507.0,122.0,2026-03-26T11:41:15.764,3.15,222,2026-03-26 11:43:45 EDT,6538.15,1.0354611013818895,3.546110138188943,6540.0,2.95,0.10000000000000009,3.3898305084745792,723,330895.7715,5346404.25,127942.08000000002,3723.45,0.0001,-0.075,-0.05
SPXW,2026-03-30,6770.0,PUT,4,-1,2026-03-26T11:43:46.95,1,226.6,1,237.3,-0.9487,-1.0816,73.5461,-26.7438,0.0007,0.8881,-7.7793,0.1958,2026-03-26T11:43:49,2026-03-26T09:54:17.88,202.65,202.65,202.65,202.65,2.0,1.0,2026-03-26T09:54:17.88,202.65,222,2026-03-26 11:43:45 EDT,6538.15,1.0354611013818895,3.546110138188943,6540.0,231.95,10.700000000000017,4.613063160163836,68,-31121.593999999994,-500113.48,7354.88,-6451.16,-0.0054,1.0,-0.4
SPXW,2026-03-31,6150.0,CALL,5,1,2026-03-26T11:42:09.26,1,387.8,1,405.9,0.9488,-3.1149,81.8266,15.6321,0.0004,-0.5221,5.8062,0.3209,2026-03-26T11:43:51,2026-03-24T10:38:07.551,415.5,415.5,415.5,415.5,1.0,1.0,2026-03-24T10:38:07.551,415.5,222,2026-03-26 11:43:45 EDT,6538.23,0.940621544362924,-5.937845563707603,6540.0,396.85,18.099999999999966,4.560917223132157,147,38444.7924,1202851.02,45789.03,13947.36,,,
SPXW,2026-03-31,6155.0,CALL,5,1,2026-03-26T11:42:19.487,2,382.9,1,400.9,0.948,-3.1234,82.8215,15.8164,0.0004,-0.5307,5.8496,0.3182,2026-03-26T11:43:51,,,,,,,,,,222,2026-03-26 11:43:45 EDT,6538.23,0.9413862773258207,-5.861372267417933,6540.0,391.9,18.0,4.593008420515438,0,0.0,0.0,0.0,0.0,,,
SPXW,2026-03-31,6160.0,CALL,5,1,2026-03-26T11:42:09.26,2,378.1,1,396.2,0.9459,-3.1989,85.431,15.9755,0.0004,-0.5416,5.9596,0.3177,2026-03-26T11:43:51,,,,,,,,,,222,2026-03-26 11:43:45 EDT,6538.23,0.9421510102887174,-5.784898971128265,6540.0,387.15,18.099999999999966,4.675190494640312,3,784.5876000000001,25629.3,959.6700000000001,283.77,,,
SPXW,2026-03-31,6165.0,CALL,5,1,2026-03-26T11:42:48.386,1,373.6,1,392.0,0.9414,-3.4032,91.0491,16.0794,0.0004,-0.5555,6.1863,0.3216,2026-03-26T11:43:51,,,,,,,,,,222,2026-03-26 11:43:45 EDT,6538.23,0.942915743251614,-5.7084256748385975,6540.0,382.8,18.399999999999977,4.806687565308248,1,261.5292,9104.91,340.32,94.14,,,
SPXW,2026-03-31,6165.0,PUT,5,-1,2026-03-26T11:43:50.584,76,5.0,117,5.2,-0.0503,-2.3586,80.7646,-64.5448,0.0004,-0.5427,5.7634,0.3067,2026-03-26T11:43:51,2026-03-26T11:36:07.91,4.42,4.89,4.42,4.88,31.0,3.0,2026-03-26T11:36:07.91,4.88,222,2026-03-26 11:43:45 EDT,6538.23,0.942915743251614,-5.7084256748385975,6540.0,5.1,0.20000000000000018,3.921568627450984,147,-38444.7924,-1187239.62,34671.42,-739.41,,,
SPXW,2026-03-31,6170.0,CALL,5,1,2026-03-26T11:42:29.342,2,368.4,1,386.3,0.9436,-3.2457,88.2517,16.3511,0.0004,-0.5606,6.076,0.3131,2026-03-26T11:43:51,2026-03-19T10:48:19.131,440.64,440.64,440.64,440.64,2.0,1.0,2026-03-19T10:48:19.131,440.64,222,2026-03-26 11:43:45 EDT,6538.23,0.9436804762145107,-5.631952378548928,6540.0,377.35,17.900000000000034,4.74360673115146,2,523.0584,17650.34,649.14,188.72,,,
SPXW,2026-03-31,6170.0,PUT,5,-1,2026-03-26T11:43:50.601,63,5.2,190,5.4,-0.0521,-2.4187,83.0886,-64.3681,0.0004,-0.554,5.864,0.3057,2026-03-26T11:43:51,2026-03-26T11:30:16.196,6.1,6.1,5.01,5.01,4.0,3.0,2026-03-26T11:30:16.196,5.01,222,2026-03-26 11:43:45 EDT,6538.23,0.9436804762145107,-5.631952378548928,6540.0,5.300000000000001,0.20000000000000018,3.77358490566038,517,-135210.5964,-4295680.62,125046.79,-2693.57,0.0003,0.1,0.0
SPXW,2026-03-31,6175.0,CALL,5,1,2026-03-26T11:42:09.26,2,363.6,1,381.7,0.9412,-3.3335,91.235,16.5147,0.0004,-0.5719,6.194,0.313,2026-03-26T11:43:51,2026-03-24T10:38:32.396,391.1,391.1,391.1,391.1,1.0,1.0,2026-03-24T10:38:32.396,391.1,222,2026-03-26 11:43:45 EDT,6538.23,0.9444452091774074,-5.55547908225926,6540.0,372.65,18.099999999999966,4.857104521669118,150,39229.380000000005,1368525.0,50002.5,14118.0,,,
SPXW,2026-03-31,6175.0,PUT,5,-1,2026-03-26T11:43:50.156,60,5.4,10,5.5,-0.054,-2.4774,85.401,-64.2189,0.0004,-0.5652,5.9616,0.3047,2026-03-26T11:43:51,2026-03-26T10:20:39.211,5.0,6.2,4.99,4.99,40.0,10.0,2026-03-26T10:20:39.211,4.99,222,2026-03-26 11:43:45 EDT,6538.23,0.9444452091774074,-5.55547908225926,6540.0,5.45,0.09999999999999964,1.8348623853210944,2920,-763665.264,-24937092.0,723400.7999999999,-15768.0,0.0002,0.05,-0.1
SPXW,2026-03-31,6180.0,CALL,5,1,2026-03-26T11:42:09.26,2,358.8,1,377.6,0.9373,-3.4979,96.0208,16.6438,0.0005,-0.5844,6.3752,0.3153,2026-03-26T11:43:51,2026-03-24T10:05:01.878,385.57,385.57,385.43,385.43,20.0,10.0,2026-03-24T10:05:01.878,385.43,222,2026-03-26 11:43:45 EDT,6538.23,0.9452099421403041,-5.479005785969591,6540.0,368.20000000000005,18.80000000000001,5.1059206952743095,16,5230.584,153633.28,5596.64,1499.68,0.0155,0.0,0.0
SPXW,2026-03-31,6180.0,PUT,5,-1,2026-03-26T11:43:50.233,129,5.5,9,5.7,-0.0552,-2.5017,86.8937,-64.4659,0.0004,-0.5755,6.0234,0.3025,2026-03-26T11:43:51,2026-03-26T10:58:45.205,6.45,8.65,5.2,5.6,20.0,10.0,2026-03-26T10:58:45.205,5.6,222,2026-03-26 11:43:45 EDT,6538.23,0.9452099421403041,-5.479005785969591,6540.0,5.6,0.20000000000000018,3.5714285714285747,344,-89966.0448,-2989143.28,86058.48,-1898.88,-0.0009,0.0,0.0
SPXW,2026-03-31,6185.0,CALL,5,1,2026-03-26T11:42:09.26,2,354.0,1,372.1,0.9376,-3.4391,95.6163,16.8861,0.0005,-0.5928,6.3609,0.3102,2026-03-26T11:43:51,2026-03-23T09:37:43.063,436.8,436.8,436.8,436.8,5.0,2.0,2026-03-23T09:37:43.063,436.8,222,2026-03-26 11:43:45 EDT,6538.23,0.9459746751032008,-5.402532489679922,6540.0,363.05,18.100000000000023,4.98553918193087,3,980.7345,28684.889999999996,1031.73,281.28000000000003,0.0156,0.0,0.0
SPXW,2026-03-31,6185.0,PUT,5,-1,2026-03-26T11:43:50.694,150,5.7,196,6.0,-0.0577,-2.5906,90.0076,-63.9927,0.0004,-0.5877,6.1488,0.3024,2026-03-26T11:43:51,2026-03-26T09:30:02.621,6.4,6.4,6.4,6.4,2.0,1.0,2026-03-26T09:30:02.621,6.4,222,2026-03-26 11:43:45 EDT,6538.23,0.9459746751032008,-5.402532489679922,6540.0,5.85,0.2999999999999998,5.128205128205125,188,-49167.4896,-1692142.88,48703.28,-1084.76,0.0002,0.05,0.1
SPXW,2026-03-31,6190.0,CALL,5,1,2026-03-26T11:42:09.26,2,349.2,1,367.3,0.9357,-3.4903,97.8121,17.0786,0.0005,-0.6034,6.4414,0.3087,2026-03-26T11:43:51,,,,,,,,,,222,2026-03-26 11:43:45 EDT,6538.23,0.9467394080660975,-5.326059193390254,6540.0,358.25,18.100000000000023,5.052337752965812,1,326.9115,9781.210000000001,349.03,93.57,0.0151,0.0,0.0
SPXW,2026-03-31,6190.0,PUT,5,-1,2026-03-26T11:43:50.157,67,6.0,98,6.2,-0.0596,-2.6454,92.3109,-63.9106,0.0005,-0.5989,6.2389,0.3012,2026-03-26T11:43:51,2026-03-26T11:40:39.023,6.9,6.9,5.39,5.84,63.0,10.0,2026-03-26T11:40:39.023,5.84,222,2026-03-26 11:43:45 EDT,6538.23,0.9467394080660975,-5.326059193390254,6540.0,6.1,0.20000000000000018,3.2786885245901667,884,-288989.76599999995,-8160283.5600000005,233853.36,-5268.64,0.0002,0.1,0.0
SPXW,2026-03-31,6195.0,CALL,5,1,2026-03-26T11:42:25.835,2,344.4,1,362.1,0.9351,-3.4784,98.54,17.309,0.0005,-0.6131,6.4683,0.3052,2026-03-26T11:43:51,2026-03-23T09:37:43.057,427.76,427.76,427.76,427.76,5.0,2.0,2026-03-23T09:37:43.057,427.76,222,2026-03-26 11:43:45 EDT,6538.23,0.9475041410289942,-5.2495858971005855,6540.0,353.25,17.700000000000045,5.010615711252667,3,980.7345,29562.0,1043.52,280.53,0.015,0.0,0.0
SPXW,2026-03-31,6195.0,PUT,5,-1,2026-03-26T11:43:50.207,85,6.2,38,6.4,-0.0615,-2.6984,94.5986,-63.8557,0.0005,-0.6102,6.326,0.2998,2026-03-26T11:43:51,2026-03-26T11:31:52.992,6.1,6.37,5.92,6.2,191.0,9.0,2026-03-26T11:31:52.992,6.2,222,2026-03-26 11:43:45 EDT,6538.23,0.9475041410289942,-5.2495858971005855,6540.0,6.300000000000001,0.20000000000000018,3.174603174603177,4440,-1451487.06,-42001778.400000006,1198089.5999999999,-27306.0,0.0001,0.05,0.1
SPXW,2026-03-31,6200.0,CALL,5,1,2026-03-26T11:43:50.285,7,344.1,5,351.2,0.9393,-3.2328,93.5361,17.6741,0.0005,-0.6188,6.2864,0.2939,2026-03-26T11:43:51,2026-03-24T10:05:01.871,367.12,367.12,366.98,366.98,20.0,10.0,2026-03-24T10:05:01.871,366.98,222,2026-03-26 11:43:45 EDT,6538.23,0.9482688739918909,-5.173112600810917,6540.0,347.65,7.099999999999966,2.0422839062275178,936,305989.164,8754978.96,302590.08,87918.48,-0.0022,-1.7,0.0
SPXW,2026-03-31,6200.0,PUT,5,-1,2026-03-26T11:43:50.175,13,6.5,15,6.6,-0.0637,-2.7661,97.2743,-63.6496,0.0005,-0.6218,6.4249,0.2989,2026-03-26T11:43:51,2026-03-26T11:40:39.023,5.2,9.85,5.2,6.24,242.0,81.0,2026-03-26T11:40:39.023,6.24,222,2026-03-26 11:43:45 EDT,6538.23,0.9482688739918909,-5.173112600810917,6540.0,6.55,0.09999999999999964,1.526717557251903,9847,-3219097.5404999997,-95786003.21,2723778.67,-62725.39000000001,-0.0005,0.05,-0.1
SPXW,2026-03-31,6205.0,CALL,5,1,2026-03-26T11:42:09.26,2,335.3,1,353.0,0.9283,-3.7246,106.4587,17.6369,0.0005,-0.6357,6.7376,0.3068,2026-03-26T11:43:51,,,,,,,,,,222,2026-03-26 11:43:45 EDT,6538.23,0.9490336069547876,-5.096639304521248,6540.0,344.15,17.69999999999999,5.143106203690248,0,0.0,0.0,0.0,0.0,0.0137,0.0,0.0
SPXW,2026-03-31,6205.0,PUT,5,-1,2026-03-26T11:43:49.733,80,6.7,36,6.9,-0.066,-2.8321,99.9384,-63.4708,0.0005,-0.6333,6.5203,0.298,2026-03-26T11:43:51,2026-03-26T11:36:07.91,9.22,10.3,5.88,6.47,254.0,88.0,2026-03-26T11:36:07.91,6.47,222,2026-03-26 11:43:45 EDT,6538.23,0.9490336069547876,-5.096639304521248,6540.0,6.800000000000001,0.20000000000000018,2.9411764705882377,162,-52959.663,-1619002.08,45880.020000000004,-1069.2,0.0001,0.1,0.0
SPXW,2026-03-31,6210.0,CALL,5,1,2026-03-26T11:42:09.26,1,330.5,1,348.3,0.9261,-3.7836,108.9565,17.8414,0.0005,-0.6462,6.8174,0.3055,2026-03-26T11:43:51,2026-03-24T10:39:56.243,362.83,362.83,362.83,362.83,1.0,1.0,2026-03-24T10:39:56.243,362.83,222,2026-03-26 11:43:45 EDT,6538.23,0.9497983399176843,-5.0201660082315795,6540.0,339.4,17.80000000000001,5.244549204478495,1,326.9115,10895.650000000001,378.36,92.61,0.0133,0.0,0.0
SPXW,2026-03-31,6210.0,PUT,5,-1,2026-03-26T11:43:50.157,14,7.0,9,7.1,-0.0685,-2.9109,102.9428,-63.1665,0.0005,-0.6448,6.6242,0.2974,2026-03-26T11:43:51,2026-03-26T11:38:21.222,9.9,9.9,6.23,6.6,356.0,140.0,2026-03-26T11:38:21.222,6.6,222,2026-03-26 11:43:45 EDT,6538.23,0.9497983399176843,-5.0201660082315795,6540.0,7.05,0.09999999999999964,1.4184397163120517,397,-129783.8655,-4086829.1600000006,115562.72999999998,-2719.4500000000003,0.0001,0.05,-0.1
SPXW,2026-03-31,6215.0,CALL,5,1,2026-03-26T11:42:09.26,2,325.8,1,343.6,0.9236,-3.8556,111.783,18.0426,0.0006,-0.6567,6.9043,0.3045,2026-03-26T11:43:51,,,,,,,,,,222,2026-03-26 11:43:45 EDT,6538.23,0.9505630728805808,-4.94369271194191,6540.0,334.70000000000005,17.80000000000001,5.318195398864658,0,0.0,0.0,0.0,0.0,0.0129,0.0,0.0
SPXW,2026-03-31,6215.0,PUT,5,-1,2026-03-26T11:43:50.356,84,7.2,9,7.4,-0.0705,-2.9577,105.2036,-63.2042,0.0005,-0.6561,6.6999,0.2957,2026-03-26T11:43:51,2026-03-26T11:31:52.992,10.2,10.2,6.4,7.2,324.0,104.0,2026-03-26T11:31:52.992,7.2,222,2026-03-26 11:43:45 EDT,6538.23,0.9505630728805808,-4.94369271194191,6540.0,7.300000000000001,0.20000000000000018,2.7397260273972623,148,-48382.901999999995,-1557013.28,43773.96,-1043.3999999999999,0.0,0.1,0.0
SPXW,2026-03-31,6220.0,CALL,5,1,2026-03-26T11:43:49.216,1,322.4,1,332.8,0.9361,-3.2192,97.3687,18.6838,0.0005,-0.663,6.4296,0.2809,2026-03-26T11:43:51,2026-03-25T10:19:30.689,395.81,395.81,395.81,395.81,1.0,1.0,2026-03-25T10:19:30.689,395.81,222,2026-03-26 11:43:45 EDT,6538.23,0.9513278058434775,-4.867219415652242,6540.0,327.6,10.400000000000034,3.1746031746031846,2,653.823,19473.74,643.8399999999999,187.22,-0.0091,-2.3,-7.4
SPXW,2026-03-31,6220.0,PUT,5,-1,2026-03-26T11:43:50.18,75,7.5,15,7.7,-0.0731,-3.0329,108.1829,-62.9538,0.0006,-0.6675,6.7962,0.2949,2026-03-26T11:43:51,2026-03-26T11:39:07.407,10.24,10.7,6.25,7.2,469.0,189.0,2026-03-26T11:39:07.407,7.2,222,2026-03-26 11:43:45 EDT,6538.23,0.9513278058434775,-4.867219415652242,6540.0,7.6,0.20000000000000018,2.631578947368424,1005,-394255.269,-10872381.450000001,304806.45,-7346.549999999999,-0.0001,0.1,0.0
SPXW,2026-03-31,6225.0,CALL,5,1,2026-03-26T11:43:39.452,1,318.3,1,328.5,0.9301,-3.4503,104.3956,18.8049,0.0006,-0.6779,6.6737,0.2853,2026-03-26T11:43:51,,,,,,,,,,222,2026-03-26 11:43:45 EDT,6538.23,0.9520925388063742,-4.7907461193625736,6540.0,323.4,10.199999999999989,3.1539888682745794,149,58451.77619999999,1555494.44,51409.47,13858.49,0.0037,-1.0,-0.6
SPXW,2026-03-31,6225.0,PUT,5,-1,2026-03-26T11:43:50.362,78,7.8,29,8.0,-0.0758,-3.1058,111.1383,-62.7355,0.0006,-0.6788,6.888,0.294,2026-03-26T11:43:51,2026-03-26T11:18:07.141,10.8,11.1,6.7,7.3,198.0,43.0,2026-03-26T11:18:07.141,7.3,222,2026-03-26 11:43:45 EDT,6538.23,0.9520925388063742,-4.7907461193625736,6540.0,7.9,0.20000000000000018,2.531645569620255,2197,-861869.4785999998,-24417084.51,682344.2599999999,-16653.260000000002,-0.0001,0.1,0.0
SPXW,2026-03-31,6230.0,CALL,5,1,2026-03-26T11:43:47.879,1,313.2,1,323.7,0.929,-3.4523,105.6252,19.0751,0.0006,-0.6898,6.7146,0.2821,2026-03-26T11:43:51,,,,,,,,,,222,2026-03-26 11:43:45 EDT,6538.23,0.9528572717692709,-4.714272823072905,6540.0,318.45,10.5,3.297220913801225,26,10199.638799999999,274625.52,8975.98,2415.4,0.0021,-1.15,-0.1
SPXW,2026-03-31,6230.0,PUT,5,-1,2026-03-26T11:43:49.194,71,8.1,8,8.3,-0.0784,-3.1764,114.0692,-62.5488,0.0006,-0.69,6.9754,0.293,2026-03-26T11:43:51,2026-03-26T11:41:32.611,11.8,11.8,7.54,7.79,306.0,86.0,2026-03-26T11:41:32.611,7.79,222,2026-03-26 11:43:45 EDT,6538.23,0.9528572717692709,-4.714272823072905,6540.0,8.2,0.20000000000000107,2.4390243902439157,647,-253814.08859999996,-7380277.24,205513.08,-5072.4800000000005,-0.0002,0.1,0.0
SPXW,2026-03-31,6235.0,CALL,5,1,2026-03-26T11:43:30.393,1,309.0,1,319.1,0.9244,-3.6134,110.8841,19.2455,0.0006,-0.7024,6.8806,0.2841,2026-03-26T11:43:51,,,,,,,,,,222,2026-03-26 11:43:45 EDT,6538.23,0.9536220047321676,-4.637799526783236,6540.0,314.05,10.100000000000023,3.216048399936323,0,0.0,0.0,0.0,0.0,0.0053,-0.8,-0.6
SPXW,2026-03-31,6235.0,PUT,5,-1,2026-03-26T11:43:50.157,51,8.5,8,8.6,-0.0817,-3.2726,117.6352,-62.1174,0.0006,-0.7008,7.0768,0.2928,2026-03-26T11:43:51,2026-03-26T11:21:16.907,10.4,10.4,7.44,7.44,264.0,34.0,2026-03-26T11:21:16.907,7.44,222,2026-03-26 11:43:45 EDT,6538.23,0.9536220047321676,-4.637799526783236,6540.0,8.55,0.09999999999999964,1.1695906432748495,1061,-416223.72179999994,-12481094.719999999,347222.86000000004,-8668.369999999999,0.0003,0.15,-0.1
SPXW,2026-03-31,6240.0,CALL,5,1,2026-03-26T11:43:47.871,1,303.9,1,314.4,0.9229,-3.6275,112.5009,19.5198,0.0006,-0.7146,6.9299,0.2813,2026-03-26T11:43:51,2026-03-24T12:44:41.984,354.65,354.65,354.65,354.65,25.0,4.0,2026-03-24T12:44:41.984,354.65,222,2026-03-26 11:43:45 EDT,6538.23,0.9543867376950643,-4.561326230493568,6540.0,309.15,10.5,3.3964095099466283,26,10199.638799999999,292502.34,9431.5,2399.54,0.0011,-1.25,-0.3
SPXW,2026-03-31,6240.0,PUT,5,-1,2026-03-26T11:43:50.271,64,8.8,51,9.0,-0.0843,-3.3382,120.5144,-61.9939,0.0006,-0.7117,7.1549,0.2916,2026-03-26T11:43:51,2026-03-26T11:41:47.87,8.2,8.8,7.2,8.7,238.0,96.0,2026-03-26T11:41:47.87,8.7,222,2026-03-26 11:43:45 EDT,6538.23,0.9543867376950643,-4.561326230493568,6540.0,8.9,0.1999999999999993,2.2471910112359472,411,-161232.75179999997,-4953141.84,137200.02,-3464.73,-0.0002,0.1,-0.0
SPXW,2026-03-31,6245.0,CALL,5,1,2026-03-26T11:43:47.879,1,299.2,1,309.8,0.9199,-3.7104,115.8696,19.7523,0.0006,-0.7266,7.0281,0.2807,2026-03-26T11:43:51,,,,,,,,,,222,2026-03-26 11:43:45 EDT,6538.23,0.955151470657961,-4.484852934203899,6540.0,304.5,10.600000000000023,3.481116584564868,0,0.0,0.0,0.0,0.0,0.0023,-1.1,0.0
SPXW,2026-03-31,6245.0,PUT,5,-1,2026-03-26T11:43:50.157,43,9.2,8,9.3,-0.0876,-3.4292,124.0181,-61.6319,0.0007,-0.7221,7.2452,0.2911,2026-03-26T11:43:51,2026-03-26T11:12:31.725,10.1,10.1,8.02,8.02,27.0,13.0,2026-03-26T11:12:31.725,8.02,222,2026-03-26 11:43:45 EDT,6538.23,0.955151470657961,-4.484852934203899,6540.0,9.25,0.10000000000000142,1.0810810810810965,274,-125403.2514,-3398095.94,93960.07999999999,-2400.24,0.0005,0.15,-0.1
SPXW,2026-03-31,6250.0,CALL,5,1,2026-03-26T11:43:47.872,1,294.7,1,305.2,0.9162,-3.8185,119.8814,19.9713,0.0007,-0.7381,7.1387,0.2808,2026-03-26T11:43:51,2026-03-24T15:55:43.438,325.42,325.42,325.42,325.42,1.0,1.0,2026-03-24T15:55:43.438,325.42,222,2026-03-26 11:43:45 EDT,6538.23,0.9559162036208577,-4.40837963791423,6540.0,299.95,10.5,3.5005834305717625,57,26087.537699999997,683323.98,21765.449999999997,5222.34,0.0013,-1.2,-0.2
SPXW,2026-03-31,6250.0,PUT,5,-1,2026-03-26T11:43:50.23,72,9.5,14,9.7,-0.0906,-3.5036,127.1689,-61.4358,0.0007,-0.7326,7.322,0.2902,2026-03-26T11:43:51,2026-03-26T11:42:43.758,7.19,13.11,7.19,9.7,845.0,94.0,2026-03-26T11:42:43.758,9.7,222,2026-03-26 11:43:45 EDT,6538.23,0.9559162036208577,-4.40837963791423,6540.0,9.6,0.1999999999999993,2.083333333333326,4178,-1912170.7457999997,-53131166.42,1463804.08,-37852.68,0.0002,0.1,0.0
SPXW,2026-03-31,6255.0,CALL,5,1,2026-03-26T11:43:47.872,1,290.1,1,300.5,0.9131,-3.896,123.1778,20.2174,0.0007,-0.7496,7.2247,0.2799,2026-03-26T11:43:51,,,,,,,,,,222,2026-03-26 11:43:45 EDT,6538.23,0.9566809365837544,-4.331906341624562,6540.0,295.3,10.399999999999977,3.5218421943785905,0,0.0,0.0,0.0,0.0,0.0025,-1.05,-0.1
SPXW,2026-03-31,6255.0,PUT,5,-1,2026-03-26T11:43:50.232,45,9.9,13,10.1,-0.0937,-3.5758,130.3034,-61.2657,0.0007,-0.7429,7.3944,0.2891,2026-03-26T11:43:51,2026-03-26T11:42:26.031,8.0,14.1,8.0,9.96,84.0,36.0,2026-03-26T11:42:26.031,9.96,222,2026-03-26 11:43:45 EDT,6538.23,0.9566809365837544,-4.331906341624562,6540.0,10.0,0.1999999999999993,1.9999999999999927,341,-156067.5501,-4443345.94,121934.78,-3195.17,-0.0002,0.1,0.0
SPXW,2026-03-31,6260.0,CALL,5,1,2026-03-26T11:43:22.48,1,286.1,1,296.0,0.9076,-4.0748,128.926,20.3892,0.0007,-0.7585,7.3631,0.2821,2026-03-26T11:43:51,,,,,,,,,,222,2026-03-26 11:43:45 EDT,6538.23,0.9574456695466511,-4.255433045334893,6540.0,291.05,9.899999999999977,3.4014774093798237,4,1830.7043999999999,51570.399999999994,1629.9199999999998,363.03999999999996,0.0047,-0.75,-0.5
SPXW,2026-03-31,6260.0,PUT,5,-1,2026-03-26T11:43:50.196,54,10.3,8,10.5,-0.0973,-3.6703,133.9785,-60.8936,0.0007,-0.7524,7.474,0.2886,2026-03-26T11:43:51,2026-03-26T11:41:47.87,9.5,12.19,8.5,10.2,401.0,141.0,2026-03-26T11:41:47.87,10.2,222,2026-03-26 11:43:45 EDT,6538.23,0.9574456695466511,-4.255433045334893,6540.0,10.4,0.1999999999999993,1.9230769230769162,674,-308473.69139999995,-9030150.899999999,247378.22,-6558.02,0.0,0.1,-0.0
SPXW,2026-03-31,6265.0,CALL,5,1,2026-03-26T11:43:44.784,1,281.4,1,291.8,0.9033,-4.1963,133.2924,20.6082,0.0007,-0.7678,7.4599,0.2824,2026-03-26T11:43:51,,,,,,,,,,222,2026-03-26 11:43:45 EDT,6538.23,0.9582104025095478,-4.178959749045225,6540.0,286.6,10.400000000000034,3.6287508722958948,0,0.0,0.0,0.0,0.0,0.0045,-0.75,-0.3
SPXW,2026-03-31,6265.0,PUT,5,-1,2026-03-26T11:43:50.623,31,10.8,8,10.9,-0.1009,-3.7619,137.6166,-60.5559,0.0007,-0.7616,7.5473,0.2881,2026-03-26T11:43:51,2026-03-26T11:42:26.031,12.3,12.3,9.35,10.78,281.0,38.0,2026-03-26T11:42:26.031,10.78,222,2026-03-26 11:43:45 EDT,6538.23,0.9582104025095478,-4.178959749045225,6540.0,10.850000000000001,0.09999999999999964,0.9216589861751118,484,-221515.23239999998,-6660643.4399999995,182075.96,-4883.5599999999995,0.0004,0.15,-0.1
SPXW,2026-03-31,6270.0,CALL,5,1,2026-03-26T11:43:34.886,1,276.6,1,286.8,0.9016,-4.2013,134.9973,20.9275,0.0007,-0.7805,7.4954,0.2793,2026-03-26T11:43:51,,,,,,,,,,222,2026-03-26 11:43:45 EDT,6538.23,0.9589751354724444,-4.102486452755556,6540.0,281.70000000000005,10.199999999999989,3.620873269435565,1,457.67609999999996,13499.73,420.13,90.16,0.0014,-1.15,-0.3
SPXW,2026-03-31,6270.0,PUT,5,-1,2026-03-26T11:43:50.375,53,11.2,54,11.4,-0.1043,-3.8383,140.9465,-60.3617,0.0008,-0.771,7.6096,0.287,2026-03-26T11:43:51,2026-03-26T11:22:52.083,10.6,14.93,9.4,10.1,404.0,30.0,2026-03-26T11:22:52.083,10.1,222,2026-03-26 11:43:45 EDT,6538.23,0.9589751354724444,-4.102486452755556,6540.0,11.3,0.20000000000000107,1.7699115044247882,844,-441461.28959999996,-11895884.6,323952.52,-8802.92,-0.0001,0.2,0.0
SPXW,2026-03-31,6275.0,CALL,5,1,2026-03-26T11:43:46.941,1,272.4,1,282.3,0.8968,-4.3403,139.834,21.1412,0.0008,-0.7884,7.5898,0.2801,2026-03-26T11:43:51,,,,,,,,,,222,2026-03-26 11:43:45 EDT,6538.23,0.9597398684353411,-4.026013156465887,6540.0,277.35,9.900000000000034,3.5694970254191576,65,33998.796,908921.0000000001,28211.95,5829.2,0.0035,-0.85,-0.5
SPXW,2026-03-31,6275.0,PUT,5,-1,2026-03-26T11:43:50.212,41,11.7,61,11.9,-0.1082,-3.9354,144.7678,-59.9855,0.0008,-0.7793,7.6754,0.2866,2026-03-26T11:43:51,2026-03-26T11:30:06.08,13.4,14.01,9.69,11.2,94.0,29.0,2026-03-26T11:30:06.08,11.2,222,2026-03-26 11:43:45 EDT,6538.23,0.9597398684353411,-4.026013156465887,6540.0,11.8,0.20000000000000107,1.6949152542372972,1601,-837416.4984,-23177324.779999997,630057.5399999999,-17322.82,0.0003,0.2,0.0
SPXW,2026-03-31,6280.0,CALL,5,1,2026-03-26T11:43:34.891,1,267.6,1,277.8,0.8936,-4.4026,142.9483,21.4253,0.0008,-0.7987,7.6451,0.2787,2026-03-26T11:43:51,,,,,,,,,,222,2026-03-26 11:43:45 EDT,6538.23,0.9605046013982378,-3.949539860176219,6540.0,272.70000000000005,10.199999999999989,3.7403740374037353,29,15168.6936,414550.06999999995,12767.539999999999,2591.4399999999996,0.0023,-1.0,0.0
SPXW,2026-03-31,6280.0,PUT,5,-1,2026-03-26T11:43:50.205,48,12.1,6,12.3,-0.1119,-4.0171,148.2802,-59.7515,0.0008,-0.7878,7.7305,0.2857,2026-03-26T11:43:51,2026-03-26T11:38:45.167,17.04,17.04,10.2,11.7,795.0,28.0,2026-03-26T11:38:45.167,11.7,222,2026-03-26 11:43:45 EDT,6538.23,0.9605046013982378,-3.949539860176219,6540.0,12.2,0.20000000000000107,1.6393442622950907,961,-502659.1224,-14249727.22,386043.31,-10753.59,-0.0001,0.15,-0.1
SPXW,2026-03-31,6285.0,CALL,5,1,2026-03-26T11:43:47.029,1,263.4,1,273.2,0.889,-4.5211,147.3585,21.6647,0.0008,-0.8061,7.7169,0.2788,2026-03-26T11:43:51,,,,,,,,,,222,2026-03-26 11:43:45 EDT,6538.23,0.9612693343611345,-3.87306656388655,6540.0,268.29999999999995,9.800000000000011,3.6526276556093973,0,0.0,0.0,0.0,0.0,0.0022,-1.0,-0.8
SPXW,2026-03-31,6285.0,PUT,5,-1,2026-03-26T11:43:50.271,47,12.6,6,12.8,-0.1159,-4.1072,152.0089,-59.4461,0.0008,-0.7955,7.7832,0.285,2026-03-26T11:43:51,2026-03-26T11:06:22.255,14.5,14.5,10.92,11.99,118.0,17.0,2026-03-26T11:06:22.255,11.99,222,2026-03-26 11:43:45 EDT,6538.23,0.9612693343611345,-3.87306656388655,6540.0,12.7,0.20000000000000107,1.574803149606308,180,-94150.512,-2736160.2,73929.59999999999,-2086.2000000000003,-0.0001,0.15,-0.1
SPXW,2026-03-31,6290.0,CALL,5,1,2026-03-26T11:43:47.037,1,259.0,1,268.8,0.8844,-4.6349,151.6818,21.9122,0.0008,-0.8131,7.7792,0.2788,2026-03-26T11:43:51,,,,,,,,,,222,2026-03-26 11:43:45 EDT,6538.23,0.9620340673240312,-3.7965932675968816,6540.0,263.9,9.800000000000011,3.7135278514588905,4,2092.2336,60672.72,1853.96,353.76,0.0024,-0.95,-0.7
SPXW,2026-03-31,6290.0,PUT,5,-1,2026-03-26T11:43:50.62,22,13.2,43,13.4,-0.1201,-4.2054,155.9368,-59.0751,0.0009,-0.8023,7.8324,0.2845,2026-03-26T11:43:51,2026-03-26T10:59:44.927,17.19,17.19,10.92,13.11,388.0,37.0,2026-03-26T10:59:44.927,13.11,222,2026-03-26 11:43:45 EDT,6538.23,0.9620340673240312,-3.7965932675968816,6540.0,13.3,0.20000000000000107,1.5037593984962485,754,-443684.28779999993,-11757634.72,317087.16,-9055.54,0.0001,0.25,-0.1
SPXW,2026-03-31,6295.0,CALL,5,1,2026-03-26T11:43:34.891,1,254.2,1,264.3,0.8811,-4.6884,154.7176,22.2225,0.0009,-0.8229,7.818,0.277,2026-03-26T11:43:51,,,,,,,,,,222,2026-03-26 11:43:45 EDT,6538.23,0.9627988002869279,-3.720119971307213,6540.0,259.25,10.100000000000023,3.8958534233365567,3,1765.3220999999999,46415.28,1406.52,264.33,0.0013,-1.1,-0.4
SPXW,2026-03-31,6295.0,PUT,5,-1,2026-03-26T11:43:50.931,39,13.7,40,13.9,-0.1241,-4.2885,159.5747,-58.8365,0.0009,-0.8094,7.8722,0.2836,2026-03-26T11:43:51,2026-03-26T11:07:47.399,15.27,15.8,12.01,12.66,114.0,16.0,2026-03-26T11:07:47.399,12.66,222,2026-03-26 11:43:45 EDT,6538.23,0.9627988002869279,-3.720119971307213,6540.0,13.8,0.20000000000000107,1.4492753623188481,966,-568433.7161999999,-15414916.020000001,414269.1,-11988.06,0.0001,0.2,0.0
SPXW,2026-03-31,6300.0,CALL,5,1,2026-03-26T11:43:50.16,2,252.3,2,258.7,0.8731,-4.9355,161.915,22.345,0.0009,-0.8203,7.8949,0.2808,2026-03-26T11:43:51,2026-03-24T15:55:43.438,281.51,281.51,281.51,281.51,2.0,1.0,2026-03-24T15:55:43.438,281.51,222,2026-03-26 11:43:45 EDT,6538.23,0.9635635332498246,-3.6436466750175445,6540.0,255.5,6.399999999999977,2.5048923679060575,678,398962.79459999996,10977837.0,334626.9,59196.18000000001,0.0015,-1.0,0.0
SPXW,2026-03-31,6300.0,PUT,5,-1,2026-03-26T11:43:50.931,47,14.2,52,14.5,-0.1287,-4.3895,163.6163,-58.447,0.0009,-0.815,7.9096,0.2832,2026-03-26T11:43:51,2026-03-26T11:33:42.231,17.21,19.9,11.58,14.1,1347.0,111.0,2026-03-26T11:33:42.231,14.1,222,2026-03-26 11:43:45 EDT,6538.23,0.9635635332498246,-3.6436466750175445,6540.0,14.35,0.3000000000000007,2.0905923344947785,8944,-5263013.6208,-146338418.72,3925968.8000000003,-115109.28000000001,0.0004,0.25,0.1
SPXW,2026-03-31,6305.0,CALL,5,1,2026-03-26T11:43:47.029,1,245.7,1,255.4,0.8713,-4.9176,163.5191,22.7392,0.0009,-0.8337,7.9091,0.277,2026-03-26T11:43:51,2026-03-24T09:33:17.176,276.17,276.17,276.17,276.17,6.0,1.0,2026-03-24T09:33:17.176,276.17,222,2026-03-26 11:43:45 EDT,6538.23,0.9643282662127213,-3.567173378727875,6540.0,250.55,9.700000000000017,3.871482737976458,6,3530.6441999999997,98111.46,2950.56,522.78,0.0028,-0.85,-0.5
SPXW,2026-03-31,6305.0,PUT,5,-1,2026-03-26T11:43:50.26,36,14.8,39,15.1,-0.1332,-4.4865,167.5966,-58.0947,0.0009,-0.8202,7.9395,0.2826,2026-03-26T11:43:51,2026-03-26T11:25:20.656,13.62,16.35,12.92,13.6,78.0,18.0,2026-03-26T11:25:20.656,13.6,222,2026-03-26 11:43:45 EDT,6538.23,0.9643282662127213,-3.567173378727875,6540.0,14.95,0.29999999999999893,2.0066889632106957,494,-290689.70579999994,-8279272.039999999,221633.1,-6580.080000000001,0.0003,0.25,0.1
SPXW,2026-03-31,6310.0,CALL,5,1,2026-03-26T11:43:34.883,1,241.1,1,251.1,0.8669,-5.0036,167.3563,23.0339,0.0009,-0.8399,7.938,0.2761,2026-03-26T11:43:51,,,,,,,,,,222,2026-03-26 11:43:45 EDT,6538.23,0.965092999175618,-3.490700082438207,6540.0,246.1,10.0,4.063388866314507,5,2942.2034999999996,83678.15000000001,2501.7999999999997,433.45000000000005,0.0017,-1.0,-0.4
SPXW,2026-03-31,6310.0,PUT,5,-1,2026-03-26T11:43:50.26,39,15.4,43,15.7,-0.1378,-4.5792,171.5162,-57.7788,0.001,-0.825,7.9622,0.282,2026-03-26T11:43:51,2026-03-26T11:30:37.265,11.8,18.12,11.8,15.0,318.0,55.0,2026-03-26T11:30:37.265,15.0,222,2026-03-26 11:43:45 EDT,6538.23,0.965092999175618,-3.490700082438207,6540.0,15.55,0.29999999999999893,1.9292604501607649,279,-182416.617,-4785301.98,127759.68000000001,-3844.6200000000003,0.0006,0.25,0.1
SPXW,2026-03-31,6315.0,CALL,5,1,2026-03-26T11:43:34.891,1,236.7,1,246.7,0.8623,-5.0969,171.3687,23.3266,0.001,-0.845,7.9615,0.2754,2026-03-26T11:43:51,2026-03-25T10:36:07.536,306.35,311.82,306.35,311.82,2.0,2.0,2026-03-25T10:36:07.536,311.82,222,2026-03-26 11:43:45 EDT,6538.23,0.9658577321385147,-3.414226786148538,6540.0,241.7,10.0,4.137360364087712,2,1307.646,34273.74,1019.38,172.45999999999998,0.0013,-1.05,-0.5
SPXW,2026-03-31,6315.0,PUT,5,-1,2026-03-26T11:43:50.203,26,16.1,32,16.3,-0.1424,-4.6678,175.3813,-57.4962,0.001,-0.8296,7.9778,0.2812,2026-03-26T11:43:51,2026-03-26T10:57:08.213,20.33,20.33,13.7,15.83,16.0,10.0,2026-03-26T10:57:08.213,15.83,222,2026-03-26 11:43:45 EDT,6538.23,0.9658577321385147,-3.414226786148538,6540.0,16.200000000000003,0.1999999999999993,1.2345679012345634,446,-291605.058,-7822005.98,208183.88,-6351.04,0.0003,0.3,0.0
SPXW,2026-03-31,6320.0,CALL,5,1,2026-03-26T11:43:34.889,1,232.4,1,242.3,0.8573,-5.1958,175.5201,23.6181,0.001,-0.849,7.9783,0.2749,2026-03-26T11:43:51,2026-03-23T13:34:44.113,303.0,303.0,303.0,303.0,3.0,2.0,2026-03-23T13:34:44.113,303.0,222,2026-03-26 11:43:45 EDT,6538.23,0.9666224651014113,-3.3377534898588697,6540.0,237.35000000000002,9.900000000000006,4.171055403412684,7,4576.7609999999995,122864.07000000002,3637.0600000000004,600.1099999999999,0.0018,-0.95,-0.3
SPXW,2026-03-31,6320.0,PUT,5,-1,2026-03-26T11:43:50.161,37,16.7,41,17.0,-0.1473,-4.7627,179.395,-57.1613,0.001,-0.833,7.9869,0.2805,2026-03-26T11:43:51,2026-03-26T11:24:23.91,12.7,21.23,12.7,15.47,399.0,37.0,2026-03-26T11:24:23.91,15.47,222,2026-03-26 11:43:45 EDT,6538.23,0.9666224651014113,-3.3377534898588697,6540.0,16.85,0.3000000000000007,1.7804154302670665,1052,-687821.796,-18872354.0,501036.04,-15495.96,0.0002,0.3,0.0
SPXW,2026-03-31,6325.0,CALL,5,1,2026-03-26T11:43:34.886,1,228.1,1,238.0,0.8521,-5.2996,179.7913,23.9085,0.001,-0.8518,7.9874,0.2745,2026-03-26T11:43:51,2026-03-24T09:33:17.176,259.37,259.37,259.37,259.37,12.0,1.0,2026-03-24T09:33:17.176,259.37,222,2026-03-26 11:43:45 EDT,6538.23,0.967387198064308,-3.2612801935692013,6540.0,233.05,9.900000000000006,4.248015447328902,60,39229.38,1078747.8,31797.6,5112.599999999999,0.0017,-0.95,-0.1
SPXW,2026-03-31,6325.0,PUT,5,-1,2026-03-26T11:43:50.585,32,17.4,32,17.6,-0.1522,-4.8528,183.3393,-56.8638,0.001,-0.836,7.9886,0.2798,2026-03-26T11:43:51,2026-03-26T11:36:26.039,19.7,19.78,14.3,16.75,185.0,42.0,2026-03-26T11:36:26.039,16.75,222,2026-03-26 11:43:45 EDT,6538.23,0.967387198064308,-3.2612801935692013,6540.0,17.5,0.20000000000000284,1.1428571428571592,1324,-865661.652,-24274123.32,642510.7200000001,-20151.28,-0.0001,0.3,0.0
SPXW,2026-03-31,6330.0,CALL,5,1,2026-03-26T11:43:47.872,1,223.7,1,233.7,0.8472,-5.3895,183.8039,24.2208,0.0011,-0.855,7.9886,0.2738,2026-03-26T11:43:51,2026-03-25T10:51:17.097,304.26,304.26,304.26,304.26,1.0,1.0,2026-03-25T10:51:17.097,304.26,222,2026-03-26 11:43:45 EDT,6538.23,0.9681519310272046,-3.1848068972795325,6540.0,228.7,10.0,4.3725404459991255,13,9349.668899999999,238945.06999999998,7006.35,1101.3600000000001,0.0009,-1.1,-0.2
SPXW,2026-03-31,6330.0,PUT,5,-1,2026-03-26T11:43:50.585,30,18.1,33,18.3,-0.1573,-4.9483,187.4063,-56.5213,0.0011,-0.8379,7.9827,0.2792,2026-03-26T11:43:51,2026-03-26T11:36:26.039,16.25,24.2,14.76,17.4,59.0,29.0,2026-03-26T11:36:26.039,17.4,222,2026-03-26 11:43:45 EDT,6538.23,0.9681519310272046,-3.1848068972795325,6540.0,18.200000000000003,0.1999999999999993,1.0989010989010948,1145,-823490.0685,-21458021.349999998,566580.35,-18010.85,0.0002,0.3,0.0
SPXW,2026-03-31,6335.0,CALL,5,1,2026-03-26T11:43:30.459,1,220.0,1,229.4,0.8406,-5.5403,189.0049,24.4597,0.0011,-0.8517,7.9781,0.2747,2026-03-26T11:43:51,,,,,,,,,,222,2026-03-26 11:43:45 EDT,6538.23,0.9689166639901013,-3.1083336009898637,6540.0,224.7,9.400000000000006,4.183355585224747,0,0.0,0.0,0.0,0.0,0.0026,-0.75,-0.5
SPXW,2026-03-31,6335.0,PUT,5,-1,2026-03-26T11:43:50.931,35,18.8,42,19.1,-0.1627,-5.0478,191.5669,-56.1435,0.0011,-0.8386,7.9685,0.2787,2026-03-26T11:43:51,2026-03-26T11:14:30.887,20.8,20.8,16.0,16.6,97.0,18.0,2026-03-26T11:14:30.887,16.6,222,2026-03-26 11:43:45 EDT,6538.23,0.9689166639901013,-3.1083336009898637,6540.0,18.950000000000003,0.3000000000000007,1.5831134564643836,171,-122984.10630000001,-3275793.99,86317.37999999999,-2782.1700000000005,0.0001,0.35,0.1
SPXW,2026-03-31,6340.0,CALL,5,1,2026-03-26T11:43:22.477,1,215.8,1,225.2,0.8349,-5.6474,193.3674,24.757,0.0011,-0.8513,7.9595,0.2744,2026-03-26T11:43:51,2026-03-24T12:44:41.984,266.15,266.15,266.15,266.15,25.0,4.0,2026-03-24T12:44:41.984,266.15,222,2026-03-26 11:43:45 EDT,6538.23,0.969681396952998,-3.0318603047001953,6540.0,220.5,9.399999999999977,4.263038548752824,27,19418.5431,522091.98,15247.980000000001,2254.23,0.0028,-0.7,-0.6
SPXW,2026-03-31,6340.0,PUT,5,-1,2026-03-26T11:43:50.931,24,19.6,31,19.8,-0.1681,-5.1428,195.6588,-55.7985,0.0011,-0.8388,7.9463,0.2781,2026-03-26T11:43:51,2026-03-26T11:32:02.27,17.5,25.9,16.04,19.73,57.0,30.0,2026-03-26T11:32:02.27,19.73,222,2026-03-26 11:43:45 EDT,6538.23,0.969681396952998,-3.0318603047001953,6540.0,19.700000000000003,0.1999999999999993,1.0152284263959355,580,-417139.07399999996,-11348210.4,298282.4,-9749.800000000001,0.0003,0.3,0.0
SPXW,2026-03-31,6345.0,CALL,5,1,2026-03-26T11:43:47.952,1,211.0,1,221.0,0.8305,-5.6957,196.6628,25.14,0.0011,-0.856,7.9398,0.2725,2026-03-26T11:43:51,2026-03-24T09:33:17.176,242.92,242.92,242.92,242.92,6.0,1.0,2026-03-24T09:33:17.176,242.92,222,2026-03-26 11:43:45 EDT,6538.23,0.9704461299158947,-2.955387008410527,6540.0,216.0,10.0,4.62962962962963,8,5753.6424,157330.24,4556.56,664.4,0.0009,-1.05,-0.3
SPXW,2026-03-31,6345.0,PUT,5,-1,2026-03-26T11:43:50.931,8,20.4,30,20.6,-0.1737,-5.2418,199.8329,-55.4188,0.0011,-0.8377,7.915,0.2776,2026-03-26T11:43:51,2026-03-26T11:34:59.13,22.9,23.5,17.45,20.1,54.0,21.0,2026-03-26T11:34:59.13,20.1,222,2026-03-26 11:43:45 EDT,6538.23,0.9704461299158947,-2.955387008410527,6540.0,20.5,0.20000000000000284,0.9756097560975748,225,-161821.1925,-4496240.25,117940.5,-3908.2499999999995,0.0003,0.35,-0.1
SPXW,2026-03-31,6350.0,CALL,5,1,2026-03-26T11:43:49.263,3,210.4,3,215.3,0.8204,-5.9755,204.0475,25.201,0.0012,-0.8355,7.8743,0.2771,2026-03-26T11:43:51,2026-03-25T11:26:17.482,268.57,268.57,268.57,268.57,2.0,1.0,2026-03-25T11:26:17.482,268.57,222,2026-03-26 11:43:45 EDT,6538.23,0.9712108628787914,-2.878913712120858,6540.0,212.85000000000002,4.900000000000006,2.3020906741836997,577,452707.0451999999,11773540.75,344786.35,47337.08,0.0055,-0.1,-0.2
SPXW,2026-03-31,6350.0,PUT,5,-1,2026-03-26T11:43:50.931,38,21.1,32,21.4,-0.1794,-5.3354,203.9245,-55.0755,0.0012,-0.8362,7.8756,0.2769,2026-03-26T11:43:51,2026-03-26T11:43:29.056,20.85,27.62,16.8,21.25,403.0,76.0,2026-03-26T11:43:29.056,21.25,222,2026-03-26 11:43:45 EDT,6538.23,0.9712108628787914,-2.878913712120858,6540.0,21.25,0.29999999999999716,1.4117647058823397,3956,-3103828.5455999994,-80672532.19999999,2110684.24,-70970.64,0.0001,0.35,0.1
SPXW,2026-03-31,6355.0,CALL,5,1,2026-03-26T11:43:46.946,3,203.3,1,213.0,0.8167,-5.9794,206.6377,25.6553,0.0012,-0.8429,7.8447,0.274,2026-03-26T11:43:51,2026-03-25T14:15:55.803,270.16,270.16,270.16,270.16,1.0,1.0,2026-03-25T14:15:55.803,270.16,222,2026-03-26 11:43:45 EDT,6538.23,0.9719755958416881,-2.8024404158311893,6540.0,208.15,9.699999999999989,4.6601008887821225,1,784.5875999999998,20663.77,597.94,81.67,0.0033,-0.55,-0.5
SPXW,2026-03-31,6355.0,PUT,5,-1,2026-03-26T11:43:50.18,25,22.0,20,22.2,-0.1853,-5.4324,208.0822,-54.7002,0.0012,-0.8334,7.8265,0.2764,2026-03-26T11:43:51,2026-03-26T11:32:20.346,25.3,25.3,17.9,21.97,41.0,19.0,2026-03-26T11:32:20.346,21.97,222,2026-03-26 11:43:45 EDT,6538.23,0.9719755958416881,-2.8024404158311893,6540.0,22.1,0.1999999999999993,0.9049773755656076,149,-116903.55239999999,-3100424.7800000003,80942.76000000001,-2760.97,0.0003,0.3,0.0
SPXW,2026-03-31,6360.0,CALL,5,1,2026-03-26T11:43:30.394,1,199.1,1,208.5,0.8116,-6.0395,210.2269,26.0375,0.0012,-0.8435,7.7974,0.2724,2026-03-26T11:43:51,2026-03-24T09:46:53.655,226.64,226.64,226.64,226.64,1.0,1.0,2026-03-24T09:46:53.655,226.64,222,2026-03-26 11:43:45 EDT,6538.23,0.9727403288045848,-2.725967119541521,6540.0,203.8,9.400000000000006,4.61236506378803,4,3138.3503999999994,84090.76,2415.8,324.64,0.0027,-0.65,-0.5
SPXW,2026-03-31,6360.0,PUT,5,-1,2026-03-26T11:43:51.052,7,22.9,28,23.1,-0.1912,-5.5238,212.1537,-54.3604,0.0012,-0.8301,7.7693,0.2758,2026-03-26T11:43:51,2026-03-26T11:43:23.095,29.58,29.58,18.9,22.89,95.0,19.0,2026-03-26T11:43:23.095,22.89,222,2026-03-26 11:43:45 EDT,6538.23,0.9727403288045848,-2.725967119541521,6540.0,23.0,0.20000000000000284,0.8695652173913166,378,-296574.11279999994,-8019409.859999999,208799.64,-7227.360000000001,0.0001,0.4,0.0
SPXW,2026-03-31,6365.0,CALL,5,1,2026-03-26T11:43:30.394,1,195.0,1,204.4,0.8054,-6.1363,214.4335,26.3695,0.0013,-0.839,7.733,0.2719,2026-03-26T11:43:51,2026-03-25T10:36:07.536,262.65,267.54,262.65,267.54,4.0,2.0,2026-03-25T10:36:07.536,267.54,222,2026-03-26 11:43:45 EDT,6538.23,0.9735050617674815,-2.649493823251852,6540.0,199.7,9.400000000000006,4.707060590886333,6,5099.819399999999,128660.1,3681.7800000000007,483.24,0.003,-0.55,-0.3
SPXW,2026-03-31,6365.0,PUT,5,-1,2026-03-26T11:43:50.931,28,23.7,28,24.0,-0.1973,-5.6182,216.275,-53.9912,0.0012,-0.8255,7.7018,0.2752,2026-03-26T11:43:51,2026-03-26T11:30:01.233,26.5,26.9,19.62,22.9,16.0,12.0,2026-03-26T11:30:01.233,22.9,222,2026-03-26 11:43:45 EDT,6538.23,0.9735050617674815,-2.649493823251852,6540.0,23.85,0.3000000000000007,1.2578616352201286,225,-176532.20999999996,-4866187.5,126409.5,-4439.25,0.0002,0.35,0.1
SPXW,2026-03-31,6370.0,CALL,5,1,2026-03-26T11:43:34.886,1,190.5,1,200.3,0.7999,-6.1957,218.05,26.7671,0.0013,-0.8379,7.6696,0.2704,2026-03-26T11:43:51,2026-03-20T15:29:49.581,222.85,222.85,200.91,200.91,12.0,4.0,2026-03-20T15:29:49.581,200.91,222,2026-03-26 11:43:45 EDT,6538.23,0.9742697947303781,-2.5730205269621833,6540.0,195.4,9.800000000000011,5.015353121801438,14,11899.578599999999,305270.0,8673.98,1119.8600000000001,0.0016,-0.85,-0.1
SPXW,2026-03-31,6370.0,PUT,5,-1,2026-03-26T11:43:51.068,22,24.7,28,24.9,-0.2035,-5.7068,220.3065,-53.6567,0.0013,-0.8204,7.6262,0.2746,2026-03-26T11:43:51,2026-03-26T11:43:29.056,27.6,27.6,19.9,24.75,66.0,18.0,2026-03-26T11:43:29.056,24.75,222,2026-03-26 11:43:45 EDT,6538.23,0.9742697947303781,-2.5730205269621833,6540.0,24.799999999999997,0.1999999999999993,0.806451612903223,293,-249041.18069999994,-6454980.45,167209.24,-5962.549999999999,0.0,0.4,0.0
SPXW,2026-03-31,6375.0,CALL,5,1,2026-03-26T11:43:39.62,3,187.3,3,196.2,0.792,-6.3523,223.1705,27.0054,0.0013,-0.8238,7.5665,0.2716,2026-03-26T11:43:51,2026-03-23T13:52:55.355,259.69,259.69,259.69,259.69,1.0,1.0,2026-03-23T13:52:55.355,259.69,222,2026-03-26 11:43:45 EDT,6538.23,0.9750345276932748,-2.496547230672515,6540.0,191.75,8.899999999999977,4.641460234680562,69,58647.9231,1539876.4500000002,43830.869999999995,5464.8,0.0048,-0.05,-0.1
SPXW,2026-03-31,6375.0,PUT,5,-1,2026-03-26T11:43:50.203,36,25.6,33,25.9,-0.21,-5.8055,224.4848,-53.2381,0.0013,-0.8129,7.5374,0.2742,2026-03-26T11:43:51,2026-03-26T11:18:44.308,28.6,29.3,21.12,24.78,109.0,30.0,2026-03-26T11:18:44.308,24.78,222,2026-03-26 11:43:45 EDT,6538.23,0.9750345276932748,-2.496547230672515,6540.0,25.75,0.29999999999999716,1.1650485436893092,8861,-7531583.283899999,-198915981.28,5144253.550000001,-186081.0,0.0004,0.4,-0.0
SPXW,2026-03-31,6380.0,CALL,5,1,2026-03-26T11:43:49.324,4,185.8,4,191.9,0.7814,-6.613,229.6753,27.0563,0.0013,-0.7953,7.4114,0.276,2026-03-26T11:43:51,2026-03-23T02:01:45.763,182.01,182.01,180.24,180.24,2.0,2.0,2026-03-23T02:01:45.763,180.24,222,2026-03-26 11:43:45 EDT,6538.23,0.9757992606561715,-2.4200739343828466,6540.0,188.85000000000002,6.099999999999994,3.230076780513632,5,4249.8495,114837.64999999998,3306.5000000000005,390.7,0.0042,-0.15,-0.3
SPXW,2026-03-31,6380.0,PUT,5,-1,2026-03-26T11:43:50.178,27,26.6,30,26.9,-0.2164,-5.8902,228.449,-52.9129,0.0013,-0.806,7.4429,0.2735,2026-03-26T11:43:51,2026-03-26T11:39:55.518,24.3,27.35,23.19,25.8,28.0,12.0,2026-03-26T11:39:55.518,25.8,222,2026-03-26 11:43:45 EDT,6538.23,0.9757992606561715,-2.4200739343828466,6540.0,26.75,0.29999999999999716,1.121495327102793,375,-318738.71249999997,-8566837.5,220882.49999999997,-8115.000000000001,0.0002,0.4,-0.0
SPXW,2026-03-31,6385.0,CALL,5,1,2026-03-26T11:43:39.62,3,181.6,4,187.8,0.7754,-6.6756,233.2834,27.4504,0.0014,-0.7897,7.3134,0.2747,2026-03-26T11:43:51,,,,,,,,,,222,2026-03-26 11:43:45 EDT,6538.23,0.9765639936190682,-2.3436006380931778,6540.0,184.7,6.200000000000017,3.3567948023822507,0,0.0,0.0,0.0,0.0,0.005,0.0,0.0
SPXW,2026-03-31,6385.0,PUT,5,-1,2026-03-26T11:43:50.18,26,27.6,25,27.9,-0.223,-5.9765,232.4276,-52.5648,0.0014,-0.7976,7.3376,0.2728,2026-03-26T11:43:51,2026-03-26T11:30:01.233,30.4,30.8,23.8,26.7,44.0,14.0,2026-03-26T11:30:01.233,26.7,222,2026-03-26 11:43:45 EDT,6538.23,0.9765639936190682,-2.3436006380931778,6540.0,27.75,0.29999999999999716,1.081081081081071,262,-239822.2764,-6089603.12,156584.3,-5842.6,0.0001,0.4,-0.0
SPXW,2026-03-31,6390.0,CALL,5,1,2026-03-26T11:43:48.037,4,177.9,4,183.8,0.7683,-6.7762,237.3984,27.7786,0.0014,-0.7781,7.1903,0.2745,2026-03-26T11:43:51,,,,,,,,,,222,2026-03-26 11:43:45 EDT,6538.23,0.9773287265819649,-2.267127341803509,6540.0,180.85000000000002,5.900000000000006,3.262372131600777,32,29291.270399999998,759674.88,21683.84,2458.56,0.0047,0.0,0.0
SPXW,2026-03-31,6390.0,PUT,5,-1,2026-03-26T11:43:51.052,36,28.6,29,28.9,-0.2299,-6.0642,236.4106,-52.1943,0.0014,-0.7877,7.221,0.2723,2026-03-26T11:43:51,2026-03-26T11:39:55.518,31.3,32.5,25.3,27.8,47.0,25.0,2026-03-26T11:39:55.518,27.8,222,2026-03-26 11:43:45 EDT,6538.23,0.9773287265819649,-2.267127341803509,6540.0,28.75,0.29999999999999716,1.0434782608695554,8440,-7725572.568,-199530546.4,5118184.8,-194035.6,0.0003,0.4,-0.0
SPXW,2026-03-31,6395.0,CALL,5,1,2026-03-26T11:43:49.268,4,174.3,4,179.9,0.7609,-6.8842,241.5663,28.0929,0.0014,-0.7643,7.0527,0.2746,2026-03-26T11:43:51,,,,,,,,,,222,2026-03-26 11:43:45 EDT,6538.23,0.9780934595448616,-2.1906540455138406,6540.0,177.10000000000002,5.599999999999994,3.162055335968376,1,915.3521999999999,24156.63,688.42,76.09,0.0048,0.05,0.1
SPXW,2026-03-31,6395.0,PUT,5,-1,2026-03-26T11:43:51.052,29,29.7,34,30.0,-0.2369,-6.1526,240.3811,-51.806,0.0014,-0.7765,7.0933,0.2718,2026-03-26T11:43:51,2026-03-26T11:30:45.235,32.4,33.34,25.2,29.21,50.0,20.0,2026-03-26T11:30:45.235,29.21,222,2026-03-26 11:43:45 EDT,6538.23,0.9780934595448616,-2.1906540455138406,6540.0,29.85,0.3000000000000007,1.005025125628143,1145,-1048078.269,-27523635.950000003,704472.7,-27125.05,0.0002,0.45,0.1
SPXW,2026-03-31,6400.0,CALL,5,1,2026-03-26T11:43:49.648,4,170.7,9,175.2,0.7547,-6.9298,244.9385,28.5329,0.0014,-0.7572,6.9316,0.2729,2026-03-26T11:43:51,2026-03-25T14:40:52.271,235.92,235.92,226.05,226.05,12.0,4.0,2026-03-25T14:40:52.271,226.05,222,2026-03-26 11:43:45 EDT,6538.23,0.9788581925077583,-2.1141807492241718,6540.0,172.95,4.5,2.6019080659150045,539,493374.8357999999,13202185.149999999,373516.22000000003,40678.33,0.0047,0.05,0.1
SPXW,2026-03-31,6400.0,PUT,5,-1,2026-03-26T11:43:51.052,37,30.8,37,31.1,-0.2439,-6.2343,244.2412,-51.4526,0.0014,-0.7648,6.9574,0.2712,2026-03-26T11:43:51,2026-03-26T11:38:16.623,26.87,37.84,23.46,30.1,1239.0,127.0,2026-03-26T11:38:16.623,30.1,222,2026-03-26 11:43:45 EDT,6538.23,0.9788581925077583,-2.1141807492241718,6540.0,30.950000000000003,0.3000000000000007,0.9693053311793237,13565,-12416752.592999998,-331313187.8,8456827.950000001,-330850.35000000003,0.0002,0.45,0.1
SPXW,2026-03-31,6405.0,CALL,5,1,2026-03-26T11:43:47.954,4,166.2,4,172.2,0.7472,-7.0245,248.8831,28.8765,0.0015,-0.7423,6.7776,0.2727,2026-03-26T11:43:51,2026-03-20T09:38:23.367,223.14,223.14,223.14,223.14,4.0,1.0,2026-03-20T09:38:23.367,223.14,222,2026-03-26 11:43:45 EDT,6538.23,0.979622925470655,-2.037707452934503,6540.0,169.2,6.0,3.546099290780142,5,4903.6725,124441.55,3512.25,373.59999999999997,0.0043,-0.05,-0.1
SPXW,2026-03-31,6405.0,PUT,5,-1,2026-03-26T11:43:50.249,25,31.9,13,32.2,-0.2511,-6.3164,248.0779,-51.0814,0.0015,-0.7516,6.8102,0.2706,2026-03-26T11:43:51,2026-03-26T11:22:35.325,34.02,34.02,29.9,29.92,29.0,15.0,2026-03-26T11:22:35.325,29.92,222,2026-03-26 11:43:45 EDT,6538.23,0.979622925470655,-2.037707452934503,6540.0,32.05,0.30000000000000426,0.9360374414976733,114,-111803.73300000001,-2828088.06,72006.95999999999,-2862.54,0.0003,0.4,0.0
SPXW,2026-03-31,6410.0,CALL,5,1,2026-03-26T11:43:48.544,4,162.5,4,168.4,0.7397,-7.1121,252.6991,29.2349,0.0015,-0.727,6.6156,0.2723,2026-03-26T11:43:51,2026-03-20T09:38:23.367,219.21,219.21,219.21,219.21,4.0,1.0,2026-03-20T09:38:23.367,219.21,222,2026-03-26 11:43:45 EDT,6538.23,0.9803876584335517,-1.9612341566448346,6540.0,165.45,5.900000000000006,3.5660320338470872,46,45113.787000000004,1162415.8599999999,32715.659999999996,3402.6200000000003,0.0042,0.0,0.0
SPXW,2026-03-31,6410.0,PUT,5,-1,2026-03-26T11:43:50.585,25,33.1,22,33.4,-0.2584,-6.3919,251.8048,-50.7422,0.0015,-0.7379,6.6548,0.2699,2026-03-26T11:43:51,2026-03-26T11:00:36.155,36.8,36.8,27.2,31.5,34.0,18.0,2026-03-26T11:00:36.155,31.5,222,2026-03-26 11:43:45 EDT,6538.23,0.9803876584335517,-1.9612341566448346,6540.0,33.25,0.29999999999999716,0.9022556390977358,541,-530577.3644999999,-13622639.68,345801.79,-13979.439999999999,0.0003,0.45,0.1
SPXW,2026-03-31,6415.0,CALL,5,1,2026-03-26T11:43:47.935,4,158.7,4,164.6,0.7324,-7.186,256.3238,29.624,0.0015,-0.7121,6.4488,0.2716,2026-03-26T11:43:51,2026-03-25T10:36:07.536,220.85,225.11,220.85,225.11,2.0,2.0,2026-03-25T10:36:07.536,225.11,222,2026-03-26 11:43:45 EDT,6538.23,0.9811523913964484,-1.8847608603551662,6540.0,161.64999999999998,5.900000000000006,3.649860810392828,3,2942.2035,76897.14,2155.8,219.72,0.004,-0.05,-0.1
SPXW,2026-03-31,6415.0,PUT,5,-1,2026-03-26T11:43:50.585,30,34.3,28,34.6,-0.2658,-6.4673,255.4943,-50.387,0.0015,-0.7227,6.4882,0.2693,2026-03-26T11:43:51,2026-03-26T11:39:16.821,37.24,38.8,28.62,33.4,162.0,49.0,2026-03-26T11:39:16.821,33.4,222,2026-03-26 11:43:45 EDT,6538.23,0.9811523913964484,-1.8847608603551662,6540.0,34.45,0.30000000000000426,0.8708272859216378,296,-290297.412,-7562631.28,191432.08,-7867.68,0.0003,0.45,0.1
SPXW,2026-03-31,6420.0,CALL,5,1,2026-03-26T11:43:48.544,4,154.5,4,160.7,0.7256,-7.2212,259.5249,30.1057,0.0015,-0.7009,6.2904,0.2698,2026-03-26T11:43:51,2026-03-25T09:57:37.384,219.36,219.36,212.05,212.05,12.0,3.0,2026-03-25T09:57:37.384,212.05,222,2026-03-26 11:43:45 EDT,6538.23,0.981917124359345,-1.8082875640654976,6540.0,157.6,6.199999999999989,3.934010152284257,17,16672.4865,441192.33,12276.039999999999,1233.52,0.0041,0.0,0.0
SPXW,2026-03-31,6420.0,PUT,5,-1,2026-03-26T11:43:50.202,13,35.6,12,35.8,-0.2734,-6.5422,259.1344,-50.0181,0.0015,-0.7062,6.3103,0.2687,2026-03-26T11:43:51,2026-03-26T11:26:00.304,38.17,38.17,29.3,34.05,162.0,54.0,2026-03-26T11:26:00.304,34.05,222,2026-03-26 11:43:45 EDT,6538.23,0.981917124359345,-1.8082875640654976,6540.0,35.7,0.19999999999999574,0.5602240896358424,406,-398178.207,-10520856.64,265613.32,-11100.039999999999,0.0002,0.5,0.0
SPXW,2026-03-31,6425.0,CALL,5,1,2026-03-26T11:43:50.259,4,150.5,4,157.3,0.7179,-7.2947,263.0716,30.5006,0.0016,-0.6831,6.1016,0.2693,2026-03-26T11:43:51,2026-03-26T07:27:01.012,161.31,161.31,161.31,161.31,1.0,1.0,2026-03-26T07:27:01.012,161.31,222,2026-03-26 11:43:45 EDT,6538.23,0.9826818573222417,-1.7318142677758288,6540.0,153.9,6.800000000000011,4.4184535412605666,111,116118.9648,2920094.76,80971.17,7968.69,0.0039,-0.05,-0.1
SPXW,2026-03-31,6425.0,PUT,5,-1,2026-03-26T11:43:50.397,34,36.8,12,37.1,-0.2812,-6.6164,262.7157,-49.636,0.0016,-0.6882,6.1212,0.2681,2026-03-26T11:43:51,2026-03-26T11:29:12.792,28.02,41.28,27.99,34.64,307.0,46.0,2026-03-26T11:29:12.792,34.64,222,2026-03-26 11:43:45 EDT,6538.23,0.9826818573222417,-1.7318142677758288,6540.0,36.95,0.30000000000000426,0.8119079837618517,2993,-3131027.5824,-78630809.01,1980288.52,-84163.16,0.0003,0.45,0.1
SPXW,2026-03-31,6430.0,CALL,5,1,2026-03-26T11:43:48.544,4,146.6,4,153.6,0.7104,-7.3485,266.3888,30.9449,0.0016,-0.6664,5.9115,0.2682,2026-03-26T11:43:51,,,,,,,,,,222,2026-03-26 11:43:45 EDT,6538.23,0.9834465902851384,-1.6553409714861602,6540.0,150.1,7.0,4.663557628247835,7,7322.817599999999,186472.16,5143.95,497.28000000000003,0.003,-0.2,-0.4
SPXW,2026-03-31,6430.0,PUT,5,-1,2026-03-26T11:43:50.249,31,38.1,12,38.4,-0.289,-6.6832,266.1717,-49.2864,0.0016,-0.6697,5.9243,0.2675,2026-03-26T11:43:51,2026-03-26T11:17:38.134,34.7,42.45,33.0,36.7,59.0,26.0,2026-03-26T11:17:38.134,36.7,222,2026-03-26 11:43:45 EDT,6538.23,0.9834465902851384,-1.6553409714861602,6540.0,38.25,0.29999999999999716,0.7843137254901886,494,-516781.69920000003,-13148881.98,330150.08,-14276.599999999999,0.0003,0.45,0.1
SPXW,2026-03-31,6435.0,CALL,5,1,2026-03-26T11:43:47.989,4,143.6,4,149.7,0.7019,-7.438,269.952,31.2966,0.0016,-0.6434,5.6912,0.2683,2026-03-26T11:43:51,2026-03-26T09:43:03.545,152.13,152.13,152.13,152.13,1.0,1.0,2026-03-26T09:43:03.545,152.13,222,2026-03-26 11:43:45 EDT,6538.23,0.9842113232480351,-1.5788676751964916,6540.0,146.64999999999998,6.099999999999994,4.15956358677122,17,17783.9856,458918.4,12644.6,1193.23,0.0037,-0.05,-0.1
SPXW,2026-03-31,6435.0,PUT,5,-1,2026-03-26T11:43:50.585,20,39.5,16,39.8,-0.2969,-6.7426,269.5052,-48.9681,0.0016,-0.6507,5.7197,0.2666,2026-03-26T11:43:51,2026-03-26T11:37:07.562,42.5,43.35,32.6,39.25,36.0,13.0,2026-03-26T11:37:07.562,39.25,222,2026-03-26 11:43:45 EDT,6538.23,0.9842113232480351,-1.5788676751964916,6540.0,39.65,0.29999999999999716,0.7566204287515692,195,-203992.77599999998,-5255351.4,131480.7,-5789.55,0.0,0.55,0.1
SPXW,2026-03-31,6440.0,CALL,5,1,2026-03-26T11:43:47.989,4,139.8,4,146.1,0.6941,-7.4897,273.1297,31.7468,0.0016,-0.624,5.4793,0.2673,2026-03-26T11:43:51,2026-03-26T09:43:03.545,149.3,149.3,149.3,149.3,1.0,1.0,2026-03-26T09:43:03.545,149.3,222,2026-03-26 11:43:45 EDT,6538.23,0.9849760562109318,-1.5023943789068228,6540.0,142.95,6.299999999999983,4.407135362014679,30,31383.504,819389.1,22469.1,2082.3,0.0036,-0.05,-0.1
SPXW,2026-03-31,6440.0,PUT,5,-1,2026-03-26T11:43:50.19,17,40.9,12,41.1,-0.3051,-6.8069,272.814,-48.5951,0.0016,-0.6294,5.501,0.266,2026-03-26T11:43:51,2026-03-26T11:30:45.235,43.04,44.1,34.24,40.37,77.0,32.0,2026-03-26T11:30:45.235,40.37,222,2026-03-26 11:43:45 EDT,6538.23,0.9849760562109318,-1.5023943789068228,6540.0,41.0,0.20000000000000284,0.4878048780487874,694,-726005.0592,-18933291.6,472398.86,-21173.94,0.0003,0.5,0.0
SPXW,2026-03-31,6445.0,CALL,5,1,2026-03-26T11:43:50.801,5,138.5,5,138.8,0.6877,-7.4527,275.6058,32.4538,0.0017,-0.6146,5.3029,0.2637,2026-03-26T11:43:51,2026-03-25T11:26:17.482,189.39,189.39,189.39,189.39,1.0,1.0,2026-03-25T11:26:17.482,189.39,222,2026-03-26 11:43:45 EDT,6538.23,0.9857407891738285,-1.4259210826171544,6540.0,138.65,0.30000000000001137,0.21637216011540666,13,14449.488299999999,358287.54,9688.51,894.0099999999999,-0.0002,-1.15,-0.1
SPXW,2026-03-31,6445.0,PUT,5,-1,2026-03-26T11:43:50.585,20,42.3,16,42.6,-0.3132,-6.8635,275.9904,-48.2532,0.0017,-0.6076,5.2747,0.2653,2026-03-26T11:43:51,2026-03-26T11:36:14.273,45.0,45.7,35.2,41.47,42.0,22.0,2026-03-26T11:36:14.273,41.47,222,2026-03-26 11:43:45 EDT,6538.23,0.9857407891738285,-1.4259210826171544,6540.0,42.45,0.30000000000000426,0.7067137809187379,204,-226745.81639999995,-5630204.16,140015.4,-6389.28,0.0,0.55,0.1
SPXW,2026-03-31,6450.0,CALL,5,1,2026-03-26T11:43:50.201,5,134.9,5,135.3,0.6794,-7.5026,278.6853,32.9188,0.0017,-0.592,5.0688,0.2628,2026-03-26T11:43:51,2026-03-26T10:54:24.366,147.55,156.99,136.0,137.67,6.0,5.0,2026-03-26T10:54:24.366,137.67,222,2026-03-26 11:43:45 EDT,6538.23,0.9865055221367252,-1.3494477863274856,6540.0,135.10000000000002,0.4000000000000057,0.296076980014808,138,153386.87579999998,3845857.14,103535.88,9375.72,-0.0007,-1.1,0.0
SPXW,2026-03-31,6450.0,PUT,5,-1,2026-03-26T11:43:50.249,32,43.7,11,44.0,-0.3217,-6.9238,279.112,-47.8634,0.0017,-0.5837,5.0351,0.2648,2026-03-26T11:43:51,2026-03-26T11:34:00.539,31.6,51.7,31.6,44.25,361.0,114.0,2026-03-26T11:34:00.539,44.25,222,2026-03-26 11:43:45 EDT,6538.23,0.9865055221367252,-1.3494477863274856,6540.0,43.85,0.29999999999999716,0.6841505131128783,6922,-7693796.770199998,-193201326.4,4792654.359999999,-222680.73999999996,0.0003,0.5,0.0
SPXW,2026-03-31,6455.0,CALL,5,1,2026-03-26T11:43:50.2,6,131.4,6,131.8,0.6709,-7.5565,281.707,33.3702,0.0017,-0.5673,4.821,0.2621,2026-03-26T11:43:51,2026-03-26T10:54:24.366,134.17,134.17,134.17,134.17,1.0,1.0,2026-03-26T10:54:24.366,134.17,222,2026-03-26 11:43:45 EDT,6538.23,0.9872702550996219,-1.272974490037817,6540.0,131.60000000000002,0.4000000000000057,0.3039513677811593,24,26675.978399999996,676096.7999999999,18135.6,1610.16,-0.0008,-1.1,0.0
SPXW,2026-03-31,6455.0,PUT,5,-1,2026-03-26T11:43:50.249,19,45.2,11,45.5,-0.3302,-6.9763,282.0921,-47.5043,0.0017,-0.5592,4.7882,0.2641,2026-03-26T11:43:51,2026-03-26T11:36:14.273,47.7,47.7,39.57,44.37,11.0,9.0,2026-03-26T11:36:14.273,44.37,222,2026-03-26 11:43:45 EDT,6538.23,0.9872702550996219,-1.272974490037817,6540.0,45.35,0.29999999999999716,0.6615214994487257,363,-403474.17329999997,-10239943.23,253239.69000000003,-11986.26,0.0002,0.5,0.0
SPXW,2026-03-31,6460.0,CALL,5,1,2026-03-26T11:43:51.042,7,128.0,5,128.3,0.6622,-7.6078,284.6174,33.8262,0.0017,-0.5412,4.5632,0.2615,2026-03-26T11:43:51,2026-03-26T09:54:28.261,129.6,152.3,129.6,152.3,10.0,3.0,2026-03-26T09:54:28.261,152.3,222,2026-03-26 11:43:45 EDT,6538.23,0.9880349880625185,-1.1965011937481485,6540.0,128.15,0.30000000000001137,0.23410066328522153,89,98923.4199,2533094.8599999994,67709.42,5893.58,-0.0004,-1.05,-0.1
SPXW,2026-03-31,6460.0,PUT,5,-1,2026-03-26T11:43:50.585,23,46.8,21,47.1,-0.3388,-7.0264,284.9636,-47.1369,0.0017,-0.5335,4.5313,0.2635,2026-03-26T11:43:51,2026-03-26T10:41:48.243,36.11,54.75,36.11,41.28,84.0,21.0,2026-03-26T10:41:48.243,41.28,222,2026-03-26 11:43:45 EDT,6538.23,0.9880349880625185,-1.1965011937481485,6540.0,46.95,0.30000000000000426,0.6389776357827567,1268,-1409380.8587999998,-36133384.48,890947.5199999999,-42959.84,0.0002,0.65,0.1
SPXW,2026-03-31,6465.0,CALL,5,1,2026-03-26T11:43:50.69,5,124.6,7,124.9,0.6533,-7.6617,287.436,34.2684,0.0018,-0.5133,4.2929,0.2611,2026-03-26T11:43:51,2026-03-25T09:39:52.536,198.16,198.16,198.16,198.16,2.0,1.0,2026-03-25T09:39:52.536,198.16,222,2026-03-26 11:43:45 EDT,6538.23,0.9887997210254152,-1.1200278974584799,6540.0,124.75,0.30000000000001137,0.2404809619238568,16,18830.1024,459897.6,12258.72,1045.28,-0.0004,-1.05,-0.1
SPXW,2026-03-31,6465.0,PUT,5,-1,2026-03-26T11:43:50.694,27,48.3,10,48.6,-0.3475,-7.0684,287.6904,-46.7997,0.0018,-0.5071,4.2675,0.2627,2026-03-26T11:43:51,2026-03-26T11:19:11.026,41.65,47.6,41.56,46.45,194.0,24.0,2026-03-26T11:19:11.026,46.45,222,2026-03-26 11:43:45 EDT,6538.23,0.9887997210254152,-1.1200278974584799,6540.0,48.45,0.30000000000000426,0.6191950464396373,250,-294220.35000000003,-7192260.000000001,176710.0,-8687.5,0.0001,0.55,0.1
SPXW,2026-03-31,6470.0,CALL,5,1,2026-03-26T11:43:50.18,5,121.2,7,121.5,0.6444,-7.7021,290.074,34.7511,0.0018,-0.4854,4.0185,0.2603,2026-03-26T11:43:51,2026-03-26T11:16:40.954,123.9,127.02,123.9,126.5,6.0,4.0,2026-03-26T11:16:40.954,126.5,222,2026-03-26 11:43:45 EDT,6538.23,0.9895644539883119,-1.0435546011688113,6540.0,121.35,0.29999999999999716,0.2472187886279334,97,114157.49579999999,2813717.8,74710.37,6250.68,-0.0005,-1.05,-0.1
SPXW,2026-03-31,6470.0,PUT,5,-1,2026-03-26T11:43:50.19,14,50.0,13,50.3,-0.3563,-7.1076,290.2985,-46.4554,0.0018,-0.4795,3.9942,0.262,2026-03-26T11:43:51,2026-03-26T11:11:56.106,48.23,55.05,42.85,46.85,36.0,19.0,2026-03-26T11:11:56.106,46.85,222,2026-03-26 11:43:45 EDT,6538.23,0.9895644539883119,-1.0435546011688113,6540.0,50.15,0.29999999999999716,0.5982053838484489,640,-753204.0959999999,-18579103.999999996,454886.39999999997,-22803.2,0.0001,0.6,-0.0
SPXW,2026-03-31,6475.0,CALL,5,1,2026-03-26T11:43:50.69,6,117.9,8,118.2,0.6353,-7.7446,292.6044,35.2206,0.0018,-0.4557,3.7324,0.2598,2026-03-26T11:43:51,2026-03-26T11:16:53.374,125.48,142.52,122.0,122.0,16.0,9.0,2026-03-26T11:16:53.374,122.0,222,2026-03-26 11:43:45 EDT,6538.23,0.9903291869512085,-0.9670813048791426,6540.0,118.05000000000001,0.29999999999999716,0.2541296060991081,263,309519.80819999997,7695495.720000001,203682.98,16708.39,-0.0002,-1.05,-0.1
SPXW,2026-03-31,6475.0,PUT,5,-1,2026-03-26T11:43:50.585,27,51.6,13,51.9,-0.3653,-7.1491,292.8004,-46.07,0.0018,-0.4502,3.7094,0.2614,2026-03-26T11:43:51,2026-03-26T11:38:40.171,42.17,60.02,42.17,50.1,1910.0,139.0,2026-03-26T11:38:40.171,50.1,222,2026-03-26 11:43:45 EDT,6538.23,0.9903291869512085,-0.9670813048791426,6540.0,51.75,0.29999999999999716,0.5797101449275308,38308,-45083972.67119999,-1121659772.3200002,27386772.279999997,-1399391.2400000002,0.0002,0.6,0.0
SPXW,2026-03-31,6480.0,CALL,5,1,2026-03-26T11:43:50.69,8,114.5,8,114.9,0.6264,-7.7679,294.9384,35.7546,0.0018,-0.4266,3.4448,0.2588,2026-03-26T11:43:51,2026-03-26T09:42:41.745,120.31,121.47,119.53,121.47,3.0,3.0,2026-03-26T09:42:41.745,121.47,222,2026-03-26 11:43:45 EDT,6538.23,0.9910939199141052,-0.890608008589474,6540.0,114.7,0.4000000000000057,0.3487358326068053,190,223607.466,5603829.600000001,147590.1,11901.599999999999,-0.0005,-1.0,0.0
SPXW,2026-03-31,6480.0,PUT,5,-1,2026-03-26T11:43:50.505,24,53.3,12,53.6,-0.3744,-7.1822,295.1453,-45.7134,0.0018,-0.4202,3.4183,0.2607,2026-03-26T11:43:51,2026-03-26T11:35:40.677,46.2,57.07,44.2,52.8,47.0,19.0,2026-03-26T11:35:40.677,52.8,222,2026-03-26 11:43:45 EDT,6538.23,0.9910939199141052,-0.890608008589474,6540.0,53.45,0.30000000000000426,0.5612722170252652,824,-969750.2735999998,-24319972.720000003,591813.28,-30850.56,0.0002,0.6,0.0
SPXW,2026-03-31,6485.0,CALL,5,1,2026-03-26T11:43:50.69,6,111.3,8,111.6,0.6171,-7.7985,297.1721,36.2554,0.0018,-0.3952,3.1436,0.2581,2026-03-26T11:43:51,2026-03-26T10:58:30.658,128.15,128.15,117.65,117.65,3.0,3.0,2026-03-26T10:58:30.658,117.65,222,2026-03-26 11:43:45 EDT,6538.23,0.9918586528770019,-0.8141347122998055,6540.0,111.44999999999999,0.29999999999999716,0.2691790040376825,32,37660.2048,950950.72,24955.2,1974.72,-0.0002,-0.95,-0.1
SPXW,2026-03-31,6485.0,PUT,5,-1,2026-03-26T11:43:50.229,23,55.0,9,55.3,-0.3835,-7.2067,297.3335,-45.3858,0.0018,-0.3897,3.121,0.2599,2026-03-26T11:43:51,2026-03-26T11:19:11.026,58.86,58.86,46.1,52.95,189.0,26.0,2026-03-26T11:19:11.026,52.95,222,2026-03-26 11:43:45 EDT,6538.23,0.9918586528770019,-0.8141347122998055,6540.0,55.15,0.29999999999999716,0.5439709882139568,281,-330703.67339999997,-8355071.35,202508.27,-10776.35,0.0002,0.65,0.1
SPXW,2026-03-31,6490.0,CALL,5,1,2026-03-26T11:43:50.257,9,108.0,8,108.4,0.6078,-7.8204,299.2427,36.7832,0.0019,-0.3631,2.8365,0.2572,2026-03-26T11:43:51,2026-03-26T11:29:31.801,114.5,124.75,111.95,112.5,7.0,6.0,2026-03-26T11:29:31.801,112.5,222,2026-03-26 11:43:45 EDT,6538.23,0.9926233858398986,-0.7376614160101368,6540.0,108.2,0.4000000000000057,0.36968576709797196,52,64597.712400000004,1556062.04,40666.08,3160.56,-0.0007,-1.0,0.0
SPXW,2026-03-31,6490.0,PUT,5,-1,2026-03-26T11:43:50.712,23,56.8,11,57.1,-0.3928,-7.2327,299.3911,-45.0206,0.0019,-0.3575,2.8136,0.2592,2026-03-26T11:43:51,2026-03-26T11:11:56.106,46.89,64.2,46.89,53.45,43.0,24.0,2026-03-26T11:11:56.106,53.45,222,2026-03-26 11:43:45 EDT,6538.23,0.9926233858398986,-0.7376614160101368,6540.0,56.95,0.30000000000000426,0.5267778753292436,993,-1233567.8540999999,-29729536.229999997,718207.11,-39005.03999999999,0.0003,0.7,0.0
SPXW,2026-03-31,6495.0,CALL,5,1,2026-03-26T11:43:50.69,7,104.9,9,105.2,0.5983,-7.8436,301.1722,37.297,0.0019,-0.3294,2.5196,0.2566,2026-03-26T11:43:51,2026-03-26T09:43:11.077,127.9,127.9,110.7,112.4,10.0,4.0,2026-03-26T09:43:11.077,112.4,222,2026-03-26 11:43:45 EDT,6538.23,0.9933881188027953,-0.6611881197204681,6540.0,105.05000000000001,0.29999999999999716,0.2855782960494975,45,55901.866500000004,1355274.9,35296.2,2692.3500000000004,-0.0005,-0.95,-0.1
SPXW,2026-03-31,6495.0,PUT,5,-1,2026-03-26T11:43:50.199,23,58.6,9,58.9,-0.4021,-7.25,301.2843,-44.6824,0.0019,-0.3247,2.5004,0.2584,2026-03-26T11:43:51,2026-03-26T11:10:49.007,52.6,64.68,50.26,55.05,45.0,17.0,2026-03-26T11:10:49.007,55.05,222,2026-03-26 11:43:45 EDT,6538.23,0.9933881188027953,-0.6611881197204681,6540.0,58.75,0.29999999999999716,0.5106382978723356,370,-459637.56899999996,-11147519.1,268250.0,-14877.7,0.0002,0.7,-0.0
SPXW,2026-03-31,6500.0,CALL,5,1,2026-03-26T11:43:50.858,15,101.7,12,102.1,0.5888,-7.8578,302.9304,37.839,0.0019,-0.2952,2.1973,0.2558,2026-03-26T11:43:51,2026-03-26T11:24:45.956,124.5,125.01,105.0,106.25,27.0,17.0,2026-03-26T11:24:45.956,106.25,222,2026-03-26 11:43:45 EDT,6538.23,0.994152851765692,-0.5847148234307996,6540.0,101.9,0.3999999999999915,0.39254170755641954,988,1227356.5355999998,29929523.52,776350.64,58173.439999999995,-0.0004,-0.95,0.1
SPXW,2026-03-31,6500.0,PUT,5,-1,2026-03-26T11:43:50.585,22,60.5,11,60.8,-0.4116,-7.2684,303.0289,-44.3093,0.0019,-0.2905,2.1784,0.2577,2026-03-26T11:43:51,2026-03-26T11:43:39.471,43.9,68.1,43.1,60.65,684.0,170.0,2026-03-26T11:43:39.471,60.65,222,2026-03-26 11:43:45 EDT,6538.23,0.994152851765692,-0.5847148234307996,6540.0,60.65,0.29999999999999716,0.4946413849958733,14554,-18079905.889799997,-441028261.06,10578429.36,-599042.64,0.0005,0.7,-0.0
SPXW,2026-03-31,6505.0,CALL,5,1,2026-03-26T11:43:50.691,9,98.6,10,99.0,0.5792,-7.8679,304.5234,38.3894,0.0019,-0.2599,1.8682,0.255,2026-03-26T11:43:51,2026-03-26T10:14:48.163,139.65,139.65,118.99,118.99,2.0,2.0,2026-03-26T10:14:48.163,118.99,222,2026-03-26 11:43:45 EDT,6538.23,0.9949175847285887,-0.5082415271411309,6540.0,98.8,0.4000000000000057,0.4048582995951474,189,234787.83929999996,5755492.26,148703.31,10946.880000000001,-0.0003,-0.9,0.0
SPXW,2026-03-31,6505.0,PUT,5,-1,2026-03-26T11:43:50.712,22,62.4,13,62.7,-0.4212,-7.2778,304.6006,-43.9641,0.0019,-0.2557,1.8515,0.2569,2026-03-26T11:43:51,2026-03-26T11:43:34.09,66.29,66.29,52.3,62.6,47.0,14.0,2026-03-26T11:43:34.09,62.6,222,2026-03-26 11:43:45 EDT,6538.23,0.9949175847285887,-0.5082415271411309,6540.0,62.55,0.30000000000000426,0.4796163069544433,379,-470817.94229999994,-11544362.74,275828.62,-15963.480000000001,0.0002,0.7,0.0
SPXW,2026-03-31,6510.0,CALL,5,1,2026-03-26T11:43:51.042,7,95.6,9,95.9,0.5694,-7.8736,305.9454,38.9484,0.0019,-0.2237,1.5327,0.2542,2026-03-26T11:43:51,2026-03-26T11:42:18.7,101.0,116.67,95.6,95.6,30.0,11.0,2026-03-26T11:42:18.7,95.6,222,2026-03-26 11:43:45 EDT,6538.23,0.9956823176914854,-0.4317682308514623,6540.0,95.75,0.30000000000001137,0.3133159268929622,172,213669.35639999996,5262260.88,135425.91999999998,9793.68,-0.0002,-0.95,-0.1
SPXW,2026-03-31,6510.0,PUT,5,-1,2026-03-26T11:43:50.198,22,64.3,8,64.6,-0.4309,-7.278,305.9988,-43.6456,0.0019,-0.2203,1.5194,0.256,2026-03-26T11:43:51,2026-03-26T11:05:45.161,61.8,73.06,54.24,60.8,35.0,15.0,2026-03-26T11:05:45.161,60.8,222,2026-03-26 11:43:45 EDT,6538.23,0.9956823176914854,-0.4317682308514623,6540.0,64.44999999999999,0.29999999999999716,0.4654771140418886,818,-1016171.7065999999,-25030701.84,595340.3999999999,-35247.62,0.0004,0.75,0.1
SPXW,2026-03-31,6515.0,CALL,5,1,2026-03-26T11:43:50.69,13,92.5,9,92.9,0.5596,-7.8702,307.1872,39.539,0.0019,-0.1868,1.1924,0.2533,2026-03-26T11:43:51,2026-03-26T09:30:10.384,97.95,97.95,97.95,97.95,1.0,1.0,2026-03-26T09:30:10.384,97.95,222,2026-03-26 11:43:45 EDT,6538.23,0.9964470506543821,-0.35529493456179373,6540.0,92.7,0.4000000000000057,0.43149946062568034,293,363983.2641,9000584.96,230596.85999999996,16396.28,-0.0005,-1.0,0.2
SPXW,2026-03-31,6515.0,PUT,5,-1,2026-03-26T11:43:50.19,22,66.3,8,66.6,-0.4406,-7.2788,307.2289,-43.2944,0.0019,-0.1837,1.1803,0.2552,2026-03-26T11:43:51,2026-03-26T11:40:38.374,59.3,69.2,56.6,64.88,367.0,33.0,2026-03-26T11:40:38.374,64.88,222,2026-03-26 11:43:45 EDT,6538.23,0.9964470506543821,-0.35529493456179373,6540.0,66.44999999999999,0.29999999999999716,0.4514672686230206,10174,-12638790.883799998,-312574682.86,7405451.120000001,-448266.43999999994,0.0002,0.75,0.1
SPXW,2026-03-31,6520.0,CALL,5,1,2026-03-26T11:43:50.216,12,89.6,9,89.9,0.5497,-7.8719,308.2539,40.0919,0.002,-0.1485,0.8448,0.2527,2026-03-26T11:43:51,2026-03-26T09:54:28.261,93.5,110.68,91.95,110.68,14.0,5.0,2026-03-26T09:54:28.261,110.68,222,2026-03-26 11:43:45 EDT,6538.23,0.9972117836172788,-0.2788216382721251,6540.0,89.75,0.30000000000001137,0.3342618384401241,198,258913.908,6103427.22,155863.62,10884.06,-0.0002,-1.0,0.0
SPXW,2026-03-31,6520.0,PUT,5,-1,2026-03-26T11:43:50.69,22,68.3,8,68.6,-0.4505,-7.2751,308.2792,-42.9406,0.0019,-0.1462,0.8361,0.2544,2026-03-26T11:43:51,2026-03-26T11:29:35.372,50.09,80.0,50.09,66.5,111.0,53.0,2026-03-26T11:29:35.372,66.5,222,2026-03-26 11:43:45 EDT,6538.23,0.9972117836172788,-0.2788216382721251,6540.0,68.44999999999999,0.29999999999999716,0.43827611395178556,1334,-1657179.7758,-41124445.28,970498.3400000001,-60096.7,0.0004,0.75,0.1
SPXW,2026-03-31,6525.0,CALL,5,1,2026-03-26T11:43:50.585,10,86.7,10,87.0,0.5397,-7.864,309.1297,40.6778,0.002,-0.1098,0.4937,0.2519,2026-03-26T11:43:51,2026-03-26T10:55:34.957,93.4,106.76,88.64,88.64,7.0,4.0,2026-03-26T10:55:34.957,88.64,222,2026-03-26 11:43:45 EDT,6538.23,0.9979765165801754,-0.2023483419824565,6540.0,86.85,0.29999999999999716,0.3454231433506012,187,244529.80199999997,5780725.390000001,147056.8,10092.39,-0.0003,-0.95,0.1
SPXW,2026-03-31,6525.0,PUT,5,-1,2026-03-26T11:43:50.197,22,70.4,8,70.7,-0.4604,-7.2621,309.1433,-42.6126,0.002,-0.1081,0.4879,0.2535,2026-03-26T11:43:51,2026-03-26T11:43:08.884,73.03,75.77,59.8,70.2,67.0,37.0,2026-03-26T11:43:08.884,70.2,222,2026-03-26 11:43:45 EDT,6538.23,0.9979765165801754,-0.2023483419824565,6540.0,70.55000000000001,0.29999999999999716,0.42523033309709013,1616,-2113155.9359999998,-49957557.28,1173555.36,-74400.64,0.0001,0.75,-0.1
SPXW,2026-03-31,6530.0,CALL,5,1,2026-03-26T11:43:50.623,14,83.8,8,84.1,0.5296,-7.8466,309.8128,41.2984,0.002,-0.0704,0.1389,0.251,2026-03-26T11:43:51,2026-03-26T11:41:47.612,102.8,103.88,83.83,83.83,22.0,9.0,2026-03-26T11:41:47.612,83.83,222,2026-03-26 11:43:45 EDT,6538.23,0.9987412495430721,-0.12587504569278787,6540.0,83.94999999999999,0.29999999999999716,0.35735556879094366,146,190916.316,4523266.88,114560.35999999999,7732.159999999999,-0.0003,-0.95,0.1
SPXW,2026-03-31,6530.0,PUT,5,-1,2026-03-26T11:43:50.585,22,72.5,16,72.9,-0.4704,-7.2491,309.82,-42.2547,0.002,-0.0691,0.135,0.2527,2026-03-26T11:43:51,2026-03-26T11:41:45.439,68.3,80.1,61.7,71.9,73.0,24.0,2026-03-26T11:41:45.439,71.9,222,2026-03-26 11:43:45 EDT,6538.23,0.9987412495430721,-0.12587504569278787,6540.0,72.7,0.4000000000000057,0.5502063273727726,2845,-3720252.87,-88143790.0,2062368.95,-133828.8,0.0001,0.8,0.0
SPXW,2026-03-31,6535.0,CALL,5,1,2026-03-26T11:43:50.226,11,81.0,11,81.3,0.5194,-7.8291,310.3005,41.9045,0.002,-0.0302,-0.2197,0.2502,2026-03-26T11:43:51,2026-03-26T11:37:07.562,85.37,101.97,80.3,81.88,10.0,10.0,2026-03-26T11:37:07.562,81.88,222,2026-03-26 11:43:45 EDT,6538.23,0.9995059825059688,-0.04940174940311925,6540.0,81.15,0.29999999999999716,0.3696857670979632,160,209223.36000000002,4964808.0,125265.59999999999,8310.4,-0.0004,-0.9,0.0
SPXW,2026-03-31,6535.0,PUT,5,-1,2026-03-26T11:43:50.189,14,74.7,8,75.0,-0.4805,-7.2312,310.3025,-41.8958,0.002,-0.0294,-0.2212,0.252,2026-03-26T11:43:51,2026-03-26T11:37:07.562,70.1,84.0,62.03,74.42,46.0,29.0,2026-03-26T11:37:07.562,74.42,222,2026-03-26 11:43:45 EDT,6538.23,0.9995059825059688,-0.04940174940311925,6540.0,74.85,0.29999999999999716,0.40080160320640906,594,-776741.7239999999,-18431968.5,429533.28,-28541.699999999997,0.0003,0.8,0.0
SPXW,2026-03-31,6540.0,CALL,5,1,2026-03-26T11:43:50.201,14,78.2,11,78.5,0.5092,-7.8017,310.5872,42.5484,0.002,0.0105,-0.5812,0.2493,2026-03-26T11:43:51,2026-03-26T11:43:47.36,82.0,98.5,78.0,78.3,19.0,17.0,2026-03-26T11:43:47.36,78.3,222,2026-03-26 11:43:45 EDT,6538.23,1.0002707154688655,0.027071546886549367,6540.0,78.35,0.29999999999999716,0.3828972559029958,568,742742.9280000001,17641352.96,443136.56,28922.559999999998,-0.0004,-0.9,-0.0
SPXW,2026-03-31,6540.0,PUT,5,-1,2026-03-26T11:43:50.585,14,76.9,11,77.3,-0.4907,-7.2036,310.5869,-41.5629,0.002,0.0107,-0.5801,0.2511,2026-03-26T11:43:51,2026-03-26T11:43:32.029,56.39,79.92,56.39,77.08,67.0,35.0,2026-03-26T11:43:32.029,77.08,222,2026-03-26 11:43:45 EDT,6538.23,1.0002707154688655,0.027071546886549367,6540.0,77.1,0.3999999999999915,0.5188067444876673,791,-1034347.9859999999,-24567423.79,569804.76,-38814.37,0.0003,0.85,0.1
SPXW,2026-03-31,6545.0,CALL,5,1,2026-03-26T11:43:50.257,15,75.5,12,75.8,0.4989,-7.7742,310.6691,43.1767,0.002,0.0518,-0.9449,0.2485,2026-03-26T11:43:51,2026-03-26T11:39:55.309,81.07,91.4,74.0,77.0,39.0,25.0,2026-03-26T11:39:55.309,77.0,222,2026-03-26 11:43:45 EDT,6538.23,1.0010354484317623,0.10354484317621798,6540.0,75.65,0.29999999999999716,0.3965631196298706,886,1158574.356,27525282.26,688794.12,44202.54,-0.0003,-0.8,0.0
SPXW,2026-03-31,6545.0,PUT,5,-1,2026-03-26T11:43:50.181,14,79.2,8,79.5,-0.5009,-7.1708,310.6693,-41.2294,0.002,0.0515,-0.9415,0.2501,2026-03-26T11:43:51,2026-03-26T11:29:43.19,59.19,78.65,59.19,77.5,54.0,22.0,2026-03-26T11:29:43.19,77.5,222,2026-03-26 11:43:45 EDT,6538.23,1.0010354484317623,0.10354484317621798,6540.0,79.35,0.29999999999999716,0.37807183364838964,322,-421062.012,-10003551.46,230899.76,-16128.980000000001,0.0003,0.85,-0.1
SPXW,2026-03-31,6550.0,CALL,5,1,2026-03-26T11:43:50.692,23,72.8,11,73.1,0.4885,-7.7365,310.5421,43.8456,0.002,0.0937,-1.3105,0.2476,2026-03-26T11:43:51,2026-03-26T11:42:18.7,85.6,92.5,71.4,72.8,1398.0,199.0,2026-03-26T11:42:18.7,72.8,222,2026-03-26 11:43:45 EDT,6538.23,1.0018001813946589,0.1800181394658866,6540.0,72.94999999999999,0.29999999999999716,0.41124057573680217,778,1017348.588,24160175.38,601899.7000000001,38005.3,-0.0004,-0.9,0.0
SPXW,2026-03-31,6550.0,PUT,5,-1,2026-03-26T11:43:50.69,21,81.5,8,81.8,-0.5112,-7.138,310.5458,-40.8668,0.002,0.0927,-1.304,0.2494,2026-03-26T11:43:51,2026-03-26T11:41:39.391,64.4,93.5,60.97,79.8,2008.0,187.0,2026-03-26T11:41:39.391,79.8,222,2026-03-26 11:43:45 EDT,6538.23,1.0018001813946589,0.1800181394658866,6540.0,81.65,0.29999999999999716,0.3674219228413927,12996,-16994167.416,-403585321.67999995,9276544.8,-664355.52,0.0005,0.9,-0.0
SPXW,2026-03-31,6555.0,CALL,5,1,2026-03-26T11:43:50.585,11,70.2,13,70.5,0.4781,-7.7031,310.2038,44.4696,0.002,0.1358,-1.6755,0.2469,2026-03-26T11:43:51,2026-03-26T11:43:32.578,75.95,84.96,70.21,70.4,29.0,19.0,2026-03-26T11:43:32.578,70.4,222,2026-03-26 11:43:45 EDT,6538.23,1.0025649143575555,0.2564914357555552,6540.0,70.35,0.29999999999999716,0.42643923240937764,353,461599.03799999994,10950194.139999999,271919.43,16876.93,-0.0002,-0.8,0.0
SPXW,2026-03-31,6555.0,PUT,5,-1,2026-03-26T11:43:50.205,13,83.9,8,84.2,-0.5216,-7.0948,310.2124,-40.5314,0.002,0.1345,-1.668,0.2484,2026-03-26T11:43:51,2026-03-26T10:55:02.57,70.0,87.0,70.0,87.0,85.0,21.0,2026-03-26T10:55:02.57,87.0,222,2026-03-26 11:43:45 EDT,6538.23,1.0025649143575555,0.2564914357555552,6540.0,84.05000000000001,0.29999999999999716,0.356930398572275,455,-594978.9299999999,-14114664.2,322813.4,-23732.799999999996,0.0002,0.85,-0.1
SPXW,2026-03-31,6560.0,CALL,5,1,2026-03-26T11:43:50.361,14,67.6,12,67.9,0.4676,-7.6499,309.6469,45.1955,0.002,0.1787,-2.0431,0.2458,2026-03-26T11:43:51,2026-03-26T11:38:10.516,75.15,85.67,68.6,68.6,96.0,30.0,2026-03-26T11:38:10.516,68.6,222,2026-03-26 11:43:45 EDT,6538.23,1.0033296473204523,0.3329647320452238,6540.0,67.75,0.30000000000001137,0.44280442804429726,507,662976.5219999999,15699097.830000002,387849.93,23707.32,-0.0004,-0.8,0.0
SPXW,2026-03-31,6560.0,PUT,5,-1,2026-03-26T11:43:50.69,11,86.3,8,86.6,-0.532,-7.0515,309.6673,-40.1691,0.002,0.1764,-2.0312,0.2477,2026-03-26T11:43:51,2026-03-26T11:41:48.086,86.0,93.1,70.2,86.23,54.0,37.0,2026-03-26T11:41:48.086,86.23,222,2026-03-26 11:43:45 EDT,6538.23,1.0033296473204523,0.3329647320452238,6540.0,86.44999999999999,0.29999999999999716,0.34702139965297535,954,-1247494.284,-29542260.42,672713.1,-50752.8,0.0006,0.85,-0.1
SPXW,2026-03-31,6565.0,CALL,5,1,2026-03-26T11:43:50.585,11,65.1,21,65.4,0.4571,-7.6012,308.8738,45.8746,0.002,0.2215,-2.4082,0.245,2026-03-26T11:43:51,2026-03-26T10:55:11.842,82.5,84.5,66.85,66.85,45.0,31.0,2026-03-26T10:55:11.842,66.85,222,2026-03-26 11:43:45 EDT,6538.23,1.0040943802833489,0.4094380283348924,6540.0,65.25,0.30000000000001137,0.45977011494254616,51,66689.946,1575256.3800000001,38766.12,2331.21,-0.0004,-0.8,0.0
SPXW,2026-03-31,6565.0,PUT,5,-1,2026-03-26T11:43:50.199,10,88.8,8,89.1,-0.5425,-6.9979,308.9047,-39.8319,0.002,0.2188,-2.3948,0.2467,2026-03-26T11:43:51,2026-03-26T11:31:02.504,85.5,95.7,74.0,87.89,48.0,38.0,2026-03-26T11:31:02.504,87.89,222,2026-03-26 11:43:45 EDT,6538.23,1.0040943802833489,0.4094380283348924,6540.0,88.94999999999999,0.29999999999999716,0.33726812816188556,367,-479906.082,-11336802.49,256822.93,-19909.75,0.0006,1.0,0.0
SPXW,2026-03-31,6570.0,CALL,5,1,2026-03-26T11:43:50.229,11,62.6,17,62.9,0.4465,-7.542,307.8758,46.6008,0.002,0.2648,-2.7733,0.2441,2026-03-26T11:43:51,2026-03-26T11:43:32.537,67.97,80.01,62.8,62.8,30.0,17.0,2026-03-26T11:43:32.537,62.8,222,2026-03-26 11:43:45 EDT,6538.23,1.0048591132462457,0.48591132462456105,6540.0,62.75,0.29999999999999716,0.4780876494023859,256,334757.376,7881620.48,193075.19999999998,11430.4,-0.0004,-0.8,-0.0
SPXW,2026-03-31,6570.0,PUT,5,-1,2026-03-26T11:43:50.2,9,91.3,7,91.6,-0.553,-6.9388,307.9223,-39.4954,0.002,0.2615,-2.7574,0.2457,2026-03-26T11:43:51,2026-03-26T11:02:57.86,81.53,96.4,74.45,85.92,75.0,32.0,2026-03-26T11:02:57.86,85.92,222,2026-03-26 11:43:45 EDT,6538.23,1.0048591132462457,0.48591132462456105,6540.0,91.44999999999999,0.29999999999999716,0.328048113723343,952,-1244878.9919999999,-29314202.96,660573.7599999999,-52645.6,0.0006,0.95,-0.1
SPXW,2026-03-31,6575.0,CALL,5,1,2026-03-26T11:43:50.256,20,60.1,20,60.5,0.4359,-7.4825,306.6584,47.3085,0.002,0.3078,-3.1346,0.2432,2026-03-26T11:43:51,2026-03-26T11:43:34.121,78.4,78.56,60.15,60.5,83.0,30.0,2026-03-26T11:43:34.121,60.5,222,2026-03-26 11:43:45 EDT,6538.23,1.0056238462091422,0.5623846209142297,6540.0,60.3,0.3999999999999986,0.663349917081258,331,432830.826,10150393.04,247670.75,14428.29,-0.0002,-0.75,0.1
SPXW,2026-03-31,6575.0,PUT,5,-1,2026-03-26T11:43:50.691,10,93.8,8,94.2,-0.5635,-6.8796,306.7238,-39.1333,0.002,0.3039,-3.1162,0.2449,2026-03-26T11:43:51,2026-03-26T11:26:06.332,83.0,101.3,79.0,91.0,118.0,74.0,2026-03-26T11:26:06.332,91.0,222,2026-03-26 11:43:45 EDT,6538.23,1.0056238462091422,0.5623846209142297,6540.0,94.0,0.4000000000000057,0.4255319148936231,4740,-6198242.039999999,-145387081.2,3260930.4,-267099.0,0.0004,0.95,-0.1
SPXW,2026-03-31,6580.0,CALL,5,1,2026-03-26T11:43:50.585,11,57.8,17,58.1,0.4252,-7.4122,305.2078,48.0676,0.002,0.3513,-3.4949,0.2422,2026-03-26T11:43:51,2026-03-26T11:43:16.583,61.77,74.5,57.79,58.6,30.0,25.0,2026-03-26T11:43:16.583,58.6,222,2026-03-26 11:43:45 EDT,6538.23,1.006388579172039,0.6388579172038983,6540.0,57.95,0.30000000000000426,0.5176876617774017,141,184378.086,4303429.98,104512.02,5995.320000000001,-0.0003,-0.7,0.0
SPXW,2026-03-31,6580.0,PUT,5,-1,2026-03-26T11:43:50.69,7,96.5,8,96.8,-0.574,-6.8096,305.2958,-38.7971,0.002,0.3468,-3.474,0.244,2026-03-26T11:43:51,2026-03-26T11:43:39.842,83.6,101.53,82.04,96.51,31.0,15.0,2026-03-26T11:43:39.842,96.51,222,2026-03-26 11:43:45 EDT,6538.23,1.006388579172039,0.6388579172038983,6540.0,96.65,0.29999999999999716,0.3103983445421595,908,-1187342.568,-27720858.639999997,618311.6799999999,-52119.2,0.0004,0.95,-0.1
SPXW,2026-03-31,6585.0,CALL,5,1,2026-03-26T11:43:50.585,15,55.4,9,55.7,0.4146,-7.3416,303.5374,48.808,0.002,0.3943,-3.8495,0.2414,2026-03-26T11:43:51,2026-03-26T11:35:14.513,59.97,72.7,55.1,56.26,32.0,18.0,2026-03-26T11:35:14.513,56.26,222,2026-03-26 11:43:45 EDT,6538.23,1.0071533121349356,0.7153312134935669,6540.0,55.55,0.30000000000000426,0.5400540054005478,239,312527.39400000003,7254543.859999999,175464.24,9908.94,-0.0003,-0.8,0.0
SPXW,2026-03-31,6585.0,PUT,5,-1,2026-03-26T11:43:50.499,10,99.1,8,99.5,-0.5846,-6.7396,303.6518,-38.4364,0.002,0.3892,-3.8261,0.2431,2026-03-26T11:43:51,2026-03-26T10:54:09.125,105.66,105.66,85.9,100.0,6.0,6.0,2026-03-26T10:54:09.125,100.0,222,2026-03-26 11:43:45 EDT,6538.23,1.0071533121349356,0.7153312134935669,6540.0,99.3,0.4000000000000057,0.4028197381671759,582,-761049.9719999998,-17672534.759999998,392244.72000000003,-34023.72,0.0007,1.0,0.0
SPXW,2026-03-31,6590.0,CALL,5,1,2026-03-26T11:43:50.585,16,53.1,1,53.4,0.4039,-7.2605,301.6262,49.6014,0.002,0.4377,-4.2017,0.2404,2026-03-26T11:43:51,2026-03-26T11:31:39.608,59.26,70.55,53.15,53.15,41.0,24.0,2026-03-26T11:31:39.608,53.15,222,2026-03-26 11:43:45 EDT,6538.23,1.0079180450978324,0.7918045097832356,6540.0,53.25,0.29999999999999716,0.5633802816901355,226,295527.996,6816752.12,164087.30000000002,9128.14,-0.0003,-0.7,-0.0
SPXW,2026-03-31,6590.0,PUT,5,-1,2026-03-26T11:43:50.19,10,101.8,8,102.2,-0.5952,-6.6588,301.7707,-38.1005,0.002,0.4319,-4.176,0.2421,2026-03-26T11:43:51,2026-03-26T11:30:01.197,86.7,108.36,75.0,100.0,107.0,61.0,2026-03-26T11:30:01.197,100.0,222,2026-03-26 11:43:45 EDT,6538.23,1.0079180450978324,0.7918045097832356,6540.0,102.0,0.4000000000000057,0.3921568627451036,542,-708744.132,-16355971.94,360906.96,-32259.839999999997,0.0007,1.0,0.0
SPXW,2026-03-31,6595.0,CALL,5,1,2026-03-26T11:43:50.175,13,50.9,16,51.2,0.3931,-7.1687,299.4638,50.4535,0.002,0.4815,-4.5514,0.2392,2026-03-26T11:43:51,2026-03-26T11:35:52.743,65.57,67.08,51.57,51.57,40.0,24.0,2026-03-26T11:35:52.743,51.57,222,2026-03-26 11:43:45 EDT,6538.23,1.008682778060729,0.8682778060729042,6540.0,51.05,0.30000000000000426,0.587659157688549,312,407985.55199999997,9343270.56,223663.44,12264.72,-0.0003,-0.7,0.0
SPXW,2026-03-31,6595.0,PUT,5,-1,2026-03-26T11:43:50.69,8,104.6,6,104.9,-0.6059,-6.5676,299.6433,-37.7871,0.002,0.475,-4.5233,0.2409,2026-03-26T11:43:51,2026-03-26T11:43:39.842,92.3,112.67,87.0,104.59,25.0,10.0,2026-03-26T11:43:39.842,104.59,222,2026-03-26 11:43:45 EDT,6538.23,1.008682778060729,0.8682778060729042,6540.0,104.75,0.30000000000001137,0.28639618138425904,674,-881353.4040000001,-20195958.42,442656.24,-40837.659999999996,0.0002,1.05,-0.1
SPXW,2026-03-31,6600.0,CALL,5,1,2026-03-26T11:43:50.257,26,48.7,17,49.0,0.3826,-7.087,297.1193,51.2083,0.002,0.5232,-4.8872,0.2384,2026-03-26T11:43:51,2026-03-26T11:31:37.594,63.38,66.0,48.92,48.92,656.0,139.0,2026-03-26T11:31:37.594,48.92,222,2026-03-26 11:43:45 EDT,6538.23,1.0094475110236256,0.9447511023625726,6540.0,48.85,0.29999999999999716,0.6141248720573125,2198,2874205.908,65306822.14,1557722.5999999999,84095.48,-0.0001,-0.7,-0.0
SPXW,2026-03-31,6600.0,PUT,5,-1,2026-03-26T11:43:50.199,8,107.4,6,107.8,-0.6164,-6.4867,297.337,-37.4064,0.002,0.5161,-4.8568,0.2402,2026-03-26T11:43:51,2026-03-26T11:43:32.029,93.8,117.1,90.0,107.52,501.0,61.0,2026-03-26T11:43:32.029,107.52,222,2026-03-26 11:43:45 EDT,6538.23,1.0094475110236256,0.9447511023625726,6540.0,107.6,0.3999999999999915,0.3717472118959029,12678,-16578335.988,-376963848.6,8223838.26,-781471.9199999999,0.0004,1.05,-0.1
SPXW,2026-03-31,6605.0,CALL,5,1,2026-03-26T11:43:50.362,17,46.6,23,46.9,0.3717,-6.9841,294.4801,52.1043,0.002,0.5665,-5.2244,0.2372,2026-03-26T11:43:51,2026-03-26T11:35:52.743,74.95,74.95,47.27,47.27,64.0,32.0,2026-03-26T11:35:52.743,47.27,222,2026-03-26 11:43:45 EDT,6538.23,1.0102122439865224,1.0212243986522413,6540.0,46.75,0.29999999999999716,0.641711229946518,306,400139.676,9011091.06,213713.46,11374.019999999999,-0.0005,-0.65,0.1
SPXW,2026-03-31,6605.0,PUT,5,-1,2026-03-26T11:43:50.19,8,110.3,6,110.6,-0.6271,-6.3898,294.7651,-37.072,0.002,0.558,-5.1889,0.2392,2026-03-26T11:43:51,2026-03-26T10:02:49.326,97.4,97.4,95.6,95.6,11.0,2.0,2026-03-26T10:02:49.326,95.6,222,2026-03-26 11:43:45 EDT,6538.23,1.0102122439865224,1.0212243986522413,6540.0,110.44999999999999,0.29999999999999716,0.27161611588954027,522,-682591.2119999999,-15386738.220000003,333547.56,-32734.620000000003,0.0008,1.05,-0.1
SPXW,2026-03-31,6610.0,CALL,5,1,2026-03-26T11:43:50.257,21,44.5,17,44.8,0.3611,-6.8863,291.6508,52.9402,0.002,0.6079,-5.548,0.2363,2026-03-26T11:43:51,2026-03-26T11:31:02.504,59.91,59.91,45.47,45.47,96.0,27.0,2026-03-26T11:31:02.504,45.47,222,2026-03-26 11:43:45 EDT,6538.23,1.010976976949419,1.09769769494191,6540.0,44.65,0.29999999999999716,0.6718924972004415,136,177839.856,3966450.8800000004,93653.68000000001,4910.96,-0.0003,-0.65,0.1
SPXW,2026-03-31,6610.0,PUT,5,-1,2026-03-26T11:43:50.187,7,113.2,5,113.5,-0.6378,-6.282,291.9317,-36.7606,0.002,0.6002,-5.5166,0.2379,2026-03-26T11:43:51,2026-03-26T10:53:52.73,89.83,115.3,89.83,112.12,15.0,10.0,2026-03-26T10:53:52.73,112.12,222,2026-03-26 11:43:45 EDT,6538.23,1.010976976949419,1.09769769494191,6540.0,113.35,0.29999999999999716,0.264666960741065,499,-652515.3539999999,-14567391.829999998,313471.8,-31826.22,0.0005,1.05,-0.1
SPXW,2026-03-31,6615.0,CALL,5,1,2026-03-26T11:43:50.929,16,42.5,23,42.8,0.3503,-6.7779,288.5597,53.8403,0.002,0.6495,-5.866,0.2351,2026-03-26T11:43:51,2026-03-26T11:25:19.546,68.13,68.13,45.21,45.21,26.0,18.0,2026-03-26T11:25:19.546,45.21,222,2026-03-26 11:43:45 EDT,6538.23,1.0117417099123158,1.1741709912315788,6540.0,42.65,0.29999999999999716,0.7033997655334049,131,171301.626,3780132.0700000003,88790.49,4588.93,-0.0003,-0.6,0.0
SPXW,2026-03-31,6615.0,PUT,5,-1,2026-03-26T11:43:50.693,7,116.1,5,116.5,-0.6483,-6.1801,288.9218,-36.4049,0.002,0.6404,-5.8296,0.237,2026-03-26T11:43:51,2026-03-26T11:43:39.842,92.33,117.41,84.98,116.14,16.0,16.0,2026-03-26T11:43:39.842,116.14,222,2026-03-26 11:43:45 EDT,6538.23,1.0117417099123158,1.1741709912315788,6540.0,116.3,0.4000000000000057,0.3439380911435991,320,-418446.72000000003,-9245497.600000001,197763.2,-20745.6,0.0003,1.1,0.0
SPXW,2026-03-31,6620.0,CALL,5,1,2026-03-26T11:43:50.196,17,40.5,20,40.8,0.3397,-6.6697,285.2669,54.7199,0.002,0.6896,-6.1712,0.2342,2026-03-26T11:43:51,2026-03-26T11:31:53.798,52.6,54.4,39.8,39.8,33.0,21.0,2026-03-26T11:31:53.798,39.8,222,2026-03-26 11:43:45 EDT,6538.23,1.0125064428752124,1.2506442875212471,6540.0,40.65,0.29999999999999716,0.7380073800737937,144,188301.024,4107843.3600000003,96043.68,4891.68,-0.0001,-0.6,0.0
SPXW,2026-03-31,6620.0,PUT,5,-1,2026-03-26T11:43:50.176,7,119.2,5,119.5,-0.6589,-6.0732,285.6884,-36.0504,0.0019,0.6797,-6.133,0.2361,2026-03-26T11:43:51,2026-03-26T11:41:48.086,87.38,123.48,87.38,119.21,37.0,23.0,2026-03-26T11:41:48.086,119.21,222,2026-03-26 11:43:45 EDT,6538.23,1.0125064428752124,1.2506442875212471,6540.0,119.35,0.29999999999999716,0.25136154168411995,1226,-1523015.2962,-35025397.84,744574.32,-80781.14,0.0004,1.1,-0.2
SPXW,2026-03-31,6625.0,CALL,5,1,2026-03-26T11:43:50.362,26,38.6,26,38.9,0.329,-6.5508,281.7029,55.6702,0.0019,0.7297,-6.4694,0.233,2026-03-26T11:43:51,2026-03-26T11:37:07.562,42.3,53.04,38.68,39.25,99.0,30.0,2026-03-26T11:37:07.562,39.25,222,2026-03-26 11:43:45 EDT,6538.23,1.0132711758381092,1.3271175838109157,6540.0,38.75,0.29999999999999716,0.7741935483870894,2244,2787639.7428,63214130.75999999,1469999.52,73827.6,-0.0004,-0.5,0.0
SPXW,2026-03-31,6625.0,PUT,5,-1,2026-03-26T11:43:50.691,6,122.2,4,122.6,-0.6693,-5.9613,282.2314,-35.6977,0.0019,0.7183,-6.4261,0.2351,2026-03-26T11:43:51,2026-03-26T11:35:12.486,124.1,127.16,107.4,121.5,15.0,10.0,2026-03-26T11:35:12.486,121.5,222,2026-03-26 11:43:45 EDT,6538.23,1.0132711758381092,1.3271175838109157,6540.0,122.4,0.3999999999999915,0.32679738562090804,2213,-2749129.5681,-62457808.82,1319235.69,-148116.09,0.0005,1.1,-0.0
SPXW,2026-03-31,6630.0,CALL,5,1,2026-03-26T11:43:50.585,20,36.7,20,37.0,0.3185,-6.4329,277.9527,56.5946,0.0019,0.768,-6.7527,0.232,2026-03-26T11:43:51,2026-03-26T11:33:12.229,61.0,61.0,36.78,36.78,66.0,35.0,2026-03-26T11:33:12.229,36.78,222,2026-03-26 11:43:45 EDT,6538.23,1.0140359088010058,1.4035908801005845,6540.0,36.85,0.29999999999999716,0.8141112618724482,308,382617.2196,8560943.16,198133.32,9809.8,-0.0003,-0.6,-0.0
SPXW,2026-03-31,6630.0,PUT,5,-1,2026-03-26T11:43:50.623,3,125.4,3,125.7,-0.6799,-5.8387,278.5059,-35.3667,0.0019,0.7569,-6.7117,0.234,2026-03-26T11:43:51,2026-03-26T11:27:30.395,120.42,125.11,107.53,121.35,22.0,11.0,2026-03-26T11:27:30.395,121.35,222,2026-03-26 11:43:45 EDT,6538.23,1.0140359088010058,1.4035908801005845,6540.0,125.55000000000001,0.29999999999999716,0.23894862604539796,665,-826105.3605,-18520642.35,388273.55000000005,-45213.35,0.0005,1.2,0.0
SPXW,2026-03-31,6635.0,CALL,5,1,2026-03-26T11:43:51.068,22,34.9,26,35.2,0.308,-6.3098,273.9753,57.5465,0.0019,0.8053,-7.0239,0.231,2026-03-26T11:43:51,2026-03-26T11:31:55.007,38.25,48.61,34.35,34.35,28.0,24.0,2026-03-26T11:31:55.007,34.35,222,2026-03-26 11:43:45 EDT,6538.23,1.0148006417639026,1.4800641763902531,6540.0,35.05,0.30000000000000426,0.8559201141226941,123,152798.43509999997,3369896.1900000004,77610.54000000001,3788.4,-0.0003,-0.5,0.0
SPXW,2026-03-31,6635.0,PUT,5,-1,2026-03-26T11:43:50.69,5,128.5,3,128.9,-0.6903,-5.7174,274.6059,-35.0154,0.0019,0.7936,-6.9818,0.233,2026-03-26T11:43:51,2026-03-26T11:43:39.842,128.11,128.57,112.4,128.57,9.0,4.0,2026-03-26T11:43:39.842,128.57,222,2026-03-26 11:43:45 EDT,6538.23,1.0148006417639026,1.4800641763902531,6540.0,128.7,0.4000000000000057,0.3108003108003152,438,-544111.5006,-12027738.420000002,250422.12,-30235.14,0.0008,1.1,0.0
SPXW,2026-03-31,6640.0,CALL,5,1,2026-03-26T11:43:50.202,26,33.1,27,33.4,0.2976,-6.1823,269.7777,58.5222,0.0019,0.8415,-7.282,0.2299,2026-03-26T11:43:51,2026-03-26T11:33:12.229,47.1,47.1,32.6,33.23,96.0,37.0,2026-03-26T11:33:12.229,33.23,222,2026-03-26 11:43:45 EDT,6538.23,1.0155653747267992,1.5565374726799217,6540.0,33.25,0.29999999999999716,0.9022556390977358,145,180128.2365,3911776.65,89643.34999999999,4315.2,-0.0003,-0.6,0.0
SPXW,2026-03-31,6640.0,PUT,5,-1,2026-03-26T11:43:50.521,13,131.5,15,132.6,-0.7009,-5.5785,270.3619,-34.7077,0.0019,0.8313,-7.2468,0.2316,2026-03-26T11:43:51,2026-03-26T11:35:12.486,131.28,134.0,115.3,131.0,13.0,7.0,2026-03-26T11:35:12.486,131.0,222,2026-03-26 11:43:45 EDT,6538.23,1.0155653747267992,1.5565374726799217,6540.0,132.05,1.0999999999999943,0.83301779628928,953,-1183877.3061,-25765489.07,531631.0499999999,-66795.76999999999,0.0002,1.1,-0.2
SPXW,2026-03-31,6645.0,CALL,5,1,2026-03-26T11:43:50.2,22,31.4,22,31.7,0.2872,-6.0502,265.3608,59.5252,0.0019,0.8763,-7.5262,0.2289,2026-03-26T11:43:51,2026-03-26T11:33:12.229,36.0,41.85,31.14,31.53,15.0,10.0,2026-03-26T11:33:12.229,31.53,222,2026-03-26 11:43:45 EDT,6538.23,1.016330107689696,1.6330107689695905,6540.0,31.549999999999997,0.3000000000000007,0.9508716323296378,795,987599.6414999999,21096183.599999998,480990.9000000001,22832.4,-0.0002,-0.55,0.1
SPXW,2026-03-31,6645.0,PUT,5,-1,2026-03-26T11:43:50.506,14,134.8,15,135.9,-0.7112,-5.4481,266.021,-34.3578,0.0019,0.8656,-7.4905,0.2306,2026-03-26T11:43:51,2026-03-26T09:35:31.391,139.43,139.43,139.43,139.43,1.0,1.0,2026-03-26T09:35:31.391,139.43,222,2026-03-26 11:43:45 EDT,6538.23,1.016330107689696,1.6330107689695905,6540.0,135.35000000000002,1.0999999999999943,0.8127077946065712,991,-1231083.3267,-26362681.099999998,539906.71,-70479.92,0.0002,1.1,-0.2
SPXW,2026-03-31,6650.0,CALL,5,1,2026-03-26T11:43:50.361,26,29.8,36,30.1,0.2767,-5.9074,260.6511,60.6168,0.0018,0.911,-7.7595,0.2276,2026-03-26T11:43:51,2026-03-26T11:42:25.419,43.6,43.6,29.5,29.7,849.0,75.0,2026-03-26T11:42:25.419,29.7,222,2026-03-26 11:43:45 EDT,6538.23,1.0170948406525926,1.7094840652592587,6540.0,29.950000000000003,0.3000000000000007,1.0016694490818052,2665,3136388.9309999994,69463518.14999999,1574322.0999999999,73740.55,-0.0003,-0.45,0.1
SPXW,2026-03-31,6650.0,PUT,5,-1,2026-03-26T11:43:50.283,12,138.1,16,139.3,-0.7214,-5.3131,261.4661,-34.0103,0.0018,0.8986,-7.72,0.2296,2026-03-26T11:43:51,2026-03-26T11:34:37.23,138.72,143.08,118.65,139.24,34.0,16.0,2026-03-26T11:34:37.23,139.24,222,2026-03-26 11:43:45 EDT,6538.23,1.0170948406525926,1.7094840652592587,6540.0,138.7,1.200000000000017,0.8651766402307262,3125,-3677754.3749999995,-81708156.25,1660343.75,-225437.5,0.0004,1.15,-0.1
SPXW,2026-03-31,6655.0,CALL,5,1,2026-03-26T11:43:50.62,20,28.2,13,28.4,0.2664,-5.7667,255.7997,61.6795,0.0018,0.9431,-7.9734,0.2265,2026-03-26T11:43:51,2026-03-26T11:00:08.707,32.5,40.51,29.6,33.04,54.0,27.0,2026-03-26T11:00:08.707,33.04,222,2026-03-26 11:43:45 EDT,6538.23,1.0178595736154892,1.7859573615489275,6540.0,28.299999999999997,0.1999999999999993,0.7067137809187255,102,120041.90279999998,2609156.94,58820.34,2717.28,-0.0004,-0.45,-0.1
SPXW,2026-03-31,6655.0,PUT,5,-1,2026-03-26T11:43:47.959,8,139.1,3,144.1,-0.7334,-5.1055,255.829,-33.8659,0.0018,0.9427,-7.9722,0.2266,2026-03-26T11:43:51,2026-03-26T10:52:55.472,129.42,137.78,129.42,136.97,11.0,3.0,2026-03-26T10:52:55.472,136.97,222,2026-03-26 11:43:45 EDT,6538.23,1.0178595736154892,1.7859573615489275,6540.0,141.6,5.0,3.531073446327684,414,-487228.89959999995,-10591320.600000001,211367.7,-30362.760000000002,-0.0041,0.0,0.0
SPXW,2026-03-31,6660.0,CALL,5,1,2026-03-26T11:43:50.584,27,26.6,29,26.9,0.2563,-5.6223,250.7448,62.7703,0.0018,0.9735,-8.171,0.2254,2026-03-26T11:43:51,2026-03-26T11:43:12.255,44.09,44.09,27.0,27.0,87.0,49.0,2026-03-26T11:43:12.255,27.0,222,2026-03-26 11:43:45 EDT,6538.23,1.018624306578386,1.862430657838596,6540.0,26.75,0.29999999999999716,1.121495327102793,256,301281.6384,6419066.88,143930.88,6561.279999999999,-0.0002,-0.5,0.0
SPXW,2026-03-31,6660.0,PUT,5,-1,2026-03-26T11:43:50.517,13,145.0,16,146.1,-0.7416,-5.0318,251.7554,-33.3163,0.0018,0.9601,-8.1324,0.2274,2026-03-26T11:43:51,2026-03-26T11:43:32.029,132.44,145.36,124.12,145.36,14.0,5.0,2026-03-26T11:43:32.029,145.36,222,2026-03-26 11:43:45 EDT,6538.23,1.018624306578386,1.862430657838596,6540.0,145.55,1.0999999999999943,0.7557540364135996,5243,-6170389.180199999,-131995356.22,2638172.7399999998,-388820.88,0.0004,1.2,-0.4
SPXW,2026-03-31,6665.0,CALL,5,1,2026-03-26T11:43:50.211,30,25.1,34,25.4,0.2462,-5.4739,245.4846,63.8958,0.0018,1.0022,-8.3516,0.2242,2026-03-26T11:43:51,2026-03-26T11:25:18.495,33.9,36.61,26.9,26.92,51.0,19.0,2026-03-26T11:25:18.495,26.92,222,2026-03-26 11:43:45 EDT,6538.23,1.0193890395412826,1.9389039541282647,6540.0,25.25,0.29999999999999716,1.188118811881177,155,182416.61699999997,3805011.3,84845.45000000001,3816.1000000000004,-0.0003,-0.45,0.1
SPXW,2026-03-31,6665.0,PUT,5,-1,2026-03-26T11:43:50.681,1,148.5,15,149.7,-0.7514,-4.8928,246.711,-32.9512,0.0017,0.9871,-8.3104,0.2265,2026-03-26T11:43:51,2026-03-26T11:32:45.047,147.78,150.19,135.72,150.19,10.0,4.0,2026-03-26T11:32:45.047,150.19,222,2026-03-26 11:43:45 EDT,6538.23,1.0193890395412826,1.9389039541282647,6540.0,149.1,1.1999999999999886,0.8048289738430507,1677,-1863983.9906999997,-41373434.7,820522.5599999999,-126009.78,0.0026,1.25,-0.3
SPXW,2026-03-31,6670.0,CALL,5,1,2026-03-26T11:43:50.623,22,23.7,14,23.9,0.2365,-5.33,240.1556,64.9721,0.0017,1.0277,-8.5107,0.2232,2026-03-26T11:43:51,2026-03-26T11:33:45.565,28.53,34.8,23.5,23.5,56.0,28.0,2026-03-26T11:33:45.565,23.5,222,2026-03-26 11:43:45 EDT,6538.23,1.0201537725041794,2.0153772504179335,6540.0,23.799999999999997,0.1999999999999993,0.8403361344537787,207,230080.3137,4971220.92,110331.0,4895.55,0.0,-0.45,-0.1
SPXW,2026-03-31,6670.0,PUT,5,-1,2026-03-26T11:43:49.262,3,149.6,3,154.6,-0.7636,-4.661,240.0899,-32.8245,0.0017,1.0285,-8.5126,0.2231,2026-03-26T11:43:51,2026-03-26T10:58:03.517,138.97,147.97,133.87,147.97,6.0,6.0,2026-03-26T10:58:03.517,147.97,222,2026-03-26 11:43:45 EDT,6538.23,1.0201537725041794,2.0153772504179335,6540.0,152.1,5.0,3.2873109796186717,646,-718028.4185999999,-15509807.540000001,301100.6,-49328.56,-0.0045,0.05,-0.1
SPXW,2026-03-31,6675.0,CALL,5,1,2026-03-26T11:43:50.691,34,22.3,41,22.6,0.2266,-5.1752,234.5239,66.1603,0.0017,1.0527,-8.6551,0.222,2026-03-26T11:43:51,2026-03-26T11:39:21.212,33.19,33.19,22.37,22.9,100.0,35.0,2026-03-26T11:39:21.212,22.9,222,2026-03-26 11:43:45 EDT,6538.23,1.020918505467076,2.091850546707602,6540.0,22.450000000000003,0.3000000000000007,1.3363028953229428,1732,1925116.4411999998,40619539.480000004,896344.6400000001,39247.12,-0.0003,-0.4,0.0
SPXW,2026-03-31,6675.0,PUT,5,-1,2026-03-26T11:43:50.26,3,153.0,2,157.3,-0.7759,-4.4201,232.9936,-32.6996,0.0017,1.069,-8.6917,0.2196,2026-03-26T11:43:51,2026-03-26T11:27:01.58,157.75,157.75,151.82,151.82,16.0,3.0,2026-03-26T11:27:01.58,151.82,222,2026-03-26 11:43:45 EDT,6538.23,1.020918505467076,2.091850546707602,6540.0,155.15,4.300000000000011,2.7715114405414187,1517,-1686144.1347,-35345129.12,670529.1699999999,-117704.03000000001,-0.0034,-0.35,-0.5
SPXW,2026-03-31,6680.0,CALL,5,1,2026-03-26T11:43:50.745,22,21.0,22,21.2,0.2169,-5.0179,228.721,67.3785,0.0017,1.0755,-8.7802,0.2208,2026-03-26T11:43:51,2026-03-26T11:43:23.095,35.17,35.49,21.17,21.17,103.0,21.0,2026-03-26T11:43:23.095,21.17,222,2026-03-26 11:43:45 EDT,6538.23,1.0216832384299728,2.1683238429972707,6540.0,21.1,0.1999999999999993,0.9478672985781956,530,589094.5229999999,12122213.0,265948.7,11495.7,-0.0004,-0.4,-0.0
SPXW,2026-03-31,6680.0,PUT,5,-1,2026-03-26T11:43:49.263,7,156.7,3,161.5,-0.7843,-4.3083,227.9367,-32.2329,0.0017,1.0833,-8.7959,0.2196,2026-03-26T11:43:51,2026-03-26T09:50:12.146,145.61,145.61,145.61,145.61,1.0,1.0,2026-03-26T09:50:12.146,145.61,222,2026-03-26 11:43:45 EDT,6538.23,1.0216832384299728,2.1683238429972707,6540.0,159.1,4.800000000000011,3.016970458830931,640,-711359.4239999999,-14587948.8,275731.2,-50195.2,-0.002,0.0,0.0
SPXW,2026-03-31,6685.0,CALL,5,1,2026-03-26T11:43:50.265,34,19.7,22,19.9,0.2075,-4.8661,222.9,68.5431,0.0016,1.0948,-8.8829,0.2198,2026-03-26T11:43:51,2026-03-26T11:40:46.784,30.4,30.4,20.5,20.5,222.0,34.0,2026-03-26T11:40:46.784,20.5,222,2026-03-26 11:43:45 EDT,6538.23,1.0224479713928694,2.2447971392869395,6540.0,19.799999999999997,0.1999999999999993,1.0101010101010066,217,227007.3456,4836930.0,105594.37000000001,4502.75,-0.0002,-0.4,0.0
SPXW,2026-03-31,6685.0,PUT,5,-1,2026-03-26T11:43:50.081,7,160.6,3,165.2,-0.7935,-4.1633,222.2127,-31.8486,0.0016,1.1011,-8.8942,0.2188,2026-03-26T11:43:51,2026-03-26T09:39:59.673,170.18,170.18,170.18,170.18,1.0,1.0,2026-03-26T09:39:59.673,170.18,222,2026-03-26 11:43:45 EDT,6538.23,1.0224479713928694,2.2447971392869395,6540.0,162.89999999999998,4.599999999999994,2.82381829343155,240,-251068.032,-5333104.8,99919.19999999998,-19044.0,-0.0048,0.1,-0.2
SPXW,2026-03-31,6690.0,CALL,5,1,2026-03-26T11:43:50.997,49,18.4,34,18.7,0.1981,-4.704,216.7768,69.8313,0.0016,1.1133,-8.9683,0.2186,2026-03-26T11:43:51,2026-03-26T11:43:35.815,24.8,27.8,18.51,18.55,174.0,35.0,2026-03-26T11:43:35.815,18.55,222,2026-03-26 11:43:45 EDT,6538.23,1.0232127043557662,2.321270435576608,6540.0,18.549999999999997,0.3000000000000007,1.6172506738544516,349,365094.7632,7565510.319999999,164169.59999999998,6913.69,-0.0002,-0.4,0.0
SPXW,2026-03-31,6690.0,PUT,5,-1,2026-03-26T11:43:49.263,7,164.1,9,169.2,-0.8029,-4.0,216.0388,-31.5043,0.0016,1.1195,-8.9776,0.2176,2026-03-26T11:43:51,2026-03-26T11:14:40.775,170.3,173.88,158.51,158.51,6.0,4.0,2026-03-26T11:14:40.775,158.51,222,2026-03-26 11:43:45 EDT,6538.23,1.0232127043557662,2.321270435576608,6540.0,166.64999999999998,5.099999999999994,3.060306030603057,532,-556534.1376,-11493264.16,212800.0,-42714.28,-0.0058,-0.1,-0.0
SPXW,2026-03-31,6695.0,CALL,5,1,2026-03-26T11:43:50.415,25,17.3,28,17.5,0.189,-4.5492,210.6958,71.0496,0.0015,1.1278,-9.0311,0.2176,2026-03-26T11:43:51,2026-03-26T11:31:14.112,23.56,26.3,17.31,17.76,25.0,13.0,2026-03-26T11:31:14.112,17.76,222,2026-03-26 11:43:45 EDT,6538.23,1.0239774373186628,2.397743731866276,6540.0,17.4,0.1999999999999993,1.1494252873563178,280,274605.66,5899482.4,127377.6,5292.0,0.0,-0.35,-0.1
SPXW,2026-03-31,6695.0,PUT,5,-1,2026-03-26T11:43:50.511,3,167.9,2,172.5,-0.8136,-3.7904,208.7768,-31.2579,0.0015,1.1428,-9.0479,0.2151,2026-03-26T11:43:51,2026-03-26T11:40:47.596,174.1,174.1,149.55,168.37,22.0,10.0,2026-03-26T11:40:47.596,168.37,222,2026-03-26 11:43:45 EDT,6538.23,1.0239774373186628,2.397743731866276,6540.0,170.2,4.599999999999994,2.7027027027026995,612,-600209.514,-12777140.160000002,231972.47999999998,-49792.32,-0.0024,0.85,-1.5
SPXW,2026-03-31,6700.0,CALL,5,1,2026-03-26T11:43:50.585,15,16.2,39,16.4,0.1799,-4.3841,204.3056,72.4061,0.0015,1.1414,-9.0749,0.2163,2026-03-26T11:43:51,2026-03-26T11:29:45.69,31.57,31.57,17.05,17.05,693.0,95.0,2026-03-26T11:29:45.69,17.05,222,2026-03-26 11:43:45 EDT,6538.23,1.0247421702815596,2.474217028155945,6540.0,16.299999999999997,0.1999999999999993,1.2269938650306706,5569,5461710.4305,113777788.64,2441505.29,100186.31,-0.0002,-0.3,0.0
SPXW,2026-03-31,6700.0,PUT,5,-1,2026-03-26T11:43:50.681,3,171.8,9,176.8,-0.8215,-3.6682,203.2559,-30.8162,0.0015,1.1489,-9.0807,0.215,2026-03-26T11:43:51,2026-03-26T11:40:47.596,173.92,180.03,151.0,172.27,48.0,26.0,2026-03-26T11:40:47.596,172.27,222,2026-03-26 11:43:45 EDT,6538.23,1.0247421702815596,2.474217028155945,6540.0,174.3,5.0,2.8686173264486516,8200,-8042022.899999999,-166669838.0,3007924.0,-673630.0,-0.0023,0.7,-1.4
SPXW,2026-03-31,6705.0,CALL,5,1,2026-03-26T11:43:50.746,34,15.1,40,15.3,0.1712,-4.2275,198.0129,73.6814,0.0015,1.151,-9.0968,0.2153,2026-03-26T11:43:51,2026-03-26T11:32:02.022,24.05,29.4,14.86,14.95,107.0,37.0,2026-03-26T11:32:02.022,14.95,222,2026-03-26 11:43:45 EDT,6538.23,1.0255069032444561,2.550690324445614,6540.0,15.2,0.20000000000000107,1.3157894736842175,268,262836.846,5306745.72,113297.0,4588.16,0.0,-0.3,0.0
SPXW,2026-03-31,6705.0,PUT,5,-1,2026-03-26T11:43:50.221,1,173.2,1,183.9,-0.8284,-3.5672,198.1949,-30.3373,0.0015,1.1498,-9.0963,0.2155,2026-03-26T11:43:51,2026-03-25T13:44:40.661,136.5,158.55,115.26,124.86,365.0,6.0,2026-03-25T13:44:40.661,124.86,222,2026-03-26 11:43:45 EDT,6538.23,1.0255069032444561,2.550690324445614,6540.0,178.55,10.700000000000017,5.992719126295165,348,-341295.60599999997,-6897182.52,124138.56000000001,-28828.320000000003,0.0001,1.25,-0.5
SPXW,2026-03-31,6710.0,CALL,5,1,2026-03-26T11:43:50.201,42,14.0,36,14.3,0.1625,-4.0615,191.4253,75.0999,0.0014,1.1593,-9.0982,0.214,2026-03-26T11:43:51,2026-03-26T11:17:52.646,19.0,21.6,13.81,15.15,81.0,25.0,2026-03-26T11:17:52.646,15.15,222,2026-03-26 11:43:45 EDT,6538.23,1.0262716362073527,2.627163620735282,6540.0,14.15,0.3000000000000007,2.1201413427561886,1838,1682417.3435999998,35183970.13999999,746503.7,29867.5,0.0,-0.3,0.0
SPXW,2026-03-31,6710.0,PUT,5,-1,2026-03-26T11:43:50.681,7,179.9,9,184.7,-0.8384,-3.362,190.6975,-30.0699,0.0014,1.1636,-9.0974,0.2132,2026-03-26T11:43:51,2026-03-25T14:55:45.182,142.8,142.8,142.8,142.8,2.0,1.0,2026-03-25T14:55:45.182,142.8,222,2026-03-26 11:43:45 EDT,6538.23,1.0262716362073527,2.627163620735282,6540.0,182.3,4.799999999999983,2.6330224904004296,8321,-7616645.656199999,-158679389.75,2797520.2,-697632.64,-0.002,1.0,-1.8
SPXW,2026-03-31,6715.0,CALL,5,1,2026-03-26T11:43:50.18,33,13.1,37,13.3,0.1542,-3.9053,184.9957,76.424,0.0014,1.1636,-9.0789,0.213,2026-03-26T11:43:51,2026-03-26T11:41:47.587,15.1,20.2,13.1,13.1,120.0,55.0,2026-03-26T11:41:47.587,13.1,222,2026-03-26 11:43:45 EDT,6538.23,1.0270363691702495,2.703636917024951,6540.0,13.2,0.20000000000000107,1.5151515151515234,244,223345.93679999997,4513895.08,95289.31999999999,3762.48,0.0002,-0.25,-0.1
SPXW,2026-03-31,6715.0,PUT,5,-1,2026-03-26T11:43:49.262,7,183.7,2,188.3,-0.8489,-3.1331,182.4377,-29.8411,0.0014,1.1772,-9.0672,0.2103,2026-03-26T11:43:51,2026-03-26T11:32:45.047,188.27,188.27,188.27,188.27,1.0,1.0,2026-03-26T11:32:45.047,188.27,222,2026-03-26 11:43:45 EDT,6538.23,1.0270363691702495,2.703636917024951,6540.0,186.0,4.600000000000023,2.4731182795699045,2574,-2356116.5628,-46959463.980000004,806459.9400000001,-218506.86000000002,-0.0069,-0.05,0.1
SPXW,2026-03-31,6720.0,CALL,5,1,2026-03-26T11:43:49.183,34,12.1,35,12.4,0.1459,-3.7401,178.2774,77.9032,0.0013,1.1664,-9.038,0.2117,2026-03-26T11:43:51,2026-03-26T11:30:01.45,24.82,24.82,12.75,12.75,122.0,49.0,2026-03-26T11:30:01.45,12.75,222,2026-03-26 11:43:45 EDT,6538.23,1.0278011021331461,2.78011021331462,6540.0,12.25,0.3000000000000007,2.4489795918367405,404,343387.83959999995,7202406.96,151100.03999999998,5894.360000000001,-0.0002,-0.25,0.1
SPXW,2026-03-31,6720.0,PUT,5,-1,2026-03-26T11:43:50.192,7,188.0,3,192.6,-0.8556,-3.0173,176.9168,-29.3995,0.0013,1.1729,-9.0279,0.2103,2026-03-26T11:43:51,2026-03-25T12:07:16.619,142.58,151.33,135.91,151.33,802.0,10.0,2026-03-25T12:07:16.619,151.33,222,2026-03-26 11:43:45 EDT,6538.23,1.0278011021331461,2.78011021331462,6540.0,190.3,4.599999999999994,2.417235943247501,1168,-992764.8432,-20663882.240000002,352420.64,-99934.08,-0.0064,0.1,-0.2
SPXW,2026-03-31,6725.0,CALL,5,1,2026-03-26T11:43:50.201,37,11.3,51,11.5,0.1382,-3.587,171.8087,79.2576,0.0013,1.1652,-8.9789,0.2108,2026-03-26T11:43:51,2026-03-26T11:33:02.479,15.3,18.07,11.41,11.43,119.0,49.0,2026-03-26T11:33:02.479,11.43,222,2026-03-26 11:43:45 EDT,6538.23,1.028565835096043,2.856583509604288,6540.0,11.4,0.1999999999999993,1.7543859649122744,1079,917117.5220999997,18538158.729999997,387037.3,14911.779999999999,0.0,-0.2,0.0
SPXW,2026-03-31,6725.0,PUT,5,-1,2026-03-26T11:43:50.193,7,191.9,3,196.6,-0.8648,-2.8182,169.1799,-29.1108,0.0013,1.1762,-8.9509,0.2082,2026-03-26T11:43:51,2026-03-26T10:31:53.242,169.68,170.3,169.68,170.3,12.0,11.0,2026-03-26T10:31:53.242,170.3,222,2026-03-26 11:43:45 EDT,6538.23,1.028565835096043,2.856583509604288,6540.0,194.25,4.699999999999989,2.4195624195624137,1398,-1188257.9201999998,-23651350.02,393984.36,-120899.04,-0.0027,0.95,-1.7
SPXW,2026-03-31,6730.0,CALL,5,1,2026-03-26T11:43:50.758,52,10.4,47,10.7,0.13,-3.4136,164.7419,80.9493,0.0012,1.1635,-8.8933,0.2093,2026-03-26T11:43:51,2026-03-26T11:41:47.578,16.7,16.7,10.5,10.5,544.0,91.0,2026-03-26T11:41:47.578,10.5,222,2026-03-26 11:43:45 EDT,6538.23,1.0293305680589395,2.9330568058939566,6540.0,10.55,0.29999999999999893,2.843601895734587,277,217330.76519999997,4563350.629999999,94556.72,3601.0,-0.0003,-0.25,0.1
SPXW,2026-03-31,6730.0,PUT,5,-1,2026-03-26T11:43:50.505,3,196.0,9,201.2,-0.8713,-2.6984,163.5213,-28.6871,0.0012,1.168,-8.8768,0.2081,2026-03-26T11:43:51,2026-03-26T10:28:03.295,176.86,176.86,176.86,176.86,4.0,4.0,2026-03-26T10:28:03.295,176.86,222,2026-03-26 11:43:45 EDT,6538.23,1.0293305680589395,2.9330568058939566,6540.0,198.6,5.199999999999989,2.6183282980866007,346,-271467.3096,-5657836.98,93364.64,-30146.979999999996,-0.0029,0.85,-1.3
SPXW,2026-03-31,6735.0,CALL,5,1,2026-03-26T11:43:50.205,48,9.6,49,9.9,0.1227,-3.2652,158.3049,82.3318,0.0012,1.1567,-8.796,0.2084,2026-03-26T11:43:51,2026-03-26T11:40:46.694,15.89,15.89,10.2,10.2,74.0,32.0,2026-03-26T11:40:46.694,10.2,222,2026-03-26 11:43:45 EDT,6538.23,1.0300953010218363,3.0095301021836254,6540.0,9.75,0.3000000000000007,3.076923076923084,258,202423.6008,4084266.42,84242.16,3165.6600000000003,0.0002,-0.25,0.1
SPXW,2026-03-31,6735.0,PUT,5,-1,2026-03-26T11:43:50.081,7,200.5,9,205.4,-0.8779,-2.5721,157.6889,-28.2824,0.0012,1.1587,-8.786,0.2078,2026-03-26T11:43:51,2026-03-26T02:33:08.898,177.33,177.43,177.33,177.43,10.0,10.0,2026-03-26T02:33:08.898,177.43,222,2026-03-26 11:43:45 EDT,6538.23,1.0300953010218363,3.0095301021836254,6540.0,202.95,4.900000000000006,2.4143877802414417,438,-343649.36879999994,-6906773.819999999,112657.98,-38452.02,-0.0025,1.0,-2.0
SPXW,2026-03-31,6740.0,CALL,5,1,2026-03-26T11:43:49.602,57,8.9,44,9.1,0.1154,-3.1088,151.6075,83.8899,0.0012,1.1482,-8.6759,0.2072,2026-03-26T11:43:51,2026-03-26T11:40:44.701,11.8,14.8,9.4,9.4,98.0,33.0,2026-03-26T11:40:44.701,9.4,222,2026-03-26 11:43:45 EDT,6538.23,1.030860033984733,3.0860033984732937,6540.0,9.0,0.1999999999999993,2.2222222222222143,950,745358.2199999999,14402712.5,295336.0,10963.0,-0.0002,-0.2,-0.0
SPXW,2026-03-31,6740.0,PUT,5,-1,2026-03-26T11:43:50.681,3,204.7,9,209.5,-0.8859,-2.3904,150.2438,-27.9704,0.0012,1.1518,-8.6498,0.206,2026-03-26T11:43:51,2026-03-25T16:00:15.08,158.55,165.55,158.55,161.49,9.0,3.0,2026-03-25T16:00:15.08,161.49,222,2026-03-26 11:43:45 EDT,6538.23,1.030860033984733,3.0860033984732937,6540.0,207.1,4.800000000000011,2.3177209077740275,812,-637085.1312,-12199796.559999999,194100.48,-71935.08,-0.0023,0.95,-1.7
SPXW,2026-03-31,6745.0,CALL,5,1,2026-03-26T11:43:50.257,52,8.2,40,8.4,0.1084,-2.9559,144.9697,85.461,0.0011,1.137,-8.5382,0.2061,2026-03-26T11:43:51,2026-03-26T11:40:46.612,11.2,13.35,8.53,8.7,76.0,29.0,2026-03-26T11:40:46.612,8.7,222,2026-03-26 11:43:45 EDT,6538.23,1.0316247669476297,3.1624766947629626,6540.0,8.3,0.20000000000000107,2.40963855421688,255,183397.35150000002,3696727.3499999996,75375.45,2764.2,-0.0003,-0.2,0.0
SPXW,2026-03-31,6745.0,PUT,5,-1,2026-03-26T11:43:49.272,3,209.0,9,214.8,-0.8891,-2.3617,147.2877,-27.4335,0.0011,1.1318,-8.5875,0.2082,2026-03-26T11:43:51,2026-03-25T14:16:54.002,179.41,179.41,155.57,155.57,2.0,2.0,2026-03-25T14:16:54.002,155.57,222,2026-03-26 11:43:45 EDT,6538.23,1.0316247669476297,3.1624766947629626,6540.0,211.9,5.800000000000011,2.737140160453049,344,-247406.6232,-5066696.88,81242.48,-30585.039999999997,0.0026,1.85,-0.5
SPXW,2026-03-31,6750.0,CALL,5,1,2026-03-26T11:43:50.186,35,7.6,15,7.7,0.1014,-2.7954,138.0634,87.2361,0.0011,1.1237,-8.3754,0.2047,2026-03-26T11:43:51,2026-03-26T11:43:35.815,16.2,16.2,7.54,7.65,601.0,130.0,2026-03-26T11:43:35.815,7.65,222,2026-03-26 11:43:45 EDT,6538.23,1.0323894999105263,3.238949991052631,6540.0,7.65,0.10000000000000053,1.307189542483667,5180,3725483.4540000004,71516841.2,1448017.2,52525.200000000004,-0.0004,-0.15,-0.1
SPXW,2026-03-31,6750.0,PUT,5,-1,2026-03-26T11:43:50.582,3,213.1,8,218.2,-0.9005,-2.0604,136.1307,-27.3032,0.0011,1.1267,-8.3271,0.203,2026-03-26T11:43:51,2026-03-25T15:53:49.473,150.67,176.9,150.67,170.6,35.0,16.0,2026-03-25T15:53:49.473,170.6,222,2026-03-26 11:43:45 EDT,6538.23,1.0323894999105263,3.238949991052631,6540.0,215.64999999999998,5.099999999999994,2.3649431949918824,4359,-3135015.9027,-59339372.129999995,898128.3600000001,-392527.94999999995,-0.01,-0.1,-0.0
SPXW,2026-03-31,6755.0,CALL,5,1,2026-03-26T11:43:49.733,79,6.9,59,7.1,0.095,-2.6529,131.6835,88.7853,0.001,1.1072,-8.2072,0.2038,2026-03-26T11:43:51,2026-03-26T11:42:26.031,11.1,11.5,6.97,6.98,247.0,97.0,2026-03-26T11:42:26.031,6.98,222,2026-03-26 11:43:45 EDT,6538.23,1.033154232873423,3.3154232873422997,6540.0,7.0,0.1999999999999993,2.857142857142847,954,623747.142,12562605.9,253086.65999999997,9063.0,-0.0004,-0.2,-0.0
SPXW,2026-03-31,6755.0,PUT,5,-1,2026-03-26T11:43:42.716,1,214.5,1,225.4,-0.9077,-1.8885,128.7677,-26.9846,0.001,1.1101,-8.1256,0.2012,2026-03-26T11:43:51,2026-03-25T14:46:45.649,157.71,168.77,157.71,168.77,2.0,2.0,2026-03-25T14:46:45.649,168.77,222,2026-03-26 11:43:45 EDT,6538.23,1.033154232873423,3.3154232873422997,6540.0,219.95,10.900000000000006,4.9556717435780895,135,-88266.10500000001,-1738363.9499999997,25494.750000000004,-12253.949999999999,-0.0018,1.1,0.0
SPXW,2026-03-31,6760.0,CALL,5,1,2026-03-26T11:43:50.169,38,6.4,9,6.5,0.089,-2.5169,125.4961,90.296,0.001,1.0883,-8.0278,0.2029,2026-03-26T11:43:51,2026-03-26T11:41:32.611,13.1,13.1,6.72,6.72,212.0,75.0,2026-03-26T11:41:32.611,6.72,222,2026-03-26 11:43:45 EDT,6538.23,1.0339189658363197,3.391896583631968,6540.0,6.45,0.09999999999999964,1.5503875968992191,659,430869.357,8270192.99,165863.71000000002,5865.099999999999,-0.0001,-0.15,-0.1
SPXW,2026-03-31,6760.0,PUT,5,-1,2026-03-26T11:43:50.582,3,221.9,8,227.0,-0.9133,-1.7639,122.9027,-26.6067,0.001,1.0897,-7.9488,0.2006,2026-03-26T11:43:51,2026-03-26T10:28:03.295,201.21,201.21,201.21,201.21,4.0,4.0,2026-03-26T10:28:03.295,201.21,222,2026-03-26 11:43:45 EDT,6538.23,1.0339189658363197,3.391896583631968,6540.0,224.45,5.099999999999994,2.272220984629091,4942,-3231193.266,-60738514.339999996,871719.3800000001,-451352.86,-0.0104,0.0,-0.2
SPXW,2026-03-31,6765.0,CALL,5,1,2026-03-26T11:43:50.271,77,5.8,95,6.0,0.083,-2.3743,119.0808,92.0186,0.0009,1.0674,-7.825,0.2018,2026-03-26T11:43:51,2026-03-26T11:42:26.031,7.7,9.9,5.9,5.9,100.0,37.0,2026-03-26T11:42:26.031,5.9,222,2026-03-26 11:43:45 EDT,6538.23,1.0346836987992163,3.4683698799216374,6540.0,5.9,0.20000000000000018,3.3898305084745792,388,228314.99159999998,4620335.039999999,92122.84,3220.4,0.0002,-0.15,0.1
SPXW,2026-03-31,6765.0,PUT,5,-1,2026-03-26T11:43:50.582,7,226.2,8,231.5,-0.9199,-1.6038,115.843,-26.2824,0.0009,1.0675,-7.7173,0.199,2026-03-26T11:43:51,2026-03-26T11:31:43.968,201.91,230.31,201.91,230.31,101.0,2.0,2026-03-26T11:31:43.968,230.31,222,2026-03-26 11:43:45 EDT,6538.23,1.0346836987992163,3.4683698799216374,6540.0,228.85,5.300000000000011,2.3159274634039813,1339,-787922.0972999999,-15511377.7,214748.81999999998,-123174.61,-0.0051,1.0,-1.6
SPXW,2026-03-31,6770.0,CALL,5,1,2026-03-26T11:43:49.653,76,5.3,27,5.5,0.0773,-2.2393,112.9023,93.6953,0.0009,1.0444,-7.6134,0.2008,2026-03-26T11:43:51,2026-03-26T11:41:16.079,8.8,9.1,5.6,5.8,560.0,76.0,2026-03-26T11:41:16.079,5.8,222,2026-03-26 11:43:45 EDT,6538.23,1.035448431762113,3.5448431762113057,6540.0,5.4,0.20000000000000018,3.703703703703707,1497,880895.7278999998,16901474.31,335223.21,11571.81,0.0002,-0.1,0.0
SPXW,2026-03-31,6770.0,PUT,5,-1,2026-03-26T11:43:49.263,3,231.1,3,236.0,-0.9237,-1.5267,111.6092,-25.8608,0.0009,1.0439,-7.5676,0.1997,2026-03-26T11:43:51,2026-03-26T11:36:54.707,236.94,238.2,208.78,232.7,2381.0,54.0,2026-03-26T11:36:54.707,232.7,222,2026-03-26 11:43:45 EDT,6538.23,1.035448431762113,3.5448431762113057,6540.0,233.55,4.900000000000006,2.0980518090344704,9632,-5667860.822399999,-107501981.44,1470517.44,-889707.8400000001,-0.0044,0.85,-1.7
SPXW,2026-03-31,6775.0,CALL,5,1,2026-03-26T11:43:50.363,13,4.9,15,5.0,0.0716,-2.0971,106.4614,95.6366,0.0008,1.0192,-7.3759,0.1994,2026-03-26T11:43:51,2026-03-26T11:38:18.044,7.59,8.4,5.0,5.2,305.0,74.0,2026-03-26T11:38:18.044,5.2,222,2026-03-26 11:43:45 EDT,6538.23,1.0362131647250097,3.6213164725009745,6540.0,4.95,0.09999999999999964,2.0202020202020132,1390,727051.176,14798134.6,291496.9,9952.4,0.0,-0.05,-0.1
SPXW,2026-03-31,6775.0,PUT,5,-1,2026-03-26T11:43:50.582,3,235.2,8,240.5,-0.9314,-1.3197,102.8589,-25.6052,0.0008,1.0156,-7.2364,0.1964,2026-03-26T11:43:51,2026-03-26T10:01:39.952,234.68,235.1,210.41,210.41,102.0,3.0,2026-03-26T10:01:39.952,210.41,222,2026-03-26 11:43:45 EDT,6538.23,1.0362131647250097,3.6213164725009745,6540.0,237.85,5.300000000000011,2.228295143998323,2833,-1481824.4471999998,-29139926.37,373871.01,-263865.62,-0.0123,0.0,0.0
SPXW,2026-03-31,6780.0,CALL,5,1,2026-03-26T11:43:49.38,118,4.4,73,4.6,0.0668,-1.9804,100.9055,97.1427,0.0008,0.9928,-7.1565,0.1988,2026-03-26T11:43:51,2026-03-26T11:42:17.021,7.4,7.8,4.54,4.54,460.0,66.0,2026-03-26T11:42:17.021,4.54,222,2026-03-26 11:43:45 EDT,6538.23,1.0369778976879065,3.697789768790643,6540.0,4.5,0.1999999999999993,4.444444444444429,942,492721.01279999997,9505298.1,186553.68,6292.5599999999995,0.0,-0.1,-0.0
SPXW,2026-03-31,6780.0,PUT,5,-1,2026-03-26T11:43:48.607,7,239.7,3,244.9,-0.9378,-1.1504,95.3231,-25.3076,0.0008,0.9842,-6.9244,0.194,2026-03-26T11:43:51,2026-03-26T10:19:51.14,239.08,239.08,213.46,218.13,13.0,7.0,2026-03-26T10:19:51.14,218.13,222,2026-03-26 11:43:45 EDT,6538.23,1.0369778976879065,3.697789768790643,6540.0,242.3,5.200000000000017,2.146099876186552,493,-257867.7912,-4699428.83,56714.72,-46233.54,-0.0068,-0.1,0.2
SPXW,2026-03-31,6785.0,CALL,5,1,2026-03-26T11:43:50.162,112,4.0,68,4.2,0.0619,-1.8584,95.1647,98.8793,0.0007,0.9645,-6.9158,0.1978,2026-03-26T11:43:51,2026-03-26T11:32:00.484,5.74,6.7,4.0,4.0,63.0,20.0,2026-03-26T11:32:00.484,4.0,222,2026-03-26 11:43:45 EDT,6538.23,1.037742630650803,3.7742630650803113,6540.0,4.1,0.20000000000000018,4.87804878048781,278,127233.9558,2645578.66,51663.520000000004,1720.8199999999997,-0.0001,-0.1,0.0
SPXW,2026-03-31,6785.0,PUT,5,-1,2026-03-26T11:43:50.194,7,244.5,3,249.4,-0.9423,-1.0402,89.9301,-24.9489,0.0007,0.9541,-6.6853,0.1933,2026-03-26T11:43:51,2026-03-26T10:21:00.981,220.06,222.83,220.06,221.69,12.0,3.0,2026-03-26T10:21:00.981,221.69,222,2026-03-26 11:43:45 EDT,6538.23,1.037742630650803,3.7742630650803113,6540.0,246.95,4.900000000000006,1.9842073294189129,587,-268655.87069999997,-5278896.87,61059.74,-55313.009999999995,-0.0078,0.6,-1.2
SPXW,2026-03-31,6790.0,CALL,5,1,2026-03-26T11:43:50.681,136,3.6,31,3.8,0.057,-1.7308,89.2176,100.8883,0.0007,0.934,-6.6513,0.1966,2026-03-26T11:43:51,2026-03-26T11:41:32.611,5.88,6.12,3.67,3.9,163.0,45.0,2026-03-26T11:41:32.611,3.9,222,2026-03-26 11:43:45 EDT,6538.23,1.0385073636136999,3.85073636136998,6540.0,3.7,0.19999999999999973,5.405405405405398,679,310762.0719,6057875.04,117521.31999999999,3870.3,-0.0001,-0.1,0.0
SPXW,2026-03-31,6790.0,PUT,5,-1,2026-03-26T11:43:50.505,3,249.3,3,254.3,-0.9446,-0.9965,87.0743,-24.5284,0.0007,0.929,-6.5527,0.1947,2026-03-26T11:43:51,2026-03-26T10:53:55.929,252.95,252.95,224.48,249.34,7.0,4.0,2026-03-26T10:53:55.929,249.34,222,2026-03-26 11:43:45 EDT,6538.23,1.0385073636136999,3.85073636136998,6540.0,251.8,5.0,1.9857029388403495,824,-377125.10639999993,-7174922.319999999,82111.6,-77835.04000000001,-0.0044,1.05,-1.7
SPXW,2026-03-31,6795.0,CALL,5,1,2026-03-26T11:43:50.697,110,3.3,101,3.5,0.0531,-1.6327,84.3685,102.2852,0.0007,0.9045,-6.4236,0.1961,2026-03-26T11:43:51,2026-03-26T11:31:15.932,4.74,5.49,3.48,3.48,91.0,25.0,2026-03-26T11:31:15.932,3.48,222,2026-03-26 11:43:45 EDT,6538.23,1.0392720965765965,3.9272096576596485,6540.0,3.4,0.20000000000000018,5.882352941176476,276,126318.6036,2328570.5999999996,45062.520000000004,1465.56,0.0009,0.0,0.0
SPXW,2026-03-31,6795.0,PUT,5,-1,2026-03-26T11:43:50.582,3,254.0,8,258.9,-0.9491,-0.8784,81.4465,-24.1978,0.0006,0.8962,-6.2821,0.1936,2026-03-26T11:43:51,2026-03-24T14:18:09.077,239.87,239.87,239.87,239.87,1.0,1.0,2026-03-24T14:18:09.077,239.87,222,2026-03-26 11:43:45 EDT,6538.23,1.0392720965765965,3.9272096576596485,6540.0,256.45,4.899999999999977,1.9107038409046508,330,-129456.95399999997,-2687734.5,28987.2,-31320.300000000003,-0.0138,0.15,-0.5
SPY,2026-03-26,634.0,CALL,0,1,2026-03-26T11:43:51.372,90,17.26,70,17.85,0.9466,-3.3979,1.5622,35.1306,0.0099,-0.2281,177.6973,0.7601,2026-03-26T11:43:53.34,2026-03-26T09:47:06.691,17.59,19.11,17.59,19.11,15.0,3.0,2026-03-26T09:47:06.691,19.11,222,2026-03-26 11:43:45 EDT,651.29,0.9734526862073731,-2.6547313792626888,651.0,17.555,0.5899999999999999,3.3608658501851316,19,12250.7649,2968.18,6456.01,1798.54,,,
SPY,2026-03-26,635.0,CALL,0,1,2026-03-26T11:43:51.888,60,16.22,57,16.86,0.9457,-3.2598,1.5829,37.238,0.0106,-0.2432,179.2243,0.7191,2026-03-26T11:43:53.34,2026-03-26T11:31:25.174,18.54,19.55,15.86,16.37,42.0,23.0,2026-03-26T11:31:25.174,16.37,222,2026-03-26 11:43:45 EDT,651.29,0.9749881005389305,-2.5011899461069516,651.0,16.54,0.6400000000000006,3.8694074969770296,129,89057.39459999999,20419.41,42051.42,12199.53,,,
SPY,2026-03-26,636.0,CALL,0,1,2026-03-26T11:43:51.89,86,15.23,33,15.86,0.9434,-3.1958,1.6338,39.5444,0.0115,-0.2612,182.7527,0.6828,2026-03-26T11:43:53.34,2026-03-26T11:36:09.97,16.11,16.71,15.17,15.62,10.0,8.0,2026-03-26T11:36:09.97,15.62,222,2026-03-26 11:43:45 EDT,651.29,0.9765235148704878,-2.347648512951215,651.0,15.545,0.629999999999999,4.052750080411702,16,11983.735999999999,2614.08,5113.280000000001,1509.44,,,
SPY,2026-03-26,637.0,CALL,0,1,2026-03-26T11:43:52.831,35,14.23,56,14.87,0.939,-3.241,1.7328,42.0371,0.0128,-0.2828,189.2584,0.6531,2026-03-26T11:43:53.34,2026-03-26T11:31:55.128,15.0,17.27,14.0,14.0,44.0,15.0,2026-03-26T11:31:55.128,14.0,222,2026-03-26 11:43:45 EDT,651.29,0.9780589292020452,-2.1941070797954776,651.0,14.55,0.6399999999999988,4.398625429553256,30,25009.536,5198.4,9723.0,2817.0,,,
SPY,2026-03-26,638.0,CALL,0,1,2026-03-26T11:43:51.371,40,13.24,49,13.87,0.9359,-3.1878,1.8032,44.9838,0.0141,-0.3063,193.668,0.6171,2026-03-26T11:43:53.34,2026-03-26T11:35:34.011,12.98,16.29,12.98,13.6,57.0,37.0,2026-03-26T11:35:34.011,13.6,222,2026-03-26 11:43:45 EDT,651.29,0.9795943435336026,-2.04056564663974,651.0,13.555,0.629999999999999,4.647731464404272,25,22957.972499999996,4508.0,7969.500000000001,2339.7499999999995,,,
SPY,2026-03-26,639.0,CALL,0,1,2026-03-26T11:43:51.89,38,12.24,37,12.88,0.9306,-3.2159,1.9165,48.2558,0.0158,-0.3339,200.3713,0.5859,2026-03-26T11:43:53.34,2026-03-26T11:07:18.33,13.12,15.29,11.99,13.44,32.0,26.0,2026-03-26T11:07:18.33,13.44,222,2026-03-26 11:43:45 EDT,651.29,0.98112975786516,-1.887024213484003,651.0,12.56,0.6400000000000006,5.0955414012738895,13,13377.4966,2491.45,4180.67,1209.78,,,
SPY,2026-03-26,643.0,CALL,0,1,2026-03-26T11:43:52.683,98,8.29,77,8.57,0.9432,-1.7575,1.6397,72.8726,0.0215,-0.4877,183.7358,0.3681,2026-03-26T11:43:53.34,2026-03-26T11:43:52.152,8.51,11.7,8.07,8.44,1771.0,292.0,2026-03-26T11:43:52.152,8.44,222,2026-03-26 11:43:45 EDT,651.29,0.9872714151913895,-1.2728584808610548,651.0,8.43,0.28000000000000114,3.321470937129314,67,93818.32449999999,10985.99,11775.25,6319.4400000000005,,,
SPY,2026-03-26,644.0,CALL,0,1,2026-03-26T11:43:52.801,86,7.32,101,7.49,0.9481,-1.409,1.5251,83.4518,0.0234,-0.5467,175.856,0.3144,2026-03-26T11:43:53.34,2026-03-26T11:43:51.54,8.23,10.8,7.1,7.39,2889.0,437.0,2026-03-26T11:43:51.54,7.39,222,2026-03-26 11:43:45 EDT,651.29,0.9888068295229469,-1.1193170477053176,651.0,7.405,0.16999999999999993,2.2957461174881826,280,426725.20800000004,42702.799999999996,39452.0,26546.800000000003,,,
SPY,2026-03-26,645.0,CALL,0,1,2026-03-26T11:43:51.98,26,6.4,25,6.43,0.9391,-1.4484,1.7317,95.4312,0.0293,-0.651,189.7877,0.2851,2026-03-26T11:43:53.34,2026-03-26T11:43:15.673,7.06,9.82,6.22,6.56,3359.0,483.0,2026-03-26T11:43:15.673,6.56,222,2026-03-26 11:43:45 EDT,651.29,0.9903422438545042,-0.9657756145495806,651.0,6.415,0.02999999999999936,0.46765393608728545,467,891166.6198999999,80870.39,67640.28,43855.97,-0.0039,-0.105,-0.01
SPY,2026-03-26,645.0,PUT,0,-1,2026-03-26T11:43:51.653,3036,0.12,812,0.13,-0.0653,-1.4978,1.83,-354.1535,0.0303,-0.6561,195.8408,0.2919,2026-03-26T11:43:53.34,2026-03-26T11:43:53.159,0.43,0.51,0.11,0.13,41933.0,5505.0,2026-03-26T11:43:53.159,0.13,222,2026-03-26 11:43:45 EDT,651.29,0.9903422438545042,-0.9657756145495806,651.0,0.125,0.010000000000000009,8.000000000000007,9006,-17772518.7522,-1648098.0,1348918.68,-58809.17999999999,-0.0039,0.0,0.0
SPY,2026-03-26,646.0,CALL,0,1,2026-03-26T11:43:52.789,2,5.47,24,5.49,0.9057,-1.9749,2.4158,107.6305,0.0414,-0.7792,224.6777,0.2822,2026-03-26T11:43:53.34,2026-03-26T11:43:47.539,6.16,9.01,5.31,5.48,3396.0,513.0,2026-03-26T11:43:47.539,5.48,222,2026-03-26 11:43:45 EDT,651.29,0.9918776581860616,-0.8122341813938436,651.0,5.48,0.020000000000000462,0.3649635036496434,1166,3143933.1396,281682.27999999997,230273.34,105604.62,0.0,-0.1,-0.02
SPY,2026-03-26,646.0,PUT,0,-1,2026-03-26T11:43:52.87,2686,0.18,361,0.19,-0.0942,-1.9105,2.4157,-342.2308,0.0414,-0.7792,224.6815,0.2822,2026-03-26T11:43:53.34,2026-03-26T11:43:49.049,0.54,0.67,0.15,0.19,45262.0,5344.0,2026-03-26T11:43:49.049,0.19,222,2026-03-26 11:43:45 EDT,651.29,0.9918776581860616,-0.8122341813938436,651.0,0.185,0.010000000000000009,5.405405405405411,6953,-18747656.1918,-1679636.2100000002,1328370.65,-65497.26000000001,-0.0049,0.0,0.0
SPY,2026-03-26,647.0,CALL,0,1,2026-03-26T11:43:53.082,66,4.55,64,4.59,0.8649,-2.4515,3.1222,123.2682,0.0553,-0.8726,243.1097,0.2729,2026-03-26T11:43:53.34,2026-03-26T11:43:13.663,5.5,7.95,4.3,4.69,4883.0,711.0,2026-03-26T11:43:13.663,4.69,222,2026-03-26 11:43:45 EDT,651.29,0.9934130725176189,-0.6586927482381065,651.0,4.57,0.040000000000000036,0.8752735229759306,535,1926874.0295,167037.69999999998,131155.24999999997,46272.15,-0.0015,-0.1,0.0
SPY,2026-03-26,647.0,PUT,0,-1,2026-03-26T11:43:52.565,893,0.28,362,0.29,-0.138,-2.4532,3.169,-321.922,0.0554,-0.8639,243.6823,0.2763,2026-03-26T11:43:53.34,2026-03-26T11:43:47.122,0.7,0.87,0.2,0.28,61071.0,8593.0,2026-03-26T11:43:47.122,0.28,222,2026-03-26 11:43:45 EDT,651.29,0.9934130725176189,-0.6586927482381065,651.0,0.28500000000000003,0.009999999999999953,3.5087719298245448,5706,-20588084.499599997,-1808231.4,1399795.92,-78742.80000000002,-0.002,0.01,-0.0
SPY,2026-03-26,648.0,CALL,0,1,2026-03-26T11:43:53.087,30,3.7,96,3.73,0.8073,-2.9958,3.9349,141.7312,0.0715,-0.8867,240.456,0.2661,2026-03-26T11:43:53.34,2026-03-26T11:43:39.22,4.68,7.13,3.48,3.72,8607.0,1243.0,2026-03-26T11:43:39.22,3.72,222,2026-03-26 11:43:45 EDT,651.29,0.9949484868491764,-0.5051513150823694,651.0,3.715,0.029999999999999805,0.80753701211305,1078,5019947.932999999,424182.22,322947.24,87026.94,-0.0005,-0.095,-0.01
SPY,2026-03-26,648.0,PUT,0,-1,2026-03-26T11:43:53.082,1216,0.42,179,0.43,-0.1952,-2.9877,3.9669,-302.8254,0.0713,-0.8745,239.7551,0.269,2026-03-26T11:43:53.34,2026-03-26T11:43:53.412,0.91,1.13,0.27,0.42,77556.0,13066.0,2026-03-26T11:43:53.412,0.42,222,2026-03-26 11:43:45 EDT,651.29,0.9949484868491764,-0.5051513150823694,651.0,0.425,0.010000000000000009,2.35294117647059,8992,-41756129.718399994,-3567036.4799999995,2686539.84,-175523.84000000003,-0.0029,0.01,0.0
SPY,2026-03-26,649.0,CALL,0,1,2026-03-26T11:43:53.083,22,2.91,282,2.94,0.7313,-3.5297,4.7419,163.1324,0.0878,-0.7714,204.7212,0.2612,2026-03-26T11:43:53.34,2026-03-26T11:43:47.654,4.0,6.18,2.75,2.92,7798.0,1377.0,2026-03-26T11:43:47.654,2.92,222,2026-03-26 11:43:45 EDT,651.29,0.9964839011807337,-0.35160988192663234,651.0,2.925,0.029999999999999805,1.025641025641019,508,2904909.7096,240888.52000000002,179308.76,37150.03999999999,0.0,-0.085,-0.01
SPY,2026-03-26,649.0,PUT,0,-1,2026-03-26T11:43:53.082,780,0.63,303,0.64,-0.2705,-3.5096,4.7584,-279.8006,0.0873,-0.7598,203.5132,0.2636,2026-03-26T11:43:53.34,2026-03-26T11:43:52.95,1.19,1.45,0.34,0.63,88697.0,13825.0,2026-03-26T11:43:52.95,0.63,222,2026-03-26 11:43:45 EDT,651.29,0.9964839011807337,-0.35160988192663234,651.0,0.635,0.010000000000000009,1.5748031496063006,3326,-18910843.414199997,-1582643.8399999999,1167292.96,-89968.30000000002,-0.0025,0.02,0.0
SPY,2026-03-26,650.0,CALL,0,1,2026-03-26T11:43:53.082,25,2.21,112,2.22,0.6382,-3.9535,5.3877,187.1576,0.1009,-0.5048,131.4233,0.2583,2026-03-26T11:43:53.34,2026-03-26T11:43:47.837,3.35,5.36,2.07,2.2,26438.0,4143.0,2026-03-26T11:43:53.84,2.23,222,2026-03-26 11:43:45 EDT,651.29,0.9980193155122911,-0.19806844877089524,651.0,2.215,0.010000000000000231,0.45146726862303527,2104,13826469.8744,1133572.0799999998,831816.4,134277.28,0.0,-0.075,-0.01
SPY,2026-03-26,650.0,PUT,0,-1,2026-03-26T11:43:53.082,497,0.92,90,0.93,-0.3617,-3.8887,5.3877,-256.2878,0.1009,-0.5048,131.4233,0.2583,2026-03-26T11:43:53.34,2026-03-26T11:43:53.198,1.51,1.85,0.48,0.92,238520.0,32688.0,2026-03-26T11:43:53.823,0.93,222,2026-03-26 11:43:45 EDT,651.29,0.9980193155122911,-0.19806844877089524,651.0,0.925,0.010000000000000009,1.081081081081082,9155,-60162229.895500004,-4932439.35,3560104.8499999996,-331136.35000000003,-0.0021,0.03,0.0
SPY,2026-03-26,651.0,CALL,0,1,2026-03-26T11:43:53.082,17,1.61,290,1.62,0.534,-4.1096,5.7145,216.0085,0.1089,-0.1252,30.0075,0.2536,2026-03-26T11:43:53.34,2026-03-26T11:43:51.929,2.9,4.53,1.51,1.62,59735.0,9903.0,2026-03-26T11:43:51.929,1.62,222,2026-03-26 11:43:45 EDT,651.29,0.9995547298438484,-0.04452701561515817,651.0,1.6150000000000002,0.010000000000000009,0.619195046439629,750,5319411.074999999,428587.5,308220.0,40050.0,-0.0007,-0.06,0.0
SPY,2026-03-26,651.0,PUT,0,-1,2026-03-26T11:43:53.085,269,1.32,82,1.33,-0.4661,-4.0763,5.7148,-230.0287,0.1081,-0.1232,29.7625,0.2556,2026-03-26T11:43:53.34,2026-03-26T11:43:52.998,1.86,2.33,0.64,1.32,220132.0,34390.0,2026-03-26T11:43:53.947,1.33,222,2026-03-26 11:43:45 EDT,651.29,0.9995547298438484,-0.04452701561515817,651.0,1.3250000000000002,0.010000000000000009,0.754716981132076,4498,-31667921.1602,-2570517.04,1833519.74,-209651.78,-0.0007,0.05,0.0
SPY,2026-03-26,652.0,CALL,0,1,2026-03-26T11:43:53.082,37,1.12,384,1.13,0.4245,-4.0093,5.6325,246.728,0.1083,0.3051,-81.3103,0.2514,2026-03-26T11:43:53.34,2026-03-26T11:43:52.866,2.31,3.8,1.06,1.12,143832.0,22747.0,2026-03-26T11:43:52.866,1.12,222,2026-03-26 11:43:45 EDT,651.29,1.0010901441754059,0.10901441754057892,651.0,1.125,0.009999999999999787,0.88888888888887,2136,15066213.415199999,1203102.0,856386.48,90673.2,0.0007,-0.05,-0.0
SPY,2026-03-26,652.0,PUT,0,-1,2026-03-26T11:43:53.081,234,1.83,29,1.84,-0.5748,-3.9764,5.6341,-204.5877,0.1075,0.3006,-80.724,0.2534,2026-03-26T11:43:53.34,2026-03-26T11:43:51.422,2.3,2.87,0.85,1.83,245189.0,39161.0,2026-03-26T11:43:51.422,1.83,222,2026-03-26 11:43:45 EDT,651.29,1.0010901441754059,0.10901441754057892,651.0,1.835,0.010000000000000009,0.5449591280653956,3962,-27739418.034999996,-2232230.42,1575449.68,-227735.75999999998,0.0005,0.06,0.0
SPY,2026-03-26,653.0,CALL,0,1,2026-03-26T11:43:53.086,59,0.75,898,0.76,0.3202,-3.6531,5.1432,278.2231,0.099,0.6727,-175.7693,0.2512,2026-03-26T11:43:53.34,2026-03-26T11:43:53.271,1.84,3.1,0.72,0.75,148893.0,24819.0,2026-03-26T11:43:53.271,0.75,222,2026-03-26 11:43:45 EDT,651.29,1.0026255585069632,0.262555850696316,651.0,0.755,0.010000000000000009,1.3245033112582794,3106,20026776.726,1597477.9200000002,1134652.8599999999,99454.12,0.002,-0.03,0.0
SPY,2026-03-26,653.0,PUT,0,-1,2026-03-26T11:43:53.082,209,2.45,20,2.47,-0.6782,-3.6269,5.153,-179.5999,0.0983,0.6624,-174.5951,0.2534,2026-03-26T11:43:53.34,2026-03-26T11:43:52.307,2.82,3.5,1.13,2.47,196533.0,36153.0,2026-03-26T11:43:52.307,2.47,222,2026-03-26 11:43:45 EDT,651.29,1.0026255585069632,0.262555850696316,651.0,2.46,0.020000000000000018,0.8130081300813016,4741,-30352738.6987,-2443037.3,1719513.29,-321534.62,0.0,0.065,-0.01
SPY,2026-03-26,654.0,CALL,0,1,2026-03-26T11:43:53.084,559,0.48,927,0.49,0.229,-3.0935,4.355,311.1237,0.0837,0.9006,-234.3773,0.2514,2026-03-26T11:43:53.34,2026-03-26T11:43:52.986,1.52,2.48,0.47,0.48,169440.0,27794.0,2026-03-26T11:43:52.986,0.48,222,2026-03-26 11:43:45 EDT,651.29,1.0041609728385206,0.4160972838520531,651.0,0.485,0.010000000000000009,2.061855670103095,1540,8394997.842,670670.0000000001,476399.0,35266.0,-0.0005,-0.02,0.0
SPY,2026-03-26,654.0,PUT,0,-1,2026-03-26T11:43:53.083,92,3.18,37,3.21,-0.7683,-3.0842,4.3827,-156.8435,0.0833,0.8856,-233.1747,0.2543,2026-03-26T11:43:53.34,2026-03-26T11:43:44.305,3.42,4.17,1.49,3.14,167646.0,29092.0,2026-03-26T11:43:44.305,3.14,222,2026-03-26 11:43:45 EDT,651.29,1.0041609728385206,0.4160972838520531,651.0,3.1950000000000003,0.029999999999999805,0.9389671361502285,4796,-26019478.3772,-2101942.92,1479182.32,-368476.68,-0.002,0.08,0.0
SPY,2026-03-26,655.0,CALL,0,1,2026-03-26T11:43:53.081,112,0.31,2231,0.32,0.1596,-2.5323,3.4929,336.2243,0.0657,0.9474,-251.2585,0.2568,2026-03-26T11:43:53.34,2026-03-26T11:43:50.551,1.11,1.95,0.3,0.32,172033.0,28884.0,2026-03-26T11:43:53.742,0.32,222,2026-03-26 11:43:45 EDT,651.29,1.005696387170078,0.5696387170077902,651.0,0.315,0.010000000000000009,3.174603174603177,4032,17252828.409599997,1408337.28,1021023.3600000001,64350.72,0.0029,-0.01,0.0
SPY,2026-03-26,655.0,PUT,0,-1,2026-03-26T11:43:53.083,111,4.01,37,4.04,-0.8371,-2.5342,3.5386,-135.6397,0.0657,0.9349,-251.2267,0.2602,2026-03-26T11:43:53.34,2026-03-26T11:43:52.128,4.05,4.93,1.93,4.03,69149.0,10990.0,2026-03-26T11:43:52.128,4.03,222,2026-03-26 11:43:45 EDT,651.29,1.005696387170078,0.5696387170077902,651.0,4.025,0.03000000000000025,0.7453416149068385,15766,-67462324.5798,-5578956.76,3995419.7199999997,-1319771.86,0.0,0.095,-0.01
SPY,2026-03-26,656.0,CALL,0,1,2026-03-26T11:43:53.082,36,0.2,2632,0.21,0.1093,-2.0066,2.6925,356.4336,0.0493,0.876,-238.6252,0.2641,2026-03-26T11:43:53.34,2026-03-26T11:43:52.087,0.84,1.49,0.19,0.21,94053.0,16140.0,2026-03-26T11:43:52.087,0.21,222,2026-03-26 11:43:45 EDT,651.29,1.0072318015016353,0.7231801501635273,651.0,0.20500000000000002,0.009999999999999981,4.878048780487795,5047,16205208.9059,1358904.7499999998,1012731.0200000001,55163.70999999999,0.0015,-0.01,-0.0
SPY,2026-03-26,656.0,PUT,0,-1,2026-03-26T11:43:53.082,20,4.9,37,4.93,-0.8867,-2.0255,2.7597,-117.6216,0.0497,0.8688,-240.6002,0.2685,2026-03-26T11:43:53.34,2026-03-26T11:43:16.536,4.79,5.76,2.5,4.77,31966.0,5010.0,2026-03-26T11:43:16.536,4.77,222,2026-03-26 11:43:45 EDT,651.29,1.0072318015016353,0.7231801501635273,651.0,4.915,0.02999999999999936,0.6103763987792342,6330,-20489648.529,-1746890.1,1282141.5,-561281.1000000001,0.0019,0.105,-0.01
SPY,2026-03-26,657.0,CALL,0,1,2026-03-26T11:43:52.644,842,0.13,3222,0.14,0.0741,-1.5505,2.018,372.8649,0.0358,0.7477,-209.8896,0.2724,2026-03-26T11:43:53.34,2026-03-26T11:43:52.638,0.64,1.13,0.12,0.14,103907.0,12686.0,2026-03-26T11:43:52.638,0.14,222,2026-03-26 11:43:45 EDT,651.29,1.0087672158331926,0.8767215833192643,651.0,0.135,0.010000000000000009,7.407407407407414,5162,12035813.1484,1041691.6,800368.1,38250.42,0.0049,0.0,0.0
SPY,2026-03-26,657.0,PUT,0,-1,2026-03-26T11:43:52.852,32,5.79,52,5.89,-0.9214,-1.589,2.1081,-102.761,0.0366,0.7486,-214.6695,0.2783,2026-03-26T11:43:53.34,2026-03-26T11:43:51.314,5.58,6.58,3.11,5.79,17438.0,2662.0,2026-03-26T11:43:51.314,5.79,222,2026-03-26 11:43:45 EDT,651.29,1.0087672158331926,0.8767215833192643,651.0,5.84,0.09999999999999964,1.7123287671232816,7634,-18197329.1676,-1609323.54,1213042.5999999999,-703396.76,0.0049,0.12,-0.06
SPY,2026-03-26,658.0,CALL,0,1,2026-03-26T11:43:52.386,927,0.09,3895,0.1,0.0523,-1.2365,1.5383,378.249,0.026,0.6111,-179.4206,0.2851,2026-03-26T11:43:53.34,2026-03-26T11:43:47.754,0.47,0.82,0.08,0.09,66074.0,9691.0,2026-03-26T11:43:47.754,0.09,222,2026-03-26 11:43:45 EDT,651.29,1.01030263016475,1.0302630164750015,651.0,0.095,0.010000000000000009,10.526315789473694,5732,9706305.127999999,881753.5599999999,708761.7999999999,29978.359999999997,0.0039,0.0,0.0
SPY,2026-03-26,658.0,PUT,0,-1,2026-03-26T11:43:52.276,35,6.76,20,6.85,-0.9428,-1.2962,1.6491,-90.2889,0.0272,0.6207,-187.2284,0.2929,2026-03-26T11:43:53.34,2026-03-26T11:43:04.973,6.42,7.47,3.82,6.76,9601.0,1607.0,2026-03-26T11:43:04.973,6.76,222,2026-03-26 11:43:45 EDT,651.29,1.01030263016475,1.0302630164750015,651.0,6.805,0.08999999999999986,1.322556943423951,4528,-8021391.846399998,-746712.48,586919.3600000001,-426899.83999999997,0.0049,0.12,-0.06
SPY,2026-03-27,630.0,CALL,1,1,2026-03-26T11:43:51.275,12,21.54,14,21.86,0.9444,-0.7125,4.1473,28.346,0.0081,-0.4749,27.1145,0.371,2026-03-26T11:43:54.377,2026-03-26T11:30:01.215,22.0,25.0,21.65,21.91,27.0,7.0,2026-03-26T11:30:01.215,21.91,222,2026-03-26 11:43:45 EDT,651.3,0.9672961768770153,-3.2703823122984734,651.0,21.7,0.3200000000000003,1.4746543778801857,828,436813.88399999996,343396.44,58995.00000000001,78196.32,0.0063,-0.06,0.12
SPY,2026-03-27,631.0,CALL,1,1,2026-03-26T11:43:51.4,12,20.54,28,21.11,0.9295,-0.8696,4.993,29.0783,0.0095,-0.5113,30.1051,0.3828,2026-03-26T11:43:54.377,2026-03-26T10:23:58.339,21.0,23.78,21.0,23.78,9.0,6.0,2026-03-26T10:23:58.339,23.78,222,2026-03-26 11:43:45 EDT,651.3,0.9688315676339629,-3.116843236603709,651.0,20.825,0.5700000000000003,2.7370948379351754,236,146021.46,117834.80000000002,20522.56,21936.2,0.0181,0.0,0.0
SPY,2026-03-27,632.0,CALL,1,1,2026-03-26T11:43:52.661,12,19.56,28,20.19,0.922,-0.9218,5.3921,30.2247,0.0104,-0.5396,31.3145,0.3774,2026-03-26T11:43:54.377,2026-03-26T11:05:29.662,19.8,22.2,19.8,20.86,13.0,8.0,2026-03-26T11:05:29.662,20.86,222,2026-03-26 11:43:45 EDT,651.3,0.9703669583909106,-2.9633041609089443,651.0,19.875,0.6300000000000026,3.16981132075473,701,474823.752,377986.21,64618.17999999999,64632.2,0.0161,0.0,0.0
SPY,2026-03-27,633.0,CALL,1,1,2026-03-26T11:43:51.442,12,18.6,28,19.23,0.9151,-0.9594,5.7479,31.52,0.0113,-0.5684,32.2838,0.3696,2026-03-26T11:43:54.377,2026-03-26T11:00:26.01,19.8,20.15,18.73,19.8,41.0,6.0,2026-03-26T11:00:26.01,19.8,222,2026-03-26 11:43:45 EDT,651.3,0.9719023491478582,-2.8097650852141802,651.0,18.915,0.629999999999999,3.3306899286280682,398,292915.66199999995,228766.41999999998,38184.12,36420.98,0.0152,0.0,0.0
SPY,2026-03-27,634.0,CALL,1,1,2026-03-26T11:43:52.662,27,17.28,28,18.16,0.9335,-0.704,4.7703,34.3138,0.0109,-0.6009,29.4051,0.3186,2026-03-26T11:43:54.377,2026-03-26T11:04:54.352,20.79,20.8,18.5,18.5,5.0,4.0,2026-03-26T11:04:54.352,18.5,222,2026-03-26 11:43:45 EDT,651.3,0.9734377399048059,-2.6562260095194157,651.0,17.72,0.879999999999999,4.966139954853268,416,295325.47199999995,198444.48,29286.399999999998,38833.6,0.0193,0.0,0.0
SPY,2026-03-27,635.0,CALL,1,1,2026-03-26T11:43:39.742,12,16.65,12,16.9,0.9245,-0.7594,5.2606,35.907,0.0122,-0.6424,30.9573,0.3139,2026-03-26T11:43:54.377,2026-03-26T11:17:02.414,17.08,18.06,16.68,17.28,14.0,11.0,2026-03-26T11:17:02.414,17.28,222,2026-03-26 11:43:45 EDT,651.3,0.9749731306617535,-2.5026869338246516,651.0,16.775,0.25,1.490312965722802,798,634079.6279999999,419795.88,60600.119999999995,73775.09999999999,0.0171,-0.01,-0.02
SPY,2026-03-27,635.0,PUT,1,-1,2026-03-26T11:43:54.069,673,0.24,591,0.25,-0.0543,-0.482,4.0744,-147.1596,0.0106,-0.623,26.8546,0.2807,2026-03-26T11:43:54.377,2026-03-26T11:43:22.302,0.41,0.46,0.2,0.24,14172.0,623.0,2026-03-26T11:43:22.302,0.24,222,2026-03-26 11:43:45 EDT,651.3,0.9749731306617535,-2.5026869338246516,651.0,0.245,0.010000000000000009,4.081632653061228,15304,-10565544.911999999,-6235461.76,737652.7999999999,-83100.72,-0.001,0.0,0.0
SPY,2026-03-27,636.0,CALL,1,1,2026-03-26T11:43:54.023,12,15.7,28,16.33,0.8947,-1.0242,6.7373,36.4009,0.0145,-0.6636,34.4496,0.3383,2026-03-26T11:43:54.377,2026-03-26T10:41:09.408,17.9,17.9,17.81,17.81,4.0,2.0,2026-03-26T10:41:09.408,17.81,222,2026-03-26 11:43:45 EDT,651.3,0.9765085214187011,-2.3491478581298875,651.0,16.015,0.629999999999999,3.9338120512019916,143,135047.055,96343.39,14646.06,12794.210000000001,0.0124,0.0,0.0
SPY,2026-03-27,636.0,PUT,1,-1,2026-03-26T11:43:54.152,765,0.28,539,0.29,-0.0627,-0.5303,4.5636,-146.1682,0.012,-0.678,28.6972,0.2758,2026-03-26T11:43:54.377,2026-03-26T11:43:42.549,0.47,0.52,0.23,0.29,5373.0,303.0,2026-03-26T11:43:42.549,0.29,222,2026-03-26 11:43:45 EDT,651.3,0.9765085214187011,-2.3491478581298875,651.0,0.28500000000000003,0.009999999999999953,3.5087719298245448,3115,-2434559.4,-1421561.4,165188.44999999998,-19531.050000000003,-0.0015,0.0,0.0
SPY,2026-03-27,637.0,CALL,1,1,2026-03-26T11:43:52.662,12,14.74,28,15.39,0.8853,-1.0577,7.165,38.2876,0.0158,-0.6959,35.1367,0.3293,2026-03-26T11:43:54.377,2026-03-26T09:46:06.696,15.26,16.78,15.26,16.78,14.0,4.0,2026-03-26T09:46:06.696,16.78,222,2026-03-26 11:43:45 EDT,651.3,0.9780439121756488,-2.195608782435123,651.0,15.065000000000001,0.6500000000000004,4.314636574842352,188,193462.152,134702.0,19884.760000000002,16643.64,0.0117,0.0,0.0
SPY,2026-03-27,637.0,PUT,1,-1,2026-03-26T11:43:54.243,682,0.33,492,0.34,-0.0732,-0.5888,5.1415,-144.2691,0.0138,-0.7341,30.6111,0.2719,2026-03-26T11:43:54.377,2026-03-26T11:43:42.549,0.52,0.61,0.27,0.33,7027.0,460.0,2026-03-26T11:43:42.549,0.33,222,2026-03-26 11:43:45 EDT,651.3,0.9780439121756488,-2.195608782435123,651.0,0.335,0.010000000000000009,2.985074626865674,7249,-6515357.705999999,-3727073.3499999996,426821.12,-53062.68,-0.001,0.0,0.0
SPY,2026-03-27,638.0,CALL,1,1,2026-03-26T11:43:52.953,12,13.81,29,14.57,0.8681,-1.1608,7.9043,39.8469,0.0175,-0.7122,35.9598,0.3295,2026-03-26T11:43:54.377,2026-03-26T11:31:52.882,14.02,17.31,13.69,13.69,67.0,12.0,2026-03-26T11:31:52.882,13.69,222,2026-03-26 11:43:45 EDT,651.3,0.9795793029325964,-2.0420697067403584,651.0,14.190000000000001,0.7599999999999998,5.355884425651865,557,634854.6749999999,440269.51,64656.560000000005,48353.17,0.0102,0.0,0.0
SPY,2026-03-27,638.0,PUT,1,-1,2026-03-26T11:43:54.2,1321,0.39,150,0.4,-0.0853,-0.6513,5.7729,-142.2483,0.0157,-0.7886,32.3859,0.268,2026-03-26T11:43:54.377,2026-03-26T11:43:50.542,0.61,0.7,0.32,0.39,3575.0,450.0,2026-03-26T11:43:50.542,0.39,222,2026-03-26 11:43:45 EDT,651.3,0.9795793029325964,-2.0420697067403584,651.0,0.395,0.010000000000000009,2.531645569620255,3747,-3831461.1269999994,-2163105.63,244042.11000000002,-31961.91,-0.0012,0.0,0.0
SPY,2026-03-27,639.0,CALL,1,1,2026-03-26T11:43:54.136,26,12.87,36,13.1,0.8834,-0.9337,7.2505,44.3268,0.0185,-0.8082,35.2729,0.2851,2026-03-26T11:43:54.377,2026-03-26T11:34:01.689,15.1,15.69,12.79,12.79,11.0,6.0,2026-03-26T11:34:01.689,12.79,222,2026-03-26 11:43:45 EDT,651.3,0.9811146936895441,-1.8885306310455943,651.0,12.985,0.23000000000000043,1.7712745475548746,113,136154.26499999998,81930.65,10550.81,9982.419999999998,0.0056,-0.04,-0.08
SPY,2026-03-27,639.0,PUT,1,-1,2026-03-26T11:43:54.213,275,0.47,404,0.48,-0.1004,-0.728,6.5153,-138.9729,0.0179,-0.8378,34.0585,0.2656,2026-03-26T11:43:54.377,2026-03-26T11:43:37.02,0.73,0.81,0.36,0.47,4593.0,528.0,2026-03-26T11:43:37.02,0.47,222,2026-03-26 11:43:45 EDT,651.3,0.9811146936895441,-1.8885306310455943,651.0,0.475,0.010000000000000009,2.105263157894739,5216,-6080953.631999999,-3398380.48,379724.8,-52368.64000000001,0.0005,0.01,0.0
SPY,2026-03-27,640.0,CALL,1,1,2026-03-26T11:43:54.199,18,12.03,52,12.1,0.8687,-0.9878,7.8795,46.917,0.0206,-0.8437,35.9599,0.2788,2026-03-26T11:43:54.377,2026-03-26T11:37:37.286,12.79,15.43,12.15,12.3,158.0,45.0,2026-03-26T11:37:37.286,12.3,222,2026-03-26 11:43:45 EDT,651.3,0.9826500844464917,-1.73499155535083,651.0,12.065,0.07000000000000028,0.5801906340654811,1426,1913232.8279999997,1123616.7,140860.28,123876.62,-0.0066,-0.125,-0.11
SPY,2026-03-27,640.0,PUT,1,-1,2026-03-26T11:43:54.211,308,0.56,367,0.57,-0.1171,-0.803,7.2771,-136.1655,0.0202,-0.8801,35.3097,0.2624,2026-03-26T11:43:54.377,2026-03-26T11:43:51.825,0.84,0.97,0.44,0.56,15501.0,1822.0,2026-03-26T11:43:51.825,0.56,222,2026-03-26 11:43:45 EDT,651.3,0.9826500844464917,-1.73499155535083,651.0,0.565,0.009999999999999898,1.7699115044247606,44953,-59141335.57799999,-32712747.63,3609725.9000000004,-526399.63,0.0,0.01,-0.0
SPY,2026-03-27,641.0,CALL,1,1,2026-03-26T11:43:54.205,64,11.13,52,11.21,0.8501,-1.0592,8.621,49.5724,0.0229,-0.8665,36.3342,0.2746,2026-03-26T11:43:54.377,2026-03-26T11:06:39.632,11.5,14.05,11.0,12.25,75.0,17.0,2026-03-26T11:06:39.632,12.25,222,2026-03-26 11:43:45 EDT,651.3,0.9841854752034394,-1.5814524796560658,651.0,11.170000000000002,0.08000000000000007,0.71620411817368,613,914275.4010000001,528467.3,64928.95999999999,52111.130000000005,-0.0015,-0.105,0.01
SPY,2026-03-27,641.0,PUT,1,-1,2026-03-26T11:43:54.205,214,0.67,393,0.68,-0.1366,-0.8841,8.099,-132.8971,0.0227,-0.9108,36.1204,0.2597,2026-03-26T11:43:54.377,2026-03-26T11:43:34.544,1.0,1.13,0.51,0.67,7365.0,810.0,2026-03-26T11:43:34.544,0.67,222,2026-03-26 11:43:45 EDT,651.3,0.9841854752034394,-1.5814524796560658,651.0,0.675,0.010000000000000009,1.4814814814814827,3601,-5323902.050999999,-2916449.9,318364.41,-49189.659999999996,-0.0003,0.01,0.0
SPY,2026-03-27,642.0,CALL,1,1,2026-03-26T11:43:54.206,62,10.26,52,10.34,0.8288,-1.1345,9.4035,52.4064,0.0253,-0.8761,36.1878,0.2709,2026-03-26T11:43:54.377,2026-03-26T10:58:14.801,10.99,13.13,10.39,11.06,57.0,24.0,2026-03-26T10:58:14.801,11.06,222,2026-03-26 11:43:45 EDT,651.3,0.985720865960387,-1.4279134039613013,651.0,10.3,0.08000000000000007,0.7766990291262142,261,430072.92899999995,245431.34999999998,29610.450000000004,21631.68,-0.0005,-0.1,0.0
SPY,2026-03-27,642.0,PUT,1,-1,2026-03-26T11:43:54.091,40,0.8,502,0.81,-0.1588,-0.9682,8.9593,-129.3731,0.0254,-0.9265,36.3403,0.2573,2026-03-26T11:43:54.377,2026-03-26T11:43:37.221,1.13,1.3,0.62,0.81,16446.0,1025.0,2026-03-26T11:43:37.221,0.81,222,2026-03-26 11:43:45 EDT,651.3,0.985720865960387,-1.4279134039613013,651.0,0.805,0.010000000000000009,1.2422360248447215,4453,-7366606.805999999,-3989576.29,431139.45999999996,-70713.64,-0.0005,0.02,0.0
SPY,2026-03-27,643.0,CALL,1,1,2026-03-26T11:43:54.094,18,9.42,52,9.49,0.8052,-1.2068,10.1915,55.505,0.0278,-0.8719,35.4255,0.267,2026-03-26T11:43:54.377,2026-03-26T11:36:20.065,10.34,12.46,9.26,9.71,53.0,24.0,2026-03-26T11:36:20.065,9.71,222,2026-03-26 11:43:45 EDT,651.3,0.9872562567173346,-1.274374328266537,651.0,9.455,0.07000000000000028,0.740349021681653,87,157523.41799999998,88666.04999999999,10499.16,7005.240000000001,-0.0008,-0.095,-0.01
SPY,2026-03-27,643.0,PUT,1,-1,2026-03-26T11:43:54.206,64,0.95,363,0.96,-0.1835,-1.0502,9.8267,-125.9425,0.0281,-0.9257,35.8574,0.2546,2026-03-26T11:43:54.377,2026-03-26T11:43:38.965,1.35,1.5,0.73,0.95,7172.0,958.0,2026-03-26T11:43:38.965,0.95,222,2026-03-26 11:43:45 EDT,651.3,0.9872562567173346,-1.274374328266537,651.0,0.955,0.010000000000000009,1.0471204188481684,7279,-13321683.686999997,-7152854.93,764440.5800000001,-133569.65,-0.0007,0.02,0.0
SPY,2026-03-27,644.0,CALL,1,1,2026-03-26T11:43:54.2,16,8.6,18,8.67,0.7783,-1.2835,11.0031,58.7335,0.0304,-0.846,33.9063,0.2641,2026-03-26T11:43:54.377,2026-03-26T11:36:20.065,9.37,11.9,8.6,8.88,1088.0,55.0,2026-03-26T11:36:20.065,8.88,222,2026-03-26 11:43:45 EDT,651.3,0.9887916474742823,-1.1208352525717726,651.0,8.635,0.07000000000000028,0.8106543138390305,1122,2221506.1440000003,1234547.82,144008.7,87325.26000000001,-0.0007,-0.09,0.0
SPY,2026-03-27,644.0,PUT,1,-1,2026-03-26T11:43:54.262,61,1.13,418,1.14,-0.2116,-1.1352,10.7127,-121.9633,0.0309,-0.9009,34.5405,0.2526,2026-03-26T11:43:54.377,2026-03-26T11:43:44.639,1.51,1.75,0.86,1.12,14544.0,1246.0,2026-03-26T11:43:44.639,1.12,222,2026-03-26 11:43:45 EDT,651.3,0.9887916474742823,-1.1208352525717726,651.0,1.1349999999999998,0.010000000000000009,0.8810572687224679,2856,-5747748.551999999,-3059547.12,324213.12,-60432.96000000001,0.0002,0.02,0.0
SPY,2026-03-27,645.0,CALL,1,1,2026-03-26T11:43:54.216,18,7.81,28,7.87,0.7485,-1.3561,11.7923,62.1902,0.0329,-0.799,31.5753,0.2613,2026-03-26T11:43:54.377,2026-03-26T11:43:00.642,8.54,11.0,7.6,7.88,509.0,108.0,2026-03-26T11:43:00.642,7.88,222,2026-03-26 11:43:45 EDT,651.3,0.9903270382312299,-0.9672961768770083,651.0,7.84,0.0600000000000005,0.765306122448986,1798,3852713.045999999,2120255.5399999996,243826.78,134580.30000000002,-0.0001,-0.085,-0.01
SPY,2026-03-27,645.0,PUT,1,-1,2026-03-26T11:43:54.266,285,1.33,89,1.34,-0.2419,-1.2094,11.5516,-118.4703,0.0337,-0.857,32.3834,0.2498,2026-03-26T11:43:54.377,2026-03-26T11:43:47.666,1.77,2.0,1.0,1.34,17623.0,2602.0,2026-03-26T11:43:47.666,1.34,222,2026-03-26 11:43:45 EDT,651.3,0.9903270382312299,-0.9672961768770083,651.0,1.335,0.010000000000000009,0.7490636704119857,36489,-80089012.80899999,-42150633.24,4412979.66,-882668.9099999999,-0.001,0.02,0.0
SPY,2026-03-27,646.0,CALL,1,1,2026-03-26T11:43:54.105,17,7.05,17,7.11,0.716,-1.4232,12.5387,65.8618,0.0353,-0.7287,28.3803,0.2587,2026-03-26T11:43:54.377,2026-03-26T11:41:18.566,8.0,10.2,6.95,7.35,256.0,62.0,2026-03-26T11:41:18.566,7.35,222,2026-03-26 11:43:45 EDT,651.3,0.9918624289881776,-0.813757101182244,651.0,7.08,0.0600000000000005,0.847457627118651,748,1719718.5719999997,937894.76,106455.36,53556.799999999996,-0.0003,-0.085,-0.01
SPY,2026-03-27,646.0,PUT,1,-1,2026-03-26T11:43:54.271,76,1.57,217,1.58,-0.2757,-1.2829,12.3615,-114.4046,0.0364,-0.7836,29.2381,0.2479,2026-03-26T11:43:54.377,2026-03-26T11:43:37.02,1.99,2.3,1.16,1.57,11819.0,1860.0,2026-03-26T11:43:37.02,1.57,222,2026-03-26 11:43:45 EDT,651.3,0.9918624289881776,-0.813757101182244,651.0,1.5750000000000002,0.010000000000000009,0.6349206349206354,3368,-7984625.375999999,-4163353.1999999997,432080.72000000003,-92855.76,-0.0003,0.03,0.0
SPY,2026-03-27,647.0,CALL,1,1,2026-03-26T11:43:54.083,32,6.32,15,6.38,0.6812,-1.4783,13.2098,69.8751,0.0377,-0.6371,24.3634,0.2558,2026-03-26T11:43:54.377,2026-03-26T11:42:18.178,7.32,9.42,6.23,6.4,506.0,79.0,2026-03-26T11:42:18.178,6.4,222,2026-03-26 11:43:45 EDT,651.3,0.9933978197451252,-0.6602180254874797,651.0,6.35,0.05999999999999961,0.9448818897637734,532,1306273.332,702761.36,78645.56,36239.840000000004,-0.0015,-0.08,0.0
SPY,2026-03-27,647.0,PUT,1,-1,2026-03-26T11:43:54.224,145,1.84,253,1.86,-0.312,-1.345,13.0907,-110.452,0.0389,-0.6853,25.1718,0.2457,2026-03-26T11:43:54.377,2026-03-26T11:43:33.804,2.27,2.61,1.36,1.83,14390.0,2019.0,2026-03-26T11:43:33.804,1.83,222,2026-03-26 11:43:45 EDT,651.3,0.9933978197451252,-0.6602180254874797,651.0,1.85,0.020000000000000018,1.081081081081082,3517,-8910519.968999999,-4603999.19,473036.5,-109730.40000000001,-0.0006,0.035,0.01
SPY,2026-03-27,648.0,CALL,1,1,2026-03-26T11:43:54.268,32,5.63,30,5.69,0.6436,-1.525,13.7926,74.0736,0.0397,-0.5204,19.4948,0.2534,2026-03-26T11:43:54.377,2026-03-26T11:41:50.712,6.57,8.51,5.56,5.72,1003.0,194.0,2026-03-26T11:41:50.712,5.72,222,2026-03-26 11:43:45 EDT,651.3,0.9949332105020728,-0.5066789497927153,651.0,5.66,0.0600000000000005,1.0600706713781005,1389,3591483.1289999993,1915792.14,211822.5,89396.04,-0.0008,-0.07,0.0
SPY,2026-03-27,648.0,PUT,1,-1,2026-03-26T11:43:54.254,200,2.15,247,2.17,-0.3515,-1.4016,13.726,-105.9758,0.041,-0.5572,20.1375,0.2445,2026-03-26T11:43:54.377,2026-03-26T11:43:53.539,2.59,2.93,1.59,2.16,16457.0,1918.0,2026-03-26T11:43:53.539,2.16,222,2026-03-26 11:43:45 EDT,651.3,0.9949332105020728,-0.5066789497927153,651.0,2.16,0.020000000000000018,0.9259259259259267,4232,-11300836.559999999,-5808843.2,593157.12,-148754.8,0.0,0.035,0.01
SPY,2026-03-27,649.0,CALL,1,1,2026-03-26T11:43:54.154,56,4.98,35,5.04,0.6038,-1.5591,14.2573,78.4957,0.0414,-0.3819,13.8837,0.2512,2026-03-26T11:43:54.377,2026-03-26T11:42:28.945,5.79,7.82,4.87,5.0,1455.0,175.0,2026-03-26T11:42:28.945,5.0,222,2026-03-26 11:43:45 EDT,651.3,0.9964686012590205,-0.353139874097951,651.0,5.01,0.05999999999999961,1.197604790419154,934,2518420.7879999997,1331631.82,145619.94,56394.92,-0.0009,-0.075,0.01
SPY,2026-03-27,649.0,PUT,1,-1,2026-03-26T11:43:54.263,158,2.5,237,2.52,-0.3927,-1.4387,14.2234,-101.8933,0.0428,-0.4095,14.3754,0.2425,2026-03-26T11:43:54.377,2026-03-26T11:43:30.188,3.0,3.35,1.85,2.5,9183.0,1848.0,2026-03-26T11:43:30.188,2.5,222,2026-03-26 11:43:45 EDT,651.3,0.9964686012590205,-0.353139874097951,651.0,2.51,0.020000000000000018,0.7968127490039849,3357,-9357852.348,-4774795.38,482971.59,-131829.38999999998,-0.0002,0.04,0.0
SPY,2026-03-27,650.0,CALL,1,1,2026-03-26T11:43:54.254,31,4.39,20,4.41,0.5622,-1.5773,14.5801,83.2064,0.0427,-0.2254,7.6852,0.249,2026-03-26T11:43:54.377,2026-03-26T11:43:36.179,5.45,7.27,4.31,4.39,8767.0,1047.0,2026-03-26T11:43:36.179,4.39,222,2026-03-26 11:43:45 EDT,651.3,0.9980039920159681,-0.19960079840318665,651.0,4.4,0.020000000000000462,0.454545454545465,4903,13635493.052999998,7148623.029999999,773350.19,275646.66000000003,-0.0005,-0.07,0.0
SPY,2026-03-27,650.0,PUT,1,-1,2026-03-26T11:43:54.209,102,2.89,175,2.91,-0.4357,-1.4586,14.5683,-97.8707,0.0442,-0.2423,7.982,0.2404,2026-03-26T11:43:54.377,2026-03-26T11:43:39.437,3.31,3.79,2.12,2.89,61908.0,8866.0,2026-03-26T11:43:39.437,2.89,222,2026-03-26 11:43:45 EDT,651.3,0.9980039920159681,-0.19960079840318665,651.0,2.9000000000000004,0.020000000000000018,0.6896551724137936,37162,-106979958.852,-54138716.46,5420449.319999999,-1619148.3399999999,0.0001,0.045,0.01
SPY,2026-03-27,651.0,CALL,1,1,2026-03-26T11:43:54.234,153,3.82,178,3.84,0.5192,-1.5765,14.7428,88.3045,0.0436,-0.0553,1.0806,0.2465,2026-03-26T11:43:54.377,2026-03-26T11:43:47.837,4.82,6.58,3.69,3.82,10348.0,2315.0,2026-03-26T11:43:47.837,3.82,222,2026-03-26 11:43:45 EDT,651.3,0.9995393827729158,-0.04606172270842231,651.0,3.83,0.020000000000000018,0.522193211488251,1948,5531673.2639999995,2871897.4400000004,307102.2,101140.16,-0.0003,-0.065,0.01
SPY,2026-03-27,651.0,PUT,1,-1,2026-03-26T11:43:54.225,127,3.32,200,3.34,-0.4802,-1.4596,14.742,-93.9057,0.0451,-0.0601,1.1478,0.2382,2026-03-26T11:43:54.377,2026-03-26T11:43:51.27,3.8,4.23,2.44,3.33,37026.0,4704.0,2026-03-26T11:43:51.27,3.33,222,2026-03-26 11:43:45 EDT,651.3,0.9995393827729158,-0.04606172270842231,651.0,3.33,0.020000000000000018,0.6006006006006012,2853,-8380296.638999999,-4205892.6,416423.88,-137001.06,-0.0002,0.045,0.01
SPY,2026-03-27,652.0,CALL,1,1,2026-03-26T11:43:54.254,56,3.3,93,3.31,0.4752,-1.5565,14.7316,93.7879,0.0441,0.1239,-5.7313,0.244,2026-03-26T11:43:54.377,2026-03-26T11:43:47.683,4.38,5.86,3.18,3.3,16891.0,3731.0,2026-03-26T11:43:47.683,3.3,222,2026-03-26 11:43:45 EDT,651.3,1.0010747735298635,0.107477352986342,651.0,3.3049999999999997,0.010000000000000231,0.30257186081695103,2304,6617624.8319999995,3394160.6400000006,358617.6,109486.07999999999,-0.0003,-0.06,0.0
SPY,2026-03-27,652.0,PUT,1,-1,2026-03-26T11:43:54.25,210,3.79,66,3.81,-0.5258,-1.4385,14.7291,-90.1332,0.0456,0.1321,-5.9051,0.2355,2026-03-26T11:43:54.377,2026-03-26T11:43:47.687,4.19,4.73,2.76,3.82,38097.0,6468.0,2026-03-26T11:43:47.687,3.82,222,2026-03-26 11:43:45 EDT,651.3,1.0010747735298635,0.107477352986342,651.0,3.8,0.020000000000000018,0.5263157894736847,4656,-13827984.768000001,-6857868.96,669765.5999999999,-244812.48,-0.0005,0.05,0.0
SPY,2026-03-27,653.0,CALL,1,1,2026-03-26T11:43:54.266,20,2.82,177,2.83,0.4307,-1.52,14.5374,99.4754,0.0439,0.3056,-12.4917,0.2418,2026-03-26T11:43:54.377,2026-03-26T11:43:50.012,3.84,5.3,2.73,2.83,20282.0,3774.0,2026-03-26T11:43:50.012,2.83,222,2026-03-26 11:43:45 EDT,651.3,1.002610164286811,0.26101642868110636,651.0,2.825,0.010000000000000231,0.3539823008849639,2007,5738428.449000001,2917656.18,305064.0,86441.49,0.0,-0.05,0.0
SPY,2026-03-27,653.0,PUT,1,-1,2026-03-26T11:43:54.223,193,4.3,105,4.35,-0.5719,-1.4002,14.5196,-86.2276,0.0454,0.3271,-12.9034,0.2332,2026-03-26T11:43:54.377,2026-03-26T11:43:54.061,4.66,5.2,3.13,4.32,25832.0,5227.0,2026-03-26T11:43:54.936,4.3,222,2026-03-26 11:43:45 EDT,651.3,1.002610164286811,0.26101642868110636,651.0,4.324999999999999,0.04999999999999982,1.1560693641618458,4155,-12285927.809999999,-6032893.8,581783.1,-237624.44999999998,0.0006,0.06,0.0
SPY,2026-03-27,654.0,CALL,1,1,2026-03-26T11:43:54.25,61,2.38,104,2.39,0.3863,-1.4626,14.1565,105.6906,0.0432,0.4838,-18.9611,0.2392,2026-03-26T11:43:54.377,2026-03-26T11:43:34.542,3.22,4.67,2.3,2.39,23354.0,3735.0,2026-03-26T11:43:34.542,2.39,222,2026-03-26 11:43:45 EDT,651.3,1.0041455550437588,0.41455550437587063,651.0,2.385,0.010000000000000231,0.4192872117400517,1352,3804008.8320000004,1913958.8,197743.52,52227.76,-0.0003,-0.05,0.0
SPY,2026-03-27,654.0,PUT,1,-1,2026-03-26T11:43:54.202,142,4.85,29,4.91,-0.618,-1.3396,14.1085,-82.5,0.0447,0.5188,-19.5873,0.2304,2026-03-26T11:43:54.377,2026-03-26T11:43:37.02,5.16,5.8,3.53,4.85,23401.0,4693.0,2026-03-26T11:43:37.02,4.85,222,2026-03-26 11:43:45 EDT,651.3,1.0041455550437588,0.41455550437587063,651.0,4.88,0.0600000000000005,1.2295081967213217,3329,-9691754.318999998,-4696719.649999999,445952.8399999999,-205732.2,0.0003,0.06,0.0
SPY,2026-03-27,655.0,CALL,1,1,2026-03-26T11:43:54.253,41,1.99,277,2.0,0.3426,-1.3903,13.5967,112.1059,0.0419,0.649,-24.8333,0.237,2026-03-26T11:43:54.377,2026-03-26T11:43:48.068,3.0,4.13,1.93,1.98,34830.0,5117.0,2026-03-26T11:43:48.068,1.98,222,2026-03-26 11:43:45 EDT,651.3,1.0056809458007063,0.568094580070635,651.0,1.995,0.010000000000000009,0.5012531328320806,7916,21602344.452,10763147.72,1100561.4800000002,271202.16000000003,0.0001,-0.04,-0.0
SPY,2026-03-27,655.0,PUT,1,-1,2026-03-26T11:43:54.119,37,5.46,38,5.52,-0.6634,-1.2626,13.5025,-78.7159,0.0432,0.6965,-25.6219,0.2279,2026-03-26T11:43:54.377,2026-03-26T11:43:43.608,5.71,6.4,3.98,5.41,12866.0,2766.0,2026-03-26T11:43:54.932,5.51,222,2026-03-26 11:43:45 EDT,651.3,1.0056809458007063,0.568094580070635,651.0,5.49,0.05999999999999961,1.0928961748633808,23243,-65396876.688,-31383860.75,2934661.1799999997,-1541940.6199999999,0.0009,0.07,-0.0
SPY,2026-03-27,656.0,CALL,1,1,2026-03-26T11:43:54.253,34,1.64,300,1.65,0.3,-1.2999,12.8645,119.1239,0.04,0.7971,-29.9151,0.2344,2026-03-26T11:43:54.377,2026-03-26T11:43:52.174,2.56,3.6,1.59,1.64,16251.0,2017.0,2026-03-26T11:43:52.174,1.64,222,2026-03-26 11:43:45 EDT,651.3,1.007216336557654,0.7216336557653994,651.0,1.645,0.010000000000000009,0.6079027355623106,1969,5129638.8,2533020.05,255950.31,59069.99999999999,-0.0002,-0.035,-0.01
SPY,2026-03-27,656.0,PUT,1,-1,2026-03-26T11:43:54.21,32,6.11,19,6.17,-0.7079,-1.1662,12.7066,-75.0932,0.0412,0.8555,-30.7854,0.2248,2026-03-26T11:43:54.377,2026-03-26T11:42:06.467,6.32,7.05,4.46,6.13,3077.0,775.0,2026-03-26T11:42:06.467,6.13,222,2026-03-26 11:43:45 EDT,651.3,1.007216336557654,0.7216336557653994,651.0,6.140000000000001,0.05999999999999961,0.9771986970683975,5125,-13752199.5,-6512132.5,597677.5,-362798.75,0.0005,0.07,0.0
SPY,2026-03-27,657.0,CALL,1,1,2026-03-26T11:43:54.262,310,1.33,378,1.35,0.2596,-1.1999,11.9921,126.2489,0.0376,0.9171,-33.9234,0.2324,2026-03-26T11:43:54.377,2026-03-26T11:43:47.686,2.13,3.1,1.3,1.34,10263.0,1786.0,2026-03-26T11:43:47.686,1.34,222,2026-03-26 11:43:45 EDT,651.3,1.0087517273146016,0.8751727314601637,651.0,1.34,0.020000000000000018,1.492537313432837,2838,6949944.143999999,3403357.98,340531.62,73674.48,-0.0005,-0.035,0.01
SPY,2026-03-27,657.0,PUT,1,-1,2026-03-26T11:43:54.2,38,6.8,19,6.87,-0.751,-1.0519,11.7304,-71.6311,0.0387,0.9896,-34.8357,0.2211,2026-03-26T11:43:54.377,2026-03-26T11:42:41.62,6.96,7.76,5.03,6.8,4085.0,660.0,2026-03-26T11:42:41.62,6.8,222,2026-03-26 11:43:45 EDT,651.3,1.0087517273146016,0.8751727314601637,651.0,6.835,0.07000000000000028,1.0241404535479193,6140,-15476060.34,-7202465.600000001,645866.6,-461114.00000000006,0.0002,0.075,0.01
SPY,2026-03-27,658.0,CALL,1,1,2026-03-26T11:43:54.2,41,1.08,310,1.09,0.2217,-1.091,11.0053,133.6729,0.0348,1.0058,-36.7449,0.2304,2026-03-26T11:43:54.377,2026-03-26T11:43:46.155,1.87,2.67,1.07,1.1,16310.0,2146.0,2026-03-26T11:43:46.155,1.1,222,2026-03-26 11:43:45 EDT,651.3,1.0102871180715494,1.028711807154928,651.0,1.085,0.010000000000000009,0.9216589861751161,4796,10870249.103999998,5278141.88,523243.6,106327.32,0.0001,-0.025,-0.01
SPY,2026-03-27,658.0,PUT,1,-1,2026-03-26T11:43:54.172,64,7.54,64,7.62,-0.79,-0.9396,10.6615,-67.8811,0.0355,1.0771,-37.4116,0.2191,2026-03-26T11:43:54.377,2026-03-26T11:42:42.27,7.66,8.38,5.58,7.55,2496.0,486.0,2026-03-26T11:42:42.27,7.55,222,2026-03-26 11:43:45 EDT,651.3,1.0102871180715494,1.028711807154928,651.0,7.58,0.08000000000000007,1.0554089709762544,4796,-11088903.539999997,-5113255.4,450632.16000000003,-378884.0,-0.0001,0.08,0.0
SPY,2026-03-27,659.0,CALL,1,1,2026-03-26T11:43:54.21,125,0.86,360,0.87,0.1867,-0.9757,9.9343,141.4828,0.0317,1.0608,-38.3149,0.2285,2026-03-26T11:43:54.377,2026-03-26T11:43:39.305,1.56,2.25,0.84,0.87,7273.0,1276.0,2026-03-26T11:43:39.305,0.87,222,2026-03-26 11:43:45 EDT,651.3,1.011822508828497,1.1822508828496923,651.0,0.865,0.010000000000000009,1.1560693641618507,5277,10895005.016999999,5242330.11,514876.89,98521.59,-0.0002,-0.02,0.0
SPY,2026-03-27,659.0,PUT,1,-1,2026-03-26T11:43:54.194,17,8.33,64,8.41,-0.8257,-0.8217,9.5105,-64.2502,0.032,1.125,-38.5929,0.217,2026-03-26T11:43:54.377,2026-03-26T11:41:57.776,8.32,9.16,6.32,8.32,1382.0,306.0,2026-03-26T11:41:57.776,8.32,222,2026-03-26 11:43:45 EDT,651.3,1.011822508828497,1.1822508828496923,651.0,8.370000000000001,0.08000000000000007,0.9557945041816017,2683,-5591801.28,-2551667.15,220462.11,-221535.30999999997,0.0017,0.09,0.0
SPY,2026-03-27,660.0,CALL,1,1,2026-03-26T11:43:54.229,144,0.68,371,0.69,0.1557,-0.8633,8.8436,149.0251,0.0284,1.0779,-38.6385,0.2272,2026-03-26T11:43:54.377,2026-03-26T11:43:47.122,1.35,1.9,0.67,0.69,19080.0,3506.0,2026-03-26T11:43:47.122,0.69,222,2026-03-26 11:43:45 EDT,651.3,1.0133578995854446,1.3357899585444566,651.0,0.685,0.009999999999999898,1.4598540145985253,33424,61824105.408,29558848.64,2885493.92,520411.68,0.0004,-0.02,-0.0
SPY,2026-03-27,660.0,PUT,1,-1,2026-03-26T11:43:54.162,22,9.15,64,9.24,-0.8588,-0.6958,8.2801,-60.8672,0.0282,1.1366,-38.3767,0.2141,2026-03-26T11:43:54.377,2026-03-26T11:42:32.889,9.13,10.0,6.84,9.15,3299.0,746.0,2026-03-26T11:42:32.889,9.15,222,2026-03-26 11:43:45 EDT,651.3,1.0133578995854446,1.3357899585444566,651.0,9.195,0.08999999999999986,0.978792822185969,27057,-49694671.96199999,-22403466.569999997,1882626.0599999998,-2323655.1599999997,0.0005,0.095,0.01
SPY,2026-03-27,661.0,CALL,1,1,2026-03-26T11:43:54.172,64,0.54,773,0.55,0.1291,-0.7591,7.7893,155.9031,0.025,1.0603,-37.8974,0.227,2026-03-26T11:43:54.377,2026-03-26T11:43:47.837,1.06,1.56,0.54,0.54,9176.0,1346.0,2026-03-26T11:43:47.837,0.54,222,2026-03-26 11:43:45 EDT,651.3,1.0148932903423922,1.489329034239221,651.0,0.545,0.010000000000000009,1.8348623853211024,3039,4948251.75,2367168.27,230690.49,39233.49,0.0002,-0.01,0.0
SPY,2026-03-27,661.0,PUT,1,-1,2026-03-26T11:43:53.28,63,9.95,62,10.14,-0.8886,-0.5689,7.0181,-57.6442,0.0243,1.1085,-36.767,0.2106,2026-03-26T11:43:54.377,2026-03-26T11:38:01.13,9.89,10.75,7.69,9.86,454.0,106.0,2026-03-26T11:38:01.13,9.86,222,2026-03-26 11:43:45 EDT,651.3,1.0148932903423922,1.489329034239221,651.0,10.045,0.19000000000000128,1.891488302638141,1618,-2560742.2619999996,-1135528.58,92048.01999999999,-143775.47999999998,0.0044,0.115,-0.01
SPY,2026-03-27,662.0,CALL,1,1,2026-03-26T11:43:54.2,208,0.42,437,0.43,0.1052,-0.6544,6.7414,163.4359,0.0217,1.0182,-36.2237,0.2263,2026-03-26T11:43:54.377,2026-03-26T11:43:28.293,0.88,1.27,0.42,0.42,11209.0,1263.0,2026-03-26T11:43:28.293,0.42,222,2026-03-26 11:43:45 EDT,651.3,1.01642868109934,1.6428681099339852,651.0,0.425,0.010000000000000009,2.35294117647059,5223,7381775.583,3521033.2199999997,341793.12,54945.96,0.0,-0.01,0.0
SPY,2026-03-27,663.0,CALL,1,1,2026-03-26T11:43:54.173,235,0.33,787,0.34,0.0861,-0.566,5.8152,169.551,0.0187,0.9537,-33.9976,0.227,2026-03-26T11:43:54.377,2026-03-26T11:43:46.624,0.75,1.02,0.33,0.34,7603.0,969.0,2026-03-26T11:43:46.624,0.34,222,2026-03-26 11:43:45 EDT,651.3,1.0179640718562875,1.7964071856287498,651.0,0.335,0.010000000000000009,2.985074626865674,3467,4222566.777,2016129.8399999999,196232.19999999998,29850.87,0.0015,0.0,0.0
SPY,2026-03-27,663.0,PUT,1,-1,2026-03-26T11:43:52.67,12,11.65,14,11.98,-0.9402,-0.309,4.3905,-51.8524,0.016,0.9343,-29.2221,0.1992,2026-03-26T11:43:54.377,2026-03-26T11:42:18.353,11.43,12.32,8.98,11.79,324.0,128.0,2026-03-26T11:42:18.353,11.79,222,2026-03-26 11:43:45 EDT,651.3,1.0179640718562875,1.7964071856287498,651.0,11.815000000000001,0.33000000000000007,2.79305966991113,3708,-3864032.6399999997,-1627997.4000000001,114577.2,-348626.16000000003,-0.0171,0.0,0.0
SPY,2026-03-27,664.0,CALL,1,1,2026-03-26T11:43:54.09,193,0.26,1068,0.27,0.07,-0.4857,4.9711,175.3923,0.0159,0.8769,-31.3611,0.228,2026-03-26T11:43:54.377,2026-03-26T11:43:42.549,0.61,0.8,0.26,0.27,4381.0,706.0,2026-03-26T11:43:42.549,0.27,222,2026-03-26 11:43:45 EDT,651.3,1.0194994626132352,1.949946261323514,651.0,0.265,0.010000000000000009,3.7735849056603805,3729,3861629.343,1853723.19,181117.53,26103.000000000004,0.0015,0.0,0.0
SPY,2026-03-27,664.0,PUT,1,-1,2026-03-26T11:43:50.252,12,12.64,14,12.95,-0.9476,-0.2859,3.959,-48.2538,0.0139,0.8426,-27.4223,0.2075,2026-03-26T11:43:54.377,2026-03-26T11:42:18.353,12.96,13.4,10.0,12.74,607.0,332.0,2026-03-26T11:42:18.353,12.74,222,2026-03-26 11:43:45 EDT,651.3,1.0194994626132352,1.949946261323514,651.0,12.795,0.3099999999999987,2.4228214146150737,1147,-1038387.129,-454097.3,32792.73,-108689.71999999999,-0.0188,0.0,0.0
SPY,2026-03-27,665.0,CALL,1,1,2026-03-26T11:43:54.107,960,0.2,602,0.21,0.0557,-0.4062,4.1599,182.3967,0.0133,0.7911,-28.2676,0.228,2026-03-26T11:43:54.377,2026-03-26T11:43:39.698,0.5,0.64,0.2,0.2,11090.0,1457.0,2026-03-26T11:43:39.698,0.2,222,2026-03-26 11:43:45 EDT,651.3,1.0210348533701827,2.1034853370182782,651.0,0.20500000000000002,0.009999999999999981,4.878048780487795,8805,7627146.345,3662791.95,357659.1,49043.85,0.001,0.0,0.0
SPY,2026-03-30,617.0,CALL,4,1,2026-03-26T11:43:51.784,12,34.79,14,35.37,0.9469,-0.3453,7.5313,17.5817,0.0048,-0.5362,7.3537,0.3188,2026-03-26T11:43:55.35,2026-03-25T11:29:21.281,39.85,41.26,39.85,41.26,2.0,2.0,2026-03-25T11:29:21.281,41.26,222,2026-03-26 11:43:45 EDT,651.32,0.9473070073082355,-5.269299269176448,651.0,35.08,0.5799999999999983,1.6533637400228003,1,312.6336,753.13,34.53,94.69,0.0051,-0.025,0.05
SPY,2026-03-30,618.0,CALL,4,1,2026-03-26T11:43:52.266,12,33.81,14,34.38,0.9451,-0.3471,7.7312,18.0584,0.005,-0.5561,7.4708,0.3125,2026-03-26T11:43:55.35,,,,,,,,,,222,2026-03-26 11:43:45 EDT,651.32,0.9488423509181354,-5.115764908186459,651.0,34.095,0.5700000000000003,1.671799384073912,0,0.0,0.0,0.0,0.0,0.0022,-0.04,0.08
SPY,2026-03-30,619.0,CALL,4,1,2026-03-26T11:43:39.563,12,32.82,12,33.4,0.9425,-0.3529,8.0198,18.5416,0.0053,-0.578,7.634,0.3073,2026-03-26T11:43:55.35,2026-03-25T09:34:56.075,41.5,41.5,41.5,41.5,1.0,1.0,2026-03-25T09:34:56.075,41.5,222,2026-03-26 11:43:45 EDT,651.32,0.9503776945280353,-4.96223054719647,651.0,33.11,0.5799999999999983,1.7517366354575605,1,345.19960000000003,801.98,35.29,94.25,0.0073,0.0,0.0
SPY,2026-03-30,620.0,CALL,4,1,2026-03-26T11:43:50.152,12,31.86,12,32.22,0.9466,-0.3216,7.5681,19.2434,0.0053,-0.5909,7.3783,0.2907,2026-03-26T11:43:55.35,2026-03-26T11:26:23.291,32.56,32.6,32.56,32.6,6.0,4.0,2026-03-26T11:26:23.291,32.6,222,2026-03-26 11:43:45 EDT,651.32,0.9519130381379352,-4.808696186206481,651.0,32.04,0.35999999999999943,1.1235955056179758,318,109773.47280000002,240665.58,10226.88,30101.88,,,
SPY,2026-03-30,621.0,CALL,4,1,2026-03-26T11:43:39.563,12,30.91,12,31.25,0.9422,-0.3359,8.0519,19.7463,0.0057,-0.6185,7.6536,0.2883,2026-03-26T11:43:55.35,,,,,,,,,,222,2026-03-26 11:43:45 EDT,651.32,0.9534483817478351,-4.655161825216491,651.0,31.08,0.33999999999999986,1.0939510939510935,0,0.0,0.0,0.0,0.0,0.0034,-0.03,0.06
SPY,2026-03-30,621.0,PUT,4,-1,2026-03-26T11:43:55.053,815,0.44,491,0.45,-0.0527,-0.2481,7.5006,-78.2271,0.0055,-0.6101,7.3393,0.2802,2026-03-26T11:43:55.35,2026-03-26T11:41:24.678,0.52,0.57,0.37,0.43,772.0,80.0,2026-03-26T11:41:24.678,0.43,222,2026-03-26 11:43:45 EDT,651.32,0.9534483817478351,-4.655161825216491,651.0,0.445,0.010000000000000009,2.247191011235957,755,-270460.63,-566295.3,18731.55,-3978.85,-0.0005,0.0,0.0
SPY,2026-03-30,622.0,CALL,4,1,2026-03-26T11:43:51.33,12,29.96,15,30.25,0.9386,-0.345,8.4418,20.3052,0.0061,-0.6452,7.8644,0.2841,2026-03-26T11:43:55.35,,,,,,,,,,222,2026-03-26 11:43:45 EDT,651.32,0.954983725357735,-4.501627464226502,651.0,30.105,0.28999999999999915,0.9632951336987183,0,0.0,0.0,0.0,0.0,0.0019,-0.045,0.09
SPY,2026-03-30,622.0,PUT,4,-1,2026-03-26T11:43:55.06,139,0.49,1015,0.5,-0.0581,-0.2669,8.101,-77.2355,0.0059,-0.6412,7.6815,0.2792,2026-03-26T11:43:55.35,2026-03-26T11:42:45.519,0.56,0.58,0.42,0.49,193.0,36.0,2026-03-26T11:42:45.519,0.49,222,2026-03-26 11:43:45 EDT,651.32,0.954983725357735,-4.501627464226502,651.0,0.495,0.010000000000000009,2.020202020202022,1322,-508016.5736,-1070952.2000000002,35284.18,-7680.82,0.0009,0.01,0.0
SPY,2026-03-30,623.0,CALL,4,1,2026-03-26T11:43:39.563,12,28.97,12,29.34,0.9341,-0.3578,8.9236,20.8724,0.0065,-0.6733,8.1095,0.281,2026-03-26T11:43:55.35,2026-03-23T14:07:27.839,35.9,35.9,35.9,35.9,1.0,1.0,2026-03-23T14:07:27.839,35.9,222,2026-03-26 11:43:45 EDT,651.32,0.9565190689676348,-4.348093103236512,651.0,29.155,0.370000000000001,1.26907906019551,1,423.358,892.36,35.78,93.41000000000001,0.0066,0.0,0.0
SPY,2026-03-30,623.0,PUT,4,-1,2026-03-26T11:43:55.089,305,0.53,480,0.54,-0.0627,-0.28,8.5929,-77.0604,0.0064,-0.6705,7.9434,0.2763,2026-03-26T11:43:55.35,2026-03-26T11:42:17.676,0.65,0.68,0.45,0.53,323.0,67.0,2026-03-26T11:42:17.676,0.53,222,2026-03-26 11:43:45 EDT,651.32,0.9565190689676348,-4.348093103236512,651.0,0.535,0.010000000000000009,1.8691588785046744,450,-187580.16000000003,-386680.5,12600.000000000002,-2821.5000000000005,-0.0005,0.0,0.0
SPY,2026-03-30,624.0,CALL,4,1,2026-03-26T11:43:50.154,12,28.05,12,28.39,0.9273,-0.3804,9.622,21.4049,0.007,-0.7022,8.4378,0.2805,2026-03-26T11:43:55.35,2026-03-23T12:44:35.121,33.93,33.93,33.93,33.93,2.0,1.0,2026-03-23T12:44:35.121,33.93,222,2026-03-26 11:43:45 EDT,651.32,0.9580544125775348,-4.194558742246522,651.0,28.22,0.33999999999999986,1.2048192771084332,2,911.8480000000002,1924.4,76.08,185.46,0.0005,-0.05,0.1
SPY,2026-03-30,624.0,PUT,4,-1,2026-03-26T11:43:55.063,317,0.58,468,0.59,-0.0681,-0.2962,9.1647,-76.5562,0.0068,-0.7005,8.2271,0.2741,2026-03-26T11:43:55.35,2026-03-26T11:35:18.141,0.7,0.75,0.5,0.55,236.0,40.0,2026-03-26T11:35:18.141,0.55,222,2026-03-26 11:43:45 EDT,651.32,0.9580544125775348,-4.194558742246522,651.0,0.585,0.010000000000000009,1.7094017094017109,818,-362290.2368,-749672.46,24229.160000000003,-5570.58,-0.0005,0.0,0.0
SPY,2026-03-30,625.0,CALL,4,1,2026-03-26T11:43:55.08,12,27.14,15,27.44,0.9204,-0.4021,10.3148,21.9678,0.0075,-0.7298,8.7318,0.2795,2026-03-26T11:43:55.35,2026-03-25T16:06:00.055,32.61,32.61,32.61,32.61,2.0,1.0,2026-03-25T16:06:00.055,32.61,222,2026-03-26 11:43:45 EDT,651.32,0.9595897561874347,-4.041024381256532,651.0,27.29,0.3000000000000007,1.0993037742762943,11,5373.389999999999,11346.28,442.31,1012.4399999999999,0.0045,-0.01,0.02
SPY,2026-03-30,625.0,PUT,4,-1,2026-03-26T11:43:55.116,223,0.64,482,0.65,-0.0744,-0.3151,9.8101,-75.778,0.0074,-0.7303,8.5211,0.2725,2026-03-26T11:43:55.35,2026-03-26T11:41:02.252,0.76,0.81,0.54,0.6,1201.0,126.0,2026-03-26T11:41:02.252,0.6,222,2026-03-26 11:43:45 EDT,651.32,0.9595897561874347,-4.041024381256532,651.0,0.645,0.010000000000000009,1.5503875968992262,2109,-1016489.0712,-2068950.0899999999,66454.59,-15690.96,-0.0004,0.01,0.0
SPY,2026-03-30,626.0,CALL,4,1,2026-03-26T11:43:52.928,12,26.16,16,26.46,0.917,-0.405,10.6467,22.7019,0.008,-0.7585,8.8615,0.2731,2026-03-26T11:43:55.35,2026-03-26T10:03:47.176,29.3,29.3,29.3,29.3,1.0,1.0,2026-03-26T10:03:47.176,29.3,222,2026-03-26 11:43:45 EDT,651.32,0.9611250997973345,-3.887490020266543,651.0,26.310000000000002,0.3000000000000007,1.140250855188144,20,10421.12,21293.399999999998,810.0000000000001,1834.0,0.0053,0.0,0.0
SPY,2026-03-30,626.0,PUT,4,-1,2026-03-26T11:43:54.897,10,0.71,918,0.72,-0.0809,-0.3329,10.4489,-75.1884,0.0079,-0.7594,8.7852,0.2705,2026-03-26T11:43:55.35,2026-03-26T11:37:10.991,0.76,0.87,0.6,0.69,97.0,38.0,2026-03-26T11:37:10.991,0.69,222,2026-03-26 11:43:45 EDT,651.32,0.9611250997973345,-3.887490020266543,651.0,0.715,0.010000000000000009,1.3986013986014,444,-228457.00320000006,-463931.16,14780.759999999998,-3591.96,-0.0003,0.01,0.0
SPY,2026-03-30,627.0,CALL,4,1,2026-03-26T11:43:50.153,12,25.25,12,25.5,0.9106,-0.4205,11.2521,23.3805,0.0085,-0.7863,9.0796,0.2702,2026-03-26T11:43:55.35,2026-03-25T13:01:13.858,31.93,31.93,31.93,31.93,1.0,1.0,2026-03-25T13:01:13.858,31.93,222,2026-03-26 11:43:45 EDT,651.32,0.9626604434072344,-3.7339556592765533,651.0,25.375,0.25,0.9852216748768473,3,1660.8660000000004,3375.63,126.14999999999998,273.17999999999995,0.0012,-0.035,0.07
SPY,2026-03-30,627.0,PUT,4,-1,2026-03-26T11:43:54.766,10,0.78,905,0.79,-0.0887,-0.3553,11.1978,-74.1309,0.0085,-0.7868,9.0612,0.2695,2026-03-26T11:43:55.35,2026-03-26T11:36:54.86,0.92,0.98,0.64,0.75,460.0,61.0,2026-03-26T11:36:54.86,0.75,222,2026-03-26 11:43:45 EDT,651.32,0.9626604434072344,-3.7339556592765533,651.0,0.785,0.010000000000000009,1.2738853503184724,1516,-839290.952,-1697586.4800000002,53863.48,-13446.92,0.0005,0.01,0.0
SPY,2026-03-30,628.0,CALL,4,1,2026-03-26T11:43:52.004,13,24.33,16,24.65,0.8993,-0.457,12.2847,23.9099,0.0092,-0.8069,9.3974,0.2728,2026-03-26T11:43:55.35,,,,,,,,,,222,2026-03-26 11:43:45 EDT,651.32,0.9641957870171344,-3.5804212982865637,651.0,24.49,0.3200000000000003,1.306655777868519,0,0.0,0.0,0.0,0.0,0.002,-0.045,0.09
SPY,2026-03-30,628.0,PUT,4,-1,2026-03-26T11:43:54.561,10,0.86,858,0.87,-0.0967,-0.3766,11.9384,-73.2635,0.0091,-0.8126,9.2985,0.268,2026-03-26T11:43:55.35,2026-03-26T11:42:28.583,1.0,1.1,0.69,0.86,311.0,62.0,2026-03-26T11:42:28.583,0.86,222,2026-03-26 11:43:45 EDT,651.32,0.9641957870171344,-3.5804212982865637,651.0,0.865,0.010000000000000009,1.1560693641618507,574,-340210.48880000005,-685264.16,21616.84,-5550.579999999999,0.0003,0.01,0.0
SPY,2026-03-30,629.0,CALL,4,1,2026-03-26T11:43:55.119,23,23.42,26,23.69,0.8933,-0.4667,12.8116,24.7091,0.0098,-0.834,9.5331,0.268,2026-03-26T11:43:55.35,2026-03-23T14:07:27.839,30.45,30.45,30.45,30.45,1.0,1.0,2026-03-23T14:07:27.839,30.45,222,2026-03-26 11:43:45 EDT,651.32,0.9657311306270343,-3.4268869372965742,651.0,23.555,0.2699999999999996,1.1462534493738041,1,638.2936,1281.16,46.67,89.33,0.0018,-0.025,0.05
SPY,2026-03-30,629.0,PUT,4,-1,2026-03-26T11:43:54.966,316,0.94,314,0.95,-0.1047,-0.3956,12.6517,-72.6742,0.0098,-0.8374,9.4938,0.2658,2026-03-26T11:43:55.35,2026-03-26T11:42:53.526,1.07,1.18,0.8,0.93,1679.0,152.0,2026-03-26T11:42:53.526,0.93,222,2026-03-26 11:43:45 EDT,651.32,0.9657311306270343,-3.4268869372965742,651.0,0.945,0.010000000000000009,1.0582010582010593,747,-476805.3192,-945081.99,29551.32,-7821.089999999999,-0.0005,0.0,0.0
SPY,2026-03-30,630.0,CALL,4,1,2026-03-26T11:43:51.399,53,22.49,55,22.7,0.8877,-0.4727,13.2932,25.5968,0.0104,-0.8629,9.6411,0.2623,2026-03-26T11:43:55.35,2026-03-25T16:06:00.055,27.89,27.89,27.89,27.89,2.0,1.0,2026-03-25T16:06:00.055,27.89,222,2026-03-26 11:43:45 EDT,651.32,0.9672664742369341,-3.2733525763065847,651.0,22.595,0.21000000000000085,0.9294091613188797,76,51480.33280000001,101028.32,3592.5200000000004,6746.520000000001,-0.0035,-0.095,0.05
SPY,2026-03-30,630.0,PUT,4,-1,2026-03-26T11:43:55.191,43,1.04,529,1.05,-0.1143,-0.4193,13.4701,-71.6343,0.0104,-0.8581,9.6773,0.2647,2026-03-26T11:43:55.35,2026-03-26T11:43:30.229,1.2,1.31,0.83,1.04,2579.0,328.0,2026-03-26T11:43:30.229,1.04,222,2026-03-26 11:43:45 EDT,651.32,0.9672664742369341,-3.2733525763065847,651.0,1.045,0.010000000000000009,0.956937799043063,3645,-2469023.856,-4909851.45,152834.85,-41662.35,0.0002,0.01,0.0
SPY,2026-03-30,631.0,CALL,4,1,2026-03-26T11:43:51.697,53,21.6,52,21.78,0.878,-0.4949,14.1018,26.3645,0.0111,-0.8826,9.7889,0.2607,2026-03-26T11:43:55.35,2026-03-23T15:59:53.171,28.93,28.93,27.61,27.61,4.0,2.0,2026-03-23T15:59:53.171,27.61,222,2026-03-26 11:43:45 EDT,651.32,0.9688018178468341,-3.119818215316595,651.0,21.69,0.17999999999999972,0.8298755186721978,4,2891.8608000000004,5640.72,197.96,351.2,-0.0046,-0.125,-0.03
SPY,2026-03-30,631.0,PUT,4,-1,2026-03-26T11:43:55.099,355,1.14,600,1.16,-0.1245,-0.4433,14.3097,-70.5873,0.0111,-0.8755,9.8201,0.2636,2026-03-26T11:43:55.35,2026-03-26T11:40:57.496,1.38,1.45,0.96,1.07,1008.0,100.0,2026-03-26T11:40:57.496,1.07,222,2026-03-26 11:43:45 EDT,651.32,0.9688018178468341,-3.119818215316595,651.0,1.15,0.020000000000000018,1.7391304347826104,761,-550176.5172000001,-1088968.17,33735.130000000005,-9474.45,0.0001,0.005,0.01
SPY,2026-03-30,632.0,CALL,4,1,2026-03-26T11:43:54.068,53,20.72,50,20.9,0.867,-0.5197,14.9741,27.1358,0.0118,-0.8972,9.8995,0.2597,2026-03-26T11:43:55.35,2026-03-26T10:50:06.321,21.48,22.12,21.48,22.12,16.0,2.0,2026-03-26T10:50:06.321,22.12,222,2026-03-26 11:43:45 EDT,651.32,0.970337161456734,-2.9662838543266057,651.0,20.81,0.17999999999999972,0.8649687650168176,11,8454.133600000001,16471.510000000002,571.6700000000001,953.6999999999999,-0.0032,-0.1,0.0
SPY,2026-03-30,632.0,PUT,4,-1,2026-03-26T11:43:55.138,152,1.26,152,1.27,-0.1349,-0.4653,15.1257,-69.7629,0.0118,-0.8909,9.9137,0.2619,2026-03-26T11:43:55.35,2026-03-26T11:43:33.667,1.44,1.58,1.0,1.26,2574.0,113.0,2026-03-26T11:43:33.667,1.26,222,2026-03-26 11:43:45 EDT,651.32,0.970337161456734,-2.9662838543266057,651.0,1.2650000000000001,0.010000000000000009,0.7905138339920955,2946,-2264170.6896,-4456031.22,137077.38,-39741.54,0.0001,0.01,0.0
SPY,2026-03-30,633.0,CALL,4,1,2026-03-26T11:43:54.868,53,19.84,52,20.03,0.8558,-0.5424,15.8203,27.9679,0.0126,-0.9094,9.9573,0.2581,2026-03-26T11:43:55.35,2026-03-23T13:51:15.438,26.9,26.9,26.9,26.9,2.0,1.0,2026-03-23T13:51:15.438,26.9,222,2026-03-26 11:43:45 EDT,651.32,0.9718725050666338,-2.812749493336616,651.0,19.935000000000002,0.19000000000000128,0.9530975670930588,2,1641.3264000000001,3164.06,108.48,171.16,-0.0031,-0.115,0.05
SPY,2026-03-30,633.0,PUT,4,-1,2026-03-26T11:43:55.075,9,1.39,230,1.4,-0.1465,-0.4898,15.9992,-68.6976,0.0126,-0.9006,9.9634,0.2608,2026-03-26T11:43:55.35,2026-03-26T11:25:53.115,1.58,1.73,1.12,1.29,153.0,41.0,2026-03-26T11:25:53.115,1.29,222,2026-03-26 11:43:45 EDT,651.32,0.9718725050666338,-2.812749493336616,651.0,1.395,0.010000000000000009,0.7168458781362014,1331,-1092302.7192000002,-2129493.52,65192.380000000005,-19499.15,0.0001,0.01,0.0
SPY,2026-03-30,634.0,CALL,4,1,2026-03-26T11:43:54.876,53,18.99,50,19.17,0.8429,-0.5694,16.7514,28.7734,0.0133,-0.9132,9.9626,0.2576,2026-03-26T11:43:55.35,2026-03-25T13:01:13.858,25.5,25.5,25.5,25.5,1.0,1.0,2026-03-25T13:01:13.858,25.5,222,2026-03-26 11:43:45 EDT,651.32,0.9734078486765337,-2.6592151323466267,651.0,19.08,0.18000000000000327,0.9433962264151114,7,6063.789199999999,11725.98,398.58000000000004,590.03,-0.0042,-0.12,-0.02
SPY,2026-03-30,634.0,PUT,4,-1,2026-03-26T11:43:55.192,18,1.53,418,1.54,-0.1588,-0.5139,16.8755,-67.6703,0.0133,-0.906,9.9587,0.2596,2026-03-26T11:43:55.35,2026-03-26T11:42:42.632,1.77,1.92,1.23,1.53,1655.0,109.0,2026-03-26T11:42:42.632,1.53,222,2026-03-26 11:43:45 EDT,651.32,0.9734078486765337,-2.6592151323466267,651.0,1.5350000000000001,0.010000000000000009,0.6514657980456031,1265,-1095813.334,-2134750.75,65008.350000000006,-20088.2,0.0,0.01,0.0
SPY,2026-03-30,635.0,CALL,4,1,2026-03-26T11:43:55.186,53,18.16,19,18.31,0.8288,-0.5978,17.7072,29.5828,0.0141,-0.9098,9.9013,0.2575,2026-03-26T11:43:55.35,2026-03-25T16:10:15.873,24.69,24.69,22.78,23.26,5.0,5.0,2026-03-25T16:10:15.873,23.26,222,2026-03-26 11:43:45 EDT,651.32,0.9749431922864337,-2.505680771356637,651.0,18.235,0.14999999999999858,0.8225939128050374,1244,1142441.3328,2202775.6799999997,74366.31999999999,103102.72,-0.0012,-0.125,-0.03
SPY,2026-03-30,635.0,PUT,4,-1,2026-03-26T11:43:55.186,44,1.68,245,1.69,-0.1718,-0.5378,17.7584,-66.6349,0.0141,-0.9063,9.8961,0.2584,2026-03-26T11:43:55.35,2026-03-26T11:43:54.404,1.93,2.1,1.29,1.68,1917.0,267.0,2026-03-26T11:43:54.404,1.68,222,2026-03-26 11:43:45 EDT,651.32,0.9749431922864337,-2.505680771356637,651.0,1.685,0.010000000000000009,0.5934718100890213,2297,-2109475.6764,-4079104.4800000004,123532.65999999999,-39462.46000000001,0.0,0.01,0.0
SPY,2026-03-30,636.0,CALL,4,1,2026-03-26T11:43:54.899,36,17.32,16,17.48,0.8157,-0.6188,18.5534,30.5365,0.0149,-0.9082,9.7869,0.2556,2026-03-26T11:43:55.35,2026-03-25T15:00:42.361,21.99,21.99,21.99,21.99,1.0,1.0,2026-03-25T15:00:42.361,21.99,222,2026-03-26 11:43:45 EDT,651.32,0.9764785358963335,-2.3521464103666476,651.0,17.4,0.16000000000000014,0.9195402298850583,134,130042.5512,248615.56,8291.92,10930.38,-0.0028,-0.105,0.01
SPY,2026-03-30,636.0,PUT,4,-1,2026-03-26T11:43:55.189,271,1.84,416,1.86,-0.186,-0.563,18.6636,-65.4659,0.0149,-0.8996,9.768,0.2575,2026-03-26T11:43:55.35,2026-03-26T11:41:33.198,2.17,2.25,1.44,1.76,825.0,72.0,2026-03-26T11:41:33.198,1.76,222,2026-03-26 11:43:45 EDT,651.32,0.9764785358963335,-2.3521464103666476,651.0,1.85,0.020000000000000018,1.081081081081082,1165,-1130593.822,-2174309.4,65589.5,-21669.0,0.0005,0.015,0.01
SPY,2026-03-30,637.0,CALL,4,1,2026-03-26T11:43:54.876,60,16.51,24,16.66,0.8009,-0.6432,19.4536,31.4631,0.0157,-0.8965,9.5991,0.2546,2026-03-26T11:43:55.35,2026-03-25T13:58:30.277,23.23,23.23,23.23,23.23,1.0,1.0,2026-03-25T13:58:30.277,23.23,222,2026-03-26 11:43:45 EDT,651.32,0.9780138795062334,-2.198612049376658,651.0,16.585,0.14999999999999858,0.9044317154054783,36,36812.6064,70032.96,2315.52,2883.24,-0.0021,-0.11,-0.06
SPY,2026-03-30,637.0,PUT,4,-1,2026-03-26T11:43:55.068,63,2.02,69,2.03,-0.2002,-0.5849,19.524,-64.5417,0.0157,-0.8901,9.5816,0.2559,2026-03-26T11:43:55.35,2026-03-26T11:36:24.117,2.23,2.39,1.6,1.96,979.0,113.0,2026-03-26T11:36:24.117,1.96,222,2026-03-26 11:43:45 EDT,651.32,0.9780138795062334,-2.198612049376658,651.0,2.025,0.009999999999999787,0.49382716049381664,783,-800674.1892,-1528729.2000000002,45797.67,-15675.66,0.0,0.015,-0.01
SPY,2026-03-30,638.0,CALL,4,1,2026-03-26T11:43:52.958,62,15.69,5,15.85,0.7855,-0.666,20.3307,32.4422,0.0165,-0.8795,9.3446,0.2534,2026-03-26T11:43:55.35,2026-03-25T09:30:22.284,23.53,23.53,23.53,23.53,1.0,1.0,2026-03-25T09:30:22.284,23.53,222,2026-03-26 11:43:45 EDT,651.32,0.9795492231161333,-2.0450776883866686,651.0,15.77,0.16000000000000014,1.0145846544071029,13,13970.814000000002,26429.91,865.8000000000002,1021.1499999999999,-0.0025,-0.105,0.01
SPY,2026-03-30,638.0,PUT,4,-1,2026-03-26T11:43:55.125,250,2.21,293,2.23,-0.2159,-0.609,20.4129,-63.3645,0.0164,-0.871,9.3172,0.2551,2026-03-26T11:43:55.35,2026-03-26T11:40:56.376,2.49,2.6,1.78,2.1,512.0,117.0,2026-03-26T11:40:56.376,2.1,222,2026-03-26 11:43:45 EDT,651.32,0.9795492231161333,-2.0450776883866686,651.0,2.2199999999999998,0.020000000000000018,0.9009009009009018,1427,-1524271.1696000001,-2912920.83,86904.3,-30808.930000000004,-0.0001,0.015,0.01
SPY,2026-03-30,639.0,CALL,4,1,2026-03-26T11:43:55.04,132,14.92,53,15.07,0.7688,-0.6904,21.2193,33.4072,0.0172,-0.8527,9.0071,0.2528,2026-03-26T11:43:55.35,2026-03-26T09:43:23.676,15.42,15.94,15.42,15.94,6.0,2.0,2026-03-26T09:43:23.676,15.94,222,2026-03-26 11:43:45 EDT,651.32,0.9810845667260332,-1.8915433273966789,651.0,14.995000000000001,0.15000000000000036,1.0003334444814962,180,201648.67200000002,381947.4,12427.2,13838.400000000001,-0.003,-0.11,-0.02
SPY,2026-03-30,639.0,PUT,4,-1,2026-03-26T11:43:55.034,60,2.42,334,2.44,-0.2322,-0.6313,21.2723,-62.2651,0.0172,-0.8465,8.9845,0.254,2026-03-26T11:43:55.35,2026-03-26T11:43:33.667,2.68,2.9,1.9,2.42,1911.0,93.0,2026-03-26T11:43:33.667,2.42,222,2026-03-26 11:43:45 EDT,651.32,0.9810845667260332,-1.8915433273966789,651.0,2.4299999999999997,0.020000000000000018,0.8230452674897127,2665,-2985520.6160000004,-5669067.95,168241.44999999998,-61881.299999999996,0.0003,0.015,0.01
SPY,2026-03-30,640.0,CALL,4,1,2026-03-26T11:43:54.764,70,14.15,54,14.29,0.7515,-0.7128,22.0704,34.4248,0.018,-0.8201,8.5988,0.2519,2026-03-26T11:43:55.35,2026-03-26T11:01:46.299,14.89,17.09,14.89,14.91,125.0,18.0,2026-03-26T11:01:46.299,14.91,222,2026-03-26 11:43:45 EDT,651.32,0.9826199103359331,-1.7380089664066893,651.0,14.219999999999999,0.1399999999999988,0.9845288326300901,1003,1175893.128,2213661.12,71493.84,75375.44999999998,-0.0021,-0.095,0.01
SPY,2026-03-30,640.0,PUT,4,-1,2026-03-26T11:43:55.085,256,2.64,281,2.66,-0.2491,-0.652,22.101,-61.2184,0.018,-0.816,8.5826,0.2527,2026-03-26T11:43:55.35,2026-03-26T11:41:42.61,2.86,3.22,2.06,2.56,1530.0,417.0,2026-03-26T11:41:42.61,2.56,222,2026-03-26 11:43:45 EDT,651.32,0.9826199103359331,-1.7380089664066893,651.0,2.6500000000000004,0.020000000000000018,0.754716981132076,4596,-5388240.096,-10157619.6,299659.2,-114486.35999999999,0.0002,0.02,0.0
SPY,2026-03-30,641.0,CALL,4,1,2026-03-26T11:43:55.119,69,13.4,168,13.57,0.733,-0.7364,22.9094,35.4171,0.0187,-0.7772,8.1021,0.2517,2026-03-26T11:43:55.35,2026-03-26T11:35:54.699,16.26,16.26,13.6,13.6,61.0,3.0,2026-03-26T11:35:54.699,13.6,222,2026-03-26 11:43:45 EDT,651.32,0.984155253945833,-1.5844746054166996,651.0,13.485,0.16999999999999993,1.2606599925843525,20,24359.368000000002,45818.8,1472.8000000000002,1466.0,-0.0011,-0.075,0.03
SPY,2026-03-30,641.0,PUT,4,-1,2026-03-26T11:43:55.045,259,2.88,284,2.9,-0.2668,-0.672,22.9053,-60.1283,0.0187,-0.7779,8.1048,0.2515,2026-03-26T11:43:55.35,2026-03-26T11:41:47.18,3.14,3.31,2.37,2.85,818.0,118.0,2026-03-26T11:41:47.18,2.85,222,2026-03-26 11:43:45 EDT,651.32,0.984155253945833,-1.5844746054166996,651.0,2.8899999999999997,0.020000000000000018,0.6920415224913502,1871,-2278818.8764000004,-4285581.63,125731.20000000001,-49918.28,0.0002,0.02,0.0
SPY,2026-03-30,642.0,CALL,4,1,2026-03-26T11:43:54.072,11,12.68,55,12.83,0.7142,-0.7566,23.6887,36.4866,0.0194,-0.7298,7.5411,0.2509,2026-03-26T11:43:55.35,2026-03-26T10:08:51.208,15.22,15.33,15.22,15.33,27.0,4.0,2026-03-26T10:08:51.208,15.33,222,2026-03-26 11:43:45 EDT,651.32,0.9856905975557329,-1.4309402444267103,651.0,12.754999999999999,0.15000000000000036,1.1760094080752674,33,41697.506400000006,78172.71,2496.78,2356.8599999999997,-0.0008,-0.065,0.01
SPY,2026-03-30,642.0,PUT,4,-1,2026-03-26T11:43:55.193,92,3.14,276,3.16,-0.2854,-0.6908,23.6745,-59.0163,0.0194,-0.7323,7.5522,0.2504,2026-03-26T11:43:55.35,2026-03-26T11:42:47.438,3.38,3.68,2.58,3.17,456.0,102.0,2026-03-26T11:42:47.438,3.17,222,2026-03-26 11:43:45 EDT,651.32,0.9856905975557329,-1.4309402444267103,651.0,3.1500000000000004,0.020000000000000018,0.6349206349206354,1127,-1424033.0216,-2668116.15,77853.15999999999,-32164.58,0.0001,0.02,0.0
SPY,2026-03-30,643.0,CALL,4,1,2026-03-26T11:43:54.911,21,11.95,55,12.05,0.6956,-0.77,24.3843,37.7558,0.0201,-0.6827,6.9409,0.2487,2026-03-26T11:43:55.35,2026-03-26T09:43:09.166,12.38,12.75,12.38,12.75,2.0,2.0,2026-03-26T09:43:09.166,12.75,222,2026-03-26 11:43:45 EDT,651.32,0.9872259411656328,-1.2774058834367208,651.0,12.0,0.10000000000000142,0.8333333333333451,66,86404.11120000001,160936.38,5082.0,4590.96,-0.0011,-0.07,0.02
SPY,2026-03-30,643.0,PUT,4,-1,2026-03-26T11:43:55.121,4,3.42,53,3.43,-0.3044,-0.7067,24.3903,-58.0058,0.0201,-0.6815,6.9354,0.249,2026-03-26T11:43:55.35,2026-03-26T11:42:44.85,3.68,4.03,2.77,3.44,686.0,186.0,2026-03-26T11:42:44.85,3.44,222,2026-03-26 11:43:45 EDT,651.32,0.9872259411656328,-1.2774058834367208,651.0,3.425,0.010000000000000231,0.2919708029197148,906,-1186092.7992,-2209761.1799999997,64027.020000000004,-27578.640000000003,0.0001,0.025,-0.01
SPY,2026-03-30,644.0,CALL,4,1,2026-03-26T11:43:55.049,43,11.24,55,11.34,0.6758,-0.7845,25.0538,38.9872,0.0208,-0.6243,6.2521,0.2473,2026-03-26T11:43:55.35,2026-03-26T10:55:10.638,11.95,13.4,11.39,11.39,25.0,9.0,2026-03-26T10:55:10.638,11.39,222,2026-03-26 11:43:45 EDT,651.32,0.9887612847755327,-1.123871522446731,651.0,11.29,0.09999999999999964,0.8857395925597844,316,428099.6096000001,791700.08,24790.199999999997,21355.28,-0.0008,-0.065,0.01
SPY,2026-03-30,644.0,PUT,4,-1,2026-03-26T11:43:55.13,42,3.71,251,3.73,-0.3246,-0.7229,25.0683,-56.836,0.0208,-0.6209,6.2361,0.2481,2026-03-26T11:43:55.35,2026-03-26T11:43:08.109,4.04,4.27,2.92,3.69,643.0,134.0,2026-03-26T11:43:08.109,3.69,222,2026-03-26 11:43:45 EDT,651.32,0.9887612847755327,-1.123871522446731,651.0,3.7199999999999998,0.020000000000000018,0.5376344086021511,1481,-2006378.2336,-3712615.23,107061.49,-48073.26,0.0001,0.025,-0.01
SPY,2026-03-30,645.0,CALL,4,1,2026-03-26T11:43:55.047,47,10.56,11,10.65,0.6552,-0.7972,25.6678,40.2578,0.0214,-0.5586,5.4941,0.246,2026-03-26T11:43:55.35,2026-03-26T11:39:48.882,11.33,13.25,10.5,10.82,38.0,29.0,2026-03-26T11:39:48.882,10.82,222,2026-03-26 11:43:45 EDT,651.32,0.9902966283854325,-0.9703371614567416,651.0,10.605,0.08999999999999986,0.8486562942008472,1894,2639904.1712,4861481.319999999,150989.68,124094.88,-0.0011,-0.07,0.02
SPY,2026-03-30,645.0,PUT,4,-1,2026-03-26T11:43:55.19,95,4.02,267,4.04,-0.3451,-0.7353,25.6782,-55.7979,0.0214,-0.5556,5.4803,0.2467,2026-03-26T11:43:55.35,2026-03-26T11:42:42.454,4.25,4.7,0.38,4.04,4423.0,734.0,2026-03-26T11:42:42.454,4.04,222,2026-03-26 11:43:45 EDT,651.32,0.9902966283854325,-0.9703371614567416,651.0,4.029999999999999,0.020000000000000462,0.49627791563276585,2626,-3660183.9248,-6743095.32,193089.78,-90623.26000000001,0.0,0.02,0.0
SPY,2026-03-30,646.0,CALL,4,1,2026-03-26T11:43:55.151,23,9.89,9,9.98,0.6339,-0.8077,26.2167,41.5847,0.022,-0.4863,4.6735,0.2446,2026-03-26T11:43:55.35,2026-03-26T10:56:15.636,10.7,12.0,10.25,10.25,5.0,4.0,2026-03-26T10:56:15.636,10.25,222,2026-03-26 11:43:45 EDT,651.32,0.9918319719953325,-0.816802800466752,651.0,9.935,0.08999999999999986,0.9058882737795657,244,349628.576,639687.48,19707.88,15467.160000000002,-0.0016,-0.08,0.0
SPY,2026-03-30,646.0,PUT,4,-1,2026-03-26T11:43:55.117,3,4.36,50,4.37,-0.3663,-0.7458,26.2252,-54.7381,0.022,-0.4834,4.6598,0.2453,2026-03-26T11:43:55.35,2026-03-26T11:42:30.269,4.66,5.03,3.44,4.36,623.0,152.0,2026-03-26T11:42:30.269,4.36,222,2026-03-26 11:43:45 EDT,651.32,0.9918319719953325,-0.816802800466752,651.0,4.365,0.009999999999999787,0.2290950744558943,1102,-1579060.208,-2890017.04,82187.16,-40366.26,-0.0001,0.025,-0.01
SPY,2026-03-30,647.0,CALL,4,1,2026-03-26T11:43:55.054,25,9.24,29,9.35,0.6117,-0.8185,26.7011,42.8415,0.0225,-0.4048,3.7811,0.244,2026-03-26T11:43:55.35,2026-03-26T11:11:51.097,9.8,10.72,9.53,9.98,28.0,6.0,2026-03-26T11:11:51.097,9.98,222,2026-03-26 11:43:45 EDT,651.32,0.9933673156052324,-0.6632684394767625,651.0,9.295,0.10999999999999943,1.1834319526627157,207,303352.29,552712.77,16942.95,12662.19,-0.0008,-0.07,0.02
SPY,2026-03-30,647.0,PUT,4,-1,2026-03-26T11:43:55.094,5,4.71,251,4.73,-0.3882,-0.7538,26.7006,-53.6892,0.0225,-0.405,3.7821,0.2439,2026-03-26T11:43:55.35,2026-03-26T11:43:08.109,4.93,5.37,3.87,4.69,1989.0,227.0,2026-03-26T11:43:08.109,4.69,222,2026-03-26 11:43:45 EDT,651.32,0.9933673156052324,-0.6632684394767625,651.0,4.720000000000001,0.020000000000000462,0.42372881355933173,1590,-2330097.3000000003,-4245395.4,119854.20000000001,-61723.799999999996,-0.0001,0.03,0.0
SPY,2026-03-30,648.0,CALL,4,1,2026-03-26T11:43:55.187,26,8.62,26,8.72,0.5893,-0.824,27.0985,44.2717,0.023,-0.3206,2.8522,0.2425,2026-03-26T11:43:55.35,2026-03-26T11:43:50.909,8.94,11.08,8.62,8.67,78.0,39.0,2026-03-26T11:43:50.909,8.67,222,2026-03-26 11:43:45 EDT,651.32,0.9949026592151323,-0.509734078486773,651.0,8.67,0.10000000000000142,1.1534025374855987,238,356532.568,644944.3,19611.2,14025.34,-0.0001,-0.05,0.0
SPY,2026-03-30,648.0,PUT,4,-1,2026-03-26T11:43:55.17,50,5.08,222,5.1,-0.4107,-0.7606,27.1004,-52.5479,0.0229,-0.3196,2.8474,0.2429,2026-03-26T11:43:55.35,2026-03-26T11:43:08.109,5.38,5.72,4.02,5.07,1716.0,231.0,2026-03-26T11:43:08.109,5.07,222,2026-03-26 11:43:45 EDT,651.32,0.9949026592151323,-0.509734078486773,651.0,5.09,0.019999999999999574,0.3929273084479288,860,-1282709.608,-2330634.4,65411.60000000001,-35320.2,0.0003,0.03,-0.0
SPY,2026-03-30,649.0,CALL,4,1,2026-03-26T11:43:54.765,50,8.02,32,8.12,0.5664,-0.8277,27.4131,45.7139,0.0233,-0.2305,1.8758,0.2413,2026-03-26T11:43:55.35,2026-03-26T11:41:42.011,8.84,10.31,8.2,8.22,114.0,21.0,2026-03-26T11:41:42.011,8.22,222,2026-03-26 11:43:45 EDT,651.32,0.9964380028250321,-0.3561997174967834,651.0,8.07,0.09999999999999964,1.2391573729863647,324,491694.4944000001,888184.44,26817.48,18351.36,-0.0002,-0.04,0.0
SPY,2026-03-30,649.0,PUT,4,-1,2026-03-26T11:43:55.142,2,5.48,46,5.49,-0.4335,-0.763,27.4131,-51.5356,0.0233,-0.2305,1.8758,0.2413,2026-03-26T11:43:55.35,2026-03-26T11:42:27.547,5.76,6.16,4.4,5.48,2200.0,329.0,2026-03-26T11:42:27.547,5.48,222,2026-03-26 11:43:45 EDT,651.32,0.9964380028250321,-0.3561997174967834,651.0,5.485,0.009999999999999787,0.18231540565177368,1029,-1561585.2924000002,-2820807.99,78512.70000000001,-44607.15,0.0001,0.035,-0.01
SPY,2026-03-30,650.0,CALL,4,1,2026-03-26T11:43:55.059,2,7.48,138,7.5,0.543,-0.8285,27.6374,47.2176,0.0237,-0.1361,0.865,0.24,2026-03-26T11:43:55.35,2026-03-26T11:43:37.092,8.49,9.76,7.35,7.47,1147.0,179.0,2026-03-26T11:43:37.092,7.47,222,2026-03-26 11:43:45 EDT,651.32,0.9979733464349321,-0.20266535650679388,651.0,7.49,0.019999999999999574,0.2670226969292333,582,898391.7288,1608496.68,48218.700000000004,31602.600000000002,-0.0002,-0.04,-0.0
SPY,2026-03-30,650.0,PUT,4,-1,2026-03-26T11:43:55.081,5,5.89,210,5.91,-0.4569,-0.7637,27.6374,-50.4493,0.0237,-0.1361,0.865,0.24,2026-03-26T11:43:55.35,2026-03-26T11:43:29.931,6.06,6.61,4.68,5.89,4979.0,1062.0,2026-03-26T11:43:29.931,5.89,222,2026-03-26 11:43:45 EDT,651.32,0.9979733464349321,-0.20266535650679388,651.0,5.9,0.020000000000000462,0.33898305084746544,5369,-8287740.879600001,-14838520.06,410030.53,-245309.61,0.0001,0.03,0.0
SPY,2026-03-30,651.0,CALL,4,1,2026-03-26T11:43:55.191,163,6.91,197,6.94,0.5192,-0.8248,27.7667,48.8715,0.0239,-0.0382,-0.1708,0.2382,2026-03-26T11:43:55.35,2026-03-26T11:43:50.909,7.81,9.21,6.77,6.93,3883.0,933.0,2026-03-26T11:43:50.909,6.93,222,2026-03-26 11:43:45 EDT,651.32,0.999508690044832,-0.04913099551680434,651.0,6.925000000000001,0.03000000000000025,0.43321299638989524,666,1036732.0968000002,1849262.2200000002,54931.67999999999,34578.72,-0.0003,-0.035,0.01
SPY,2026-03-30,651.0,PUT,4,-1,2026-03-26T11:43:55.153,20,6.33,210,6.35,-0.4807,-0.7599,27.7667,-49.4665,0.0239,-0.0382,-0.1708,0.2382,2026-03-26T11:43:55.35,2026-03-26T11:43:53.803,6.6,7.1,5.03,6.34,6033.0,1465.0,2026-03-26T11:43:53.803,6.34,222,2026-03-26 11:43:45 EDT,651.32,0.999508690044832,-0.04913099551680434,651.0,6.34,0.019999999999999574,0.3154574132492046,778,-1211077.4344000001,-2160249.2600000002,59120.22000000001,-37398.46,-0.0003,0.03,-0.0
SPY,2026-03-30,652.0,CALL,4,1,2026-03-26T11:43:55.083,5,6.38,214,6.4,0.4951,-0.8201,27.7972,50.4761,0.0241,0.0629,-1.2241,0.237,2026-03-26T11:43:55.35,2026-03-26T11:42:12.274,7.16,8.54,6.28,6.41,3029.0,541.0,2026-03-26T11:42:12.274,6.41,222,2026-03-26 11:43:45 EDT,651.32,1.001044033654732,0.10440336547318521,651.0,6.390000000000001,0.020000000000000462,0.31298904538341876,564,885300.1968,1567762.08,46253.64,27923.64,0.0,-0.035,-0.01
SPY,2026-03-30,652.0,PUT,4,-1,2026-03-26T11:43:55.153,2,6.79,196,6.81,-0.5048,-0.7541,27.7972,-48.4259,0.0241,0.063,-1.2251,0.2367,2026-03-26T11:43:55.35,2026-03-26T11:42:48.185,6.96,7.53,5.41,6.8,3248.0,713.0,2026-03-26T11:42:48.185,6.8,222,2026-03-26 11:43:45 EDT,651.32,1.001044033654732,0.10440336547318521,651.0,6.8,0.019999999999999574,0.29411764705881727,1306,-2050003.6472,-3630314.32,98485.46,-65926.88,-0.0004,0.03,-0.0
SPY,2026-03-30,653.0,CALL,4,1,2026-03-26T11:43:55.175,13,5.86,71,5.88,0.4708,-0.8109,27.7249,52.2463,0.0242,0.1662,-2.2845,0.2353,2026-03-26T11:43:55.35,2026-03-26T11:39:02.107,6.6,7.94,5.75,6.07,2402.0,419.0,2026-03-26T11:39:02.107,6.07,222,2026-03-26 11:43:45 EDT,651.32,1.0025793772646316,0.25793772646317475,651.0,5.87,0.019999999999999574,0.340715502555359,669,1054474.0536,1854795.81,54249.20999999999,31496.519999999997,-0.0001,-0.035,-0.01
SPY,2026-03-30,653.0,PUT,4,-1,2026-03-26T11:43:55.13,76,7.27,102,7.29,-0.5291,-0.7462,27.725,-47.3348,0.0242,0.1661,-2.2836,0.2354,2026-03-26T11:43:55.35,2026-03-26T11:43:50.909,7.47,8.0,5.8,7.28,3433.0,783.0,2026-03-26T11:43:50.909,7.28,222,2026-03-26 11:43:45 EDT,651.32,1.0025793772646316,0.25793772646317475,651.0,7.279999999999999,0.020000000000000462,0.2747252747252811,1270,-2001766.888,-3521075.0,94767.4,-67195.7,0.0003,0.035,-0.01
SPY,2026-03-30,654.0,CALL,4,1,2026-03-26T11:43:55.082,207,5.36,214,5.39,0.4462,-0.7983,27.5463,54.1173,0.0242,0.2711,-3.3419,0.2335,2026-03-26T11:43:55.35,2026-03-26T11:43:51.038,6.09,7.41,5.26,5.37,3559.0,791.0,2026-03-26T11:43:51.038,5.37,222,2026-03-26 11:43:45 EDT,651.32,1.0041147208745316,0.41147208745316427,651.0,5.375,0.02999999999999936,0.558139534883709,613,966207.1672,1688588.19,48935.79,27352.06,-0.0004,-0.035,0.01
SPY,2026-03-30,654.0,PUT,4,-1,2026-03-26T11:43:55.036,101,7.75,15,7.83,-0.5536,-0.7345,27.5474,-46.2915,0.0242,0.2702,-3.3367,0.2339,2026-03-26T11:43:55.35,2026-03-26T11:42:48.63,8.04,8.34,6.38,7.8,3711.0,902.0,2026-03-26T11:42:48.63,7.8,222,2026-03-26 11:43:45 EDT,651.32,1.0041147208745316,0.41147208745316427,651.0,7.79,0.08000000000000007,1.0269576379974337,1832,-2887588.1408000006,-5046683.68,134560.4,-101419.52,0.001,0.055,0.01
SPY,2026-03-30,655.0,CALL,4,1,2026-03-26T11:43:55.129,3,4.9,251,4.92,0.4216,-0.7844,27.2616,55.9381,0.0241,0.3748,-4.3752,0.2321,2026-03-26T11:43:55.35,2026-03-26T11:43:34.471,5.59,6.85,4.79,4.9,3594.0,775.0,2026-03-26T11:43:34.471,4.9,222,2026-03-26 11:43:45 EDT,651.32,1.0056500644844315,0.5650064484431538,651.0,4.91,0.019999999999999574,0.4073319755600728,1825,2864668.1900000004,4975242.000000001,143153.0,76942.0,-0.0002,-0.03,-0.0
SPY,2026-03-30,655.0,PUT,4,-1,2026-03-26T11:43:55.064,36,8.27,46,8.38,-0.5782,-0.7195,27.2623,-45.2691,0.0241,0.3744,-4.3732,0.2322,2026-03-26T11:43:55.35,2026-03-26T11:42:33.015,8.38,9.04,6.69,8.29,2022.0,465.0,2026-03-26T11:42:33.015,8.29,222,2026-03-26 11:43:45 EDT,651.32,1.0056500644844315,0.5650064484431538,651.0,8.325,0.11000000000000121,1.321321321321336,14296,-22440162.435200002,-38974184.08,1028597.2,-826594.7200000001,0.0006,0.055,0.03
SPY,2026-03-30,656.0,CALL,4,1,2026-03-26T11:43:55.186,75,4.45,93,4.47,0.3969,-0.7659,26.8662,57.9583,0.024,0.4786,-5.3853,0.2303,2026-03-26T11:43:55.35,2026-03-26T11:41:06.62,5.25,6.29,4.36,4.62,1277.0,236.0,2026-03-26T11:41:06.62,4.62,222,2026-03-26 11:43:45 EDT,651.32,1.0071854080943314,0.7185408094331434,651.0,4.46,0.019999999999999574,0.44843049327353307,781,1220834.208,2098250.2199999997,59816.79,30997.889999999996,-0.0002,-0.03,0.0
SPY,2026-03-30,656.0,PUT,4,-1,2026-03-26T11:43:55.195,34,8.82,36,8.93,-0.603,-0.701,26.8673,-44.2756,0.024,0.4781,-5.3829,0.2304,2026-03-26T11:43:55.35,2026-03-26T11:43:50.909,9.04,9.43,7.28,8.91,728.0,192.0,2026-03-26T11:43:50.909,8.91,222,2026-03-26 11:43:45 EDT,651.32,1.0071854080943314,0.7185408094331434,651.0,8.875,0.10999999999999943,1.2394366197183033,2852,-4458155.136000001,-7662553.96,199925.19999999998,-171975.59999999998,0.0002,0.045,0.01
SPY,2026-03-30,657.0,CALL,4,1,2026-03-26T11:43:55.116,10,4.03,225,4.05,0.3723,-0.7451,26.3631,60.0252,0.0237,0.5794,-6.35,0.2286,2026-03-26T11:43:55.35,2026-03-26T11:40:44.115,4.68,5.77,3.95,4.14,1317.0,227.0,2026-03-26T11:40:44.115,4.14,222,2026-03-26 11:43:45 EDT,651.32,1.0087207517042314,0.872075170423133,651.0,4.04,0.019999999999999574,0.4950495049504845,1084,1673293.1856,2857760.04,80768.84,40357.32000000001,-0.0002,-0.03,-0.0
SPY,2026-03-30,657.0,PUT,4,-1,2026-03-26T11:43:51.398,50,9.41,50,9.51,-0.6273,-0.6813,26.3697,-43.1994,0.0237,0.5771,-6.3388,0.2291,2026-03-26T11:43:55.35,2026-03-26T11:41:45.268,9.32,10.25,7.73,9.35,421.0,166.0,2026-03-26T11:41:45.268,9.35,222,2026-03-26 11:43:45 EDT,651.32,1.0087207517042314,0.872075170423133,651.0,9.46,0.09999999999999964,1.0570824524312858,1562,-2411147.5608,-4118947.14,106419.06000000001,-97984.26,0.0005,0.05,-0.0
SPY,2026-03-30,658.0,CALL,4,1,2026-03-26T11:43:55.092,101,3.63,232,3.65,0.3477,-0.721,25.7502,62.2319,0.0233,0.6772,-7.2629,0.2267,2026-03-26T11:43:55.35,2026-03-26T11:43:39.799,4.22,5.25,3.66,3.66,942.0,213.0,2026-03-26T11:43:39.799,3.66,222,2026-03-26 11:43:45 EDT,651.32,1.0102560953141313,1.0256095314131224,651.0,3.6399999999999997,0.020000000000000018,0.54945054945055,1171,1777081.0276000004,3015348.42,84429.09999999999,40715.67,-0.0004,-0.03,0.0
SPY,2026-03-30,658.0,PUT,4,-1,2026-03-26T11:43:55.054,76,10.0,25,10.11,-0.652,-0.656,25.7536,-42.2589,0.0233,0.6763,-7.2583,0.2269,2026-03-26T11:43:55.35,2026-03-26T11:43:39.311,9.92,10.78,8.3,10.02,618.0,243.0,2026-03-26T11:43:39.311,10.02,222,2026-03-26 11:43:45 EDT,651.32,1.0102560953141313,1.0256095314131224,651.0,10.055,0.10999999999999943,1.0939830929885572,2059,-3124688.1604000004,-5302666.239999999,135070.4,-134246.80000000002,0.0001,0.045,0.01
SPY,2026-03-30,659.0,CALL,4,1,2026-03-26T11:43:55.166,4,3.26,253,3.28,0.3236,-0.6949,25.0364,64.4685,0.0229,0.7689,-8.1023,0.225,2026-03-26T11:43:55.35,2026-03-26T11:42:42.405,3.73,4.81,3.19,3.27,1102.0,171.0,2026-03-26T11:42:42.405,3.27,222,2026-03-26 11:43:45 EDT,651.32,1.0117914389240312,1.1791438924031121,651.0,3.2699999999999996,0.020000000000000018,0.6116207951070343,1522,2270097.7016000003,3810540.08,105763.78,49251.92,0.0,-0.025,0.01
SPY,2026-03-30,659.0,PUT,4,-1,2026-03-26T11:43:54.98,11,10.64,55,10.74,-0.6758,-0.6315,25.0513,-41.1791,0.0228,0.7653,-8.0862,0.2256,2026-03-26T11:43:55.35,2026-03-26T11:41:07.142,10.8,11.16,8.8,10.39,144.0,46.0,2026-03-26T11:41:07.142,10.39,222,2026-03-26 11:43:45 EDT,651.32,1.0117914389240312,1.1791438924031121,651.0,10.690000000000001,0.09999999999999964,0.935453695042092,1201,-1783496.5296000002,-3008661.13,75843.15,-81163.57999999999,0.0012,0.065,0.01
SPY,2026-03-30,660.0,CALL,4,1,2026-03-26T11:43:55.052,40,2.91,8,2.92,0.2993,-0.6643,24.2051,67.015,0.0223,0.8578,-8.8767,0.2227,2026-03-26T11:43:55.35,2026-03-26T11:43:39.799,3.55,4.33,2.87,2.93,2062.0,474.0,2026-03-26T11:43:39.799,2.93,222,2026-03-26 11:43:45 EDT,651.32,1.013326782533931,1.3326782533931016,651.0,2.915,0.009999999999999787,0.34305317324184514,2278,3308666.5208,5513921.78,151327.54,68180.54000000001,-0.0005,-0.025,-0.01
SPY,2026-03-30,660.0,PUT,4,-1,2026-03-26T11:43:55.117,172,11.22,54,11.39,-0.7011,-0.5962,24.1858,-40.4138,0.0224,0.8617,-8.893,0.2221,2026-03-26T11:43:55.35,2026-03-26T11:37:33.317,11.26,12.0,9.48,11.23,367.0,113.0,2026-03-26T11:37:33.317,11.23,222,2026-03-26 11:43:45 EDT,651.32,1.013326782533931,1.3326782533931016,651.0,11.305,0.16999999999999993,1.50375939849624,4408,-6431081.5744,-10661100.64,262804.95999999996,-309044.87999999995,0.0012,0.07,0.0
SPY,2026-03-30,661.0,CALL,4,1,2026-03-26T11:43:55.188,219,2.58,114,2.6,0.2761,-0.6341,23.2988,69.4207,0.0217,0.9346,-9.5404,0.221,2026-03-26T11:43:55.35,2026-03-26T11:41:43.768,3.02,3.9,2.57,2.64,956.0,164.0,2026-03-26T11:41:43.768,2.64,222,2026-03-26 11:43:45 EDT,651.32,1.0148621261438309,1.4862126143830912,651.0,2.59,0.020000000000000018,0.7722007722007729,815,1151891.9860000003,1898852.2000000002,51679.15,22502.15,-0.0001,-0.025,0.01
SPY,2026-03-30,661.0,PUT,4,-1,2026-03-26T11:43:55.135,119,11.91,55,12.08,-0.724,-0.5672,23.2893,-39.3337,0.0217,0.9362,-9.5467,0.2208,2026-03-26T11:43:55.35,2026-03-26T10:59:30.181,12.14,12.55,10.34,11.6,44.0,27.0,2026-03-26T10:59:30.181,11.6,222,2026-03-26 11:43:45 EDT,651.32,1.0148621261438309,1.4862126143830912,651.0,11.995000000000001,0.16999999999999993,1.4172571904960394,286,-404222.2184,-666073.98,16221.92,-20706.399999999998,0.0008,0.06,0.02
SPY,2026-03-30,662.0,CALL,4,1,2026-03-26T11:43:55.034,255,2.28,253,2.3,0.2532,-0.6008,22.2948,72.0445,0.0209,1.0042,-10.109,0.2191,2026-03-26T11:43:55.35,2026-03-26T11:40:35.958,2.8,3.53,2.26,2.35,627.0,174.0,2026-03-26T11:40:35.958,2.35,222,2026-03-26 11:43:45 EDT,651.32,1.0163974697537308,1.639746975373081,651.0,2.29,0.020000000000000018,0.873362445414848,1686,2295082.3367999997,3758903.2800000003,101294.88,42689.52,-0.0002,-0.025,0.01
SPY,2026-03-30,662.0,PUT,4,-1,2026-03-26T11:43:54.972,178,12.58,112,12.79,-0.7473,-0.5324,22.2664,-38.3888,0.0209,1.0084,-10.1234,0.2185,2026-03-26T11:43:55.35,2026-03-26T11:42:10.574,12.9,13.19,10.73,12.66,73.0,22.0,2026-03-26T11:42:10.574,12.66,222,2026-03-26 11:43:45 EDT,651.32,1.0163974697537308,1.639746975373081,651.0,12.684999999999999,0.20999999999999908,1.6554986204178093,361,-491414.4268,-803817.04,19219.64,-26977.529999999995,0.0008,0.065,0.01
SPY,2026-03-30,663.0,CALL,4,1,2026-03-26T11:43:55.177,275,2.0,123,2.02,0.2308,-0.5656,21.2051,74.834,0.0201,1.0643,-10.568,0.217,2026-03-26T11:43:55.35,2026-03-26T11:43:39.799,2.53,3.15,1.96,2.02,941.0,136.0,2026-03-26T11:43:39.799,2.02,222,2026-03-26 11:43:45 EDT,651.32,1.0179328133636307,1.7932813363630702,651.0,2.01,0.020000000000000018,0.9950248756218916,1347,1763429.3604000001,2856326.97,76186.32,31088.760000000002,-0.0003,-0.025,0.01
SPY,2026-03-30,663.0,PUT,4,-1,2026-03-26T11:43:54.8,13,13.37,119,13.52,-0.7678,-0.5044,21.2713,-37.2106,0.02,1.0559,-10.5434,0.2182,2026-03-26T11:43:55.35,2026-03-26T11:05:29.449,13.21,13.6,11.38,12.64,15.0,11.0,2026-03-26T11:05:29.449,12.64,222,2026-03-26 11:43:45 EDT,651.32,1.0179328133636307,1.7932813363630702,651.0,13.445,0.15000000000000036,1.1156563778356292,850,-1107244.0,-1808060.5,42873.99999999999,-65263.0,0.003,0.115,-0.07
SPY,2026-03-30,664.0,CALL,4,1,2026-03-26T11:43:55.067,265,1.75,306,1.77,0.2097,-0.5306,20.0677,77.5731,0.0191,1.1105,-10.9012,0.2153,2026-03-26T11:43:55.35,2026-03-26T11:42:20.945,2.3,2.85,1.72,1.76,1107.0,158.0,2026-03-26T11:42:20.945,1.76,222,2026-03-26 11:43:45 EDT,651.32,1.0194681569735307,1.9468156973530597,651.0,1.76,0.020000000000000018,1.1363636363636374,1552,1930720.9024,3114507.0399999996,82349.12,32545.440000000002,0.0002,-0.02,0.0
SPY,2026-03-30,664.0,PUT,4,-1,2026-03-26T11:43:53.206,151,14.08,159,14.29,-0.7894,-0.4674,20.1134,-36.2635,0.0191,1.1056,-10.8899,0.216,2026-03-26T11:43:55.35,2026-03-26T11:00:07.486,13.93,14.5,12.06,13.22,47.0,21.0,2026-03-26T11:00:07.486,13.22,222,2026-03-26 11:43:45 EDT,651.32,1.0194681569735307,1.9468156973530597,651.0,14.184999999999999,0.20999999999999908,1.480437081424033,129,-160478.7348,-259462.86,6029.459999999999,-10183.26,0.003,0.11,0.02
SPY,2026-03-30,665.0,CALL,4,1,2026-03-26T11:43:55.116,322,1.52,392,1.54,0.1891,-0.4937,18.8602,80.5412,0.0182,1.1462,-11.116,0.2133,2026-03-26T11:43:55.35,2026-03-26T11:43:18.104,2.02,2.5,1.5,1.55,1731.0,337.0,2026-03-26T11:43:18.104,1.55,222,2026-03-26 11:43:45 EDT,651.32,1.0210035005834306,2.100350058343049,651.0,1.53,0.020000000000000018,1.3071895424836613,2089,2476305.6136000003,3939895.78,103133.93000000001,39502.99,0.0001,-0.015,0.01
SPY,2026-03-30,665.0,PUT,4,-1,2026-03-26T11:43:53.665,164,14.83,93,15.04,-0.8109,-0.4269,18.8517,-35.3755,0.0182,1.147,-11.1171,0.2132,2026-03-26T11:43:55.35,2026-03-26T11:21:53.361,15.23,15.4,12.75,14.37,162.0,49.0,2026-03-26T11:21:53.361,14.37,222,2026-03-26 11:43:45 EDT,651.32,1.0210035005834306,2.100350058343049,651.0,14.934999999999999,0.20999999999999908,1.4060930699698633,523,-619965.4552000001,-985943.9100000001,22326.87,-42410.06999999999,0.0012,0.07,-0.02
SPY,2026-03-30,666.0,CALL,4,1,2026-03-26T11:43:55.091,378,1.31,361,1.33,0.1695,-0.4561,17.6039,83.6677,0.0171,1.1695,-11.2053,0.2113,2026-03-26T11:43:55.35,2026-03-26T11:42:58.12,1.75,2.2,1.31,1.34,1485.0,177.0,2026-03-26T11:42:58.12,1.34,222,2026-03-26 11:43:45 EDT,651.32,1.0225388441933303,2.2538844193330387,651.0,1.32,0.020000000000000018,1.5151515151515165,1273,1417812.9156000002,2240976.4699999997,58061.530000000006,21577.350000000002,0.0,-0.015,0.01
SPY,2026-03-30,666.0,PUT,4,-1,2026-03-26T11:43:54.772,164,15.62,66,15.83,-0.8306,-0.389,17.5896,-34.4177,0.0171,1.1706,-11.2057,0.2111,2026-03-26T11:43:55.35,2026-03-26T11:41:44.045,15.6,16.13,13.51,15.53,36.0,16.0,2026-03-26T11:41:44.045,15.53,222,2026-03-26 11:43:45 EDT,651.32,1.0225388441933303,2.2538844193330387,651.0,15.725,0.21000000000000085,1.335453100158988,145,-161494.79400000002,-255049.2,5640.5,-12043.699999999999,0.0017,0.095,0.01
SPY,2026-03-30,667.0,CALL,4,1,2026-03-26T11:43:55.035,8,1.13,333,1.14,0.1508,-0.4179,16.306,86.9995,0.016,1.1802,-11.1679,0.2092,2026-03-26T11:43:55.35,2026-03-26T11:38:35.816,1.56,1.92,1.1,1.21,600.0,115.0,2026-03-26T11:38:35.816,1.21,222,2026-03-26 11:43:45 EDT,651.32,1.0240741878032302,2.4074187803230283,651.0,1.1349999999999998,0.010000000000000009,0.8810572687224679,1299,1353703.4880000001,2118149.4000000004,54285.20999999999,19588.92,-0.0001,-0.01,0.0
SPY,2026-03-30,667.0,PUT,4,-1,2026-03-26T11:43:54.767,64,16.41,9,16.63,-0.85,-0.3484,16.2436,-33.5154,0.016,1.1839,-11.1635,0.2084,2026-03-26T11:43:55.35,2026-03-26T10:48:10.653,16.52,16.89,14.17,15.42,34.0,18.0,2026-03-26T10:48:10.653,15.42,222,2026-03-26 11:43:45 EDT,651.32,1.0240741878032302,2.4074187803230283,651.0,16.52,0.21999999999999886,1.3317191283292908,140,-145895.68000000002,-227410.40000000002,4877.599999999999,-11900.0,-0.0002,0.05,-0.04
SPY,2026-03-30,668.0,CALL,4,1,2026-03-26T11:43:55.122,335,0.96,127,0.97,0.1332,-0.3803,14.9953,90.4442,0.0149,1.1772,-11.0065,0.2071,2026-03-26T11:43:55.35,2026-03-26T11:42:03.255,1.32,1.64,0.97,0.97,3723.0,169.0,2026-03-26T11:42:03.255,0.97,222,2026-03-26 11:43:45 EDT,651.32,1.0256095314131302,2.560953141313018,651.0,0.965,0.010000000000000009,1.0362694300518145,1343,1303336.9124,2013868.79,51074.29,17888.760000000002,-0.0009,-0.015,-0.01
SPY,2026-03-30,668.0,PUT,4,-1,2026-03-26T11:43:51.401,53,17.26,55,17.5,-0.8653,-0.3187,15.1062,-32.4277,0.0149,1.1722,-11.0239,0.2083,2026-03-26T11:43:55.35,2026-03-26T11:07:39.013,17.75,17.75,14.9,16.75,45.0,11.0,2026-03-26T11:07:39.013,16.75,222,2026-03-26 11:43:45 EDT,651.32,1.0256095314131302,2.560953141313018,651.0,17.380000000000003,0.23999999999999844,1.3808975834292196,235,-228059.69800000003,-354995.7,7489.449999999999,-20334.55,0.0025,0.09,0.0
SPY,2026-03-30,669.0,CALL,4,1,2026-03-26T11:43:55.13,380,0.81,6,0.82,0.1168,-0.3433,13.6818,94.0413,0.0137,1.161,-10.7269,0.205,2026-03-26T11:43:55.35,2026-03-26T11:38:35.578,1.09,1.43,0.81,0.87,11627.0,365.0,2026-03-26T11:38:35.578,0.87,222,2026-03-26 11:43:45 EDT,651.32,1.02714487502303,2.7144875023030077,651.0,0.815,0.009999999999999898,1.2269938650306624,1338,1193908.6392,1830624.84,45933.54,15627.84,-0.001,-0.015,-0.01
SPY,2026-03-30,669.0,PUT,4,-1,2026-03-26T11:43:51.397,53,18.11,55,18.41,-0.879,-0.291,14.0185,-31.3546,0.0138,1.1499,-10.8074,0.2086,2026-03-26T11:43:55.35,2026-03-26T10:57:12.705,17.52,18.6,17.52,17.68,14.0,5.0,2026-03-26T10:57:12.705,17.68,222,2026-03-26 11:43:45 EDT,651.32,1.02714487502303,2.7144875023030077,651.0,18.259999999999998,0.3000000000000007,1.6429353778751412,527,-473678.9832,-738774.95,15335.7,-46323.3,0.0005,0.06,-0.12
SPY,2026-03-30,670.0,CALL,4,1,2026-03-26T11:43:55.172,8,0.69,691,0.7,0.1029,-0.3117,12.4904,97.0354,0.0126,1.13,-10.3744,0.2041,2026-03-26T11:43:55.35,2026-03-26T11:43:47.837,0.99,1.21,0.67,0.69,12272.0,575.0,2026-03-26T11:43:47.837,0.69,222,2026-03-26 11:43:45 EDT,651.32,1.02868021863293,2.868021863292997,651.0,0.695,0.010000000000000009,1.4388489208633108,6958,5710174.545600001,8690820.319999998,216880.86,71597.82,0.0007,0.0,0.0
SPY,2026-03-30,670.0,PUT,4,-1,2026-03-26T11:43:53.336,50,18.99,52,19.26,-0.8945,-0.2537,12.7077,-30.4742,0.0126,1.1255,-10.4442,0.2062,2026-03-26T11:43:55.35,2026-03-26T11:40:46.165,19.04,19.1,16.5,18.8,64.0,28.0,2026-03-26T11:40:46.165,18.8,222,2026-03-26 11:43:45 EDT,651.32,1.02868021863293,2.868021863292997,651.0,19.125,0.2700000000000031,1.4117647058823692,1358,-1114460.6256000001,-1725705.66,34452.46,-121473.1,0.0052,0.12,-0.06
SPY,2026-03-30,671.0,CALL,4,1,2026-03-26T11:43:55.188,312,0.57,550,0.58,0.0885,-0.2755,11.1811,101.1776,0.0114,1.091,-9.882,0.2016,2026-03-26T11:43:55.35,2026-03-26T11:41:44.667,0.79,1.03,0.57,0.59,2430.0,191.0,2026-03-26T11:41:44.667,0.59,222,2026-03-26 11:43:45 EDT,651.32,1.03021556224283,3.0215562242829863,651.0,0.575,0.010000000000000009,1.7391304347826104,2893,2148066.3864000007,3234692.23,79702.15000000001,25603.049999999996,-0.0004,-0.01,0.0
SPY,2026-03-30,671.0,PUT,4,-1,2026-03-26T11:43:53.569,50,19.87,52,20.17,-0.9066,-0.2258,11.6264,-29.4953,0.0116,1.087,-10.0597,0.206,2026-03-26T11:43:55.35,2026-03-26T11:24:35.062,17.37,19.35,17.22,19.35,29.0,9.0,2026-03-26T11:24:35.062,19.35,222,2026-03-26 11:43:45 EDT,651.32,1.03021556224283,3.0215562242829863,651.0,20.020000000000003,0.3000000000000007,1.498501498501502,144,-108796.4928,-167420.16,3251.52,-13055.039999999999,0.0022,0.075,-0.15
SPY,2026-03-30,672.0,CALL,4,1,2026-03-26T11:43:54.885,742,0.47,241,0.48,0.0759,-0.2429,9.9602,105.1429,0.0102,1.0407,-9.323,0.1997,2026-03-26T11:43:55.35,2026-03-26T11:39:00.093,0.66,0.87,0.48,0.51,899.0,155.0,2026-03-26T11:39:00.093,0.51,222,2026-03-26 11:43:45 EDT,651.32,1.0317509058527297,3.1750905852729763,651.0,0.475,0.010000000000000009,2.105263157894739,2880,1913317.6320000002,2868537.6,69955.2,21859.199999999997,-0.0004,-0.01,0.0
SPY,2026-03-30,672.0,PUT,4,-1,2026-03-26T11:43:51.404,50,20.66,52,21.09,-0.924,-0.1759,9.9604,-28.8368,0.0102,1.0407,-9.3229,0.1997,2026-03-26T11:43:55.35,2026-03-26T11:14:47.199,20.95,20.95,18.0,20.0,7.0,4.0,2026-03-26T11:14:47.199,20.0,222,2026-03-26 11:43:45 EDT,651.32,1.0317509058527297,3.1750905852729763,651.0,20.875,0.4299999999999997,2.0598802395209566,80,-53147.712000000014,-79683.2,1407.1999999999998,-7392.0,-0.0053,0.0,0.0
SPY,2026-03-30,673.0,CALL,4,1,2026-03-26T11:43:54.953,562,0.39,585,0.4,0.065,-0.2139,8.8418,108.8697,0.0091,0.9823,-8.7249,0.1982,2026-03-26T11:43:55.35,2026-03-26T11:42:24.456,0.58,0.72,0.4,0.4,753.0,131.0,2026-03-26T11:42:24.456,0.4,222,2026-03-26 11:43:45 EDT,651.32,1.0332862494626296,3.3286249462629653,651.0,0.395,0.010000000000000009,2.531645569620255,3140,1861081.7680000004,2776325.1999999997,67164.6,20410.0,0.0004,0.0,0.0
SPY,2026-03-30,673.0,PUT,4,-1,2026-03-26T11:43:51.398,50,21.56,52,22.02,-0.9348,-0.1473,8.8545,-27.9424,0.0091,0.9825,-8.7321,0.1983,2026-03-26T11:43:55.35,2026-03-26T10:22:19.779,19.3,19.3,19.3,19.3,2.0,1.0,2026-03-26T10:22:19.779,19.3,222,2026-03-26 11:43:45 EDT,651.32,1.0332862494626296,3.3286249462629653,651.0,21.79,0.46000000000000085,2.1110601193207934,273,-161807.42760000002,-241727.84999999998,4021.29,-25520.04,-0.006,0.0,0.0
SPY,2026-03-30,674.0,CALL,4,1,2026-03-26T11:43:54.529,338,0.32,698,0.33,0.0552,-0.1868,7.7841,112.7229,0.0081,0.9177,-8.0818,0.1967,2026-03-26T11:43:55.35,2026-03-26T11:35:29.75,0.46,0.58,0.32,0.34,1116.0,98.0,2026-03-26T11:35:29.75,0.34,222,2026-03-26 11:43:45 EDT,651.32,1.0348215930725295,3.482159307252955,651.0,0.325,0.010000000000000009,3.0769230769230793,2002,1056193.5384,1558376.8199999998,37397.36,11051.04,0.0005,0.0,0.0
SPY,2026-03-30,674.0,PUT,4,-1,2026-03-26T11:43:50.155,12,22.59,12,22.96,-0.9388,-0.1416,8.4271,-26.8543,0.0085,0.9328,-8.4793,0.2031,2026-03-26T11:43:55.35,2026-03-26T11:43:17.648,19.98,22.92,19.98,22.92,7.0,5.0,2026-03-26T11:43:17.648,22.92,222,2026-03-26 11:43:45 EDT,651.32,1.0348215930725295,3.482159307252955,651.0,22.775,0.370000000000001,1.6245883644346915,221,-122350.46200000001,-186238.90999999997,3129.36,-20747.48,-0.0007,0.05,-0.02
SPY,2026-03-30,675.0,PUT,4,-1,2026-03-26T11:43:54.94,12,23.59,13,23.92,-0.9427,-0.1349,7.9962,-25.8558,0.0079,0.8852,-8.2126,0.2075,2026-03-26T11:43:55.35,2026-03-26T10:41:33.024,23.83,23.85,20.92,22.01,6.0,5.0,2026-03-26T10:41:33.024,22.01,222,2026-03-26 11:43:45 EDT,651.32,1.0363569366824295,3.6356936682429444,651.0,23.755000000000003,0.33000000000000185,1.3891812250052697,648,-333423.7344000001,-518153.75999999995,8741.52,-61086.96,0.003,0.085,0.03
SPY,2026-03-30,677.0,PUT,4,-1,2026-03-26T11:43:55.071,10,24.32,1,27.11,-0.95,-0.1212,7.1828,-24.0682,0.0068,0.7968,-7.6744,0.2158,2026-03-26T11:43:55.35,2026-03-26T11:43:40.345,25.7,25.7,22.8,25.64,36.0,10.0,2026-03-26T11:43:40.345,25.64,222,2026-03-26 11:43:45 EDT,651.32,1.0394276239022293,3.942762390222924,651.0,25.715,2.789999999999999,10.849698619482789,9,-3986.0784000000003,-6464.52,109.08,-854.9999999999999,0.0003,0.065,0.03
SPY,2026-03-31,614.0,CALL,5,1,2026-03-26T11:43:55.198,10,36.76,4,39.56,0.9474,-0.3082,8.3223,16.1709,0.0044,-0.5449,5.8829,0.3117,2026-03-26T11:43:56.668,2026-03-23T12:04:08.608,44.52,44.52,44.52,44.52,2.0,1.0,2026-03-23T12:04:08.608,44.52,222,2026-03-26 11:43:45 EDT,651.3,0.9427299247658529,-5.727007523414702,651.0,38.16,2.8000000000000043,7.337526205450745,2,573.144,1664.46,61.63999999999999,189.48000000000002,-0.0015,-0.05,0.04
SPY,2026-03-31,615.0,CALL,5,1,2026-03-26T11:43:50.149,12,37.07,12,37.33,0.9438,-0.3198,8.7734,16.5246,0.0047,-0.5666,6.0708,0.3095,2026-03-26T11:43:56.668,2026-03-25T11:37:01.5,43.66,43.66,43.66,43.66,1.0,1.0,2026-03-25T11:37:01.5,43.66,222,2026-03-26 11:43:45 EDT,651.3,0.9442653155228006,-5.5734684477199385,651.0,37.2,0.259999999999998,0.6989247311827903,209,63977.19899999999,183364.06000000003,6683.82,19725.42,0.001,-0.03,0.0
SPY,2026-03-31,615.0,PUT,5,-1,2026-03-26T11:43:54.945,405,0.54,553,0.55,-0.0534,-0.2445,8.4311,-64.3528,0.0045,-0.5623,5.9298,0.3046,2026-03-26T11:43:56.668,2026-03-26T11:28:39.783,0.61,0.63,0.46,0.49,160.0,45.0,2026-03-26T11:28:39.783,0.49,222,2026-03-26 11:43:45 EDT,651.3,0.9442653155228006,-5.5734684477199385,651.0,0.545,0.010000000000000009,1.8348623853211024,9776,-2865198.9599999995,-8242243.36,239023.2,-52203.840000000004,-0.0003,0.0,0.0
SPY,2026-03-31,616.0,CALL,5,1,2026-03-26T11:43:50.64,30,34.83,30,37.63,0.9408,-0.3275,9.1404,16.9132,0.0049,-0.5875,6.2171,0.3059,2026-03-26T11:43:56.668,,,,,,,,,,222,2026-03-26 11:43:45 EDT,651.3,0.9458007062797482,-5.419929372025174,651.0,36.230000000000004,2.8000000000000043,7.72840187689761,0,0.0,0.0,0.0,0.0,-0.0014,-0.11,-0.02
SPY,2026-03-31,616.0,PUT,5,-1,2026-03-26T11:43:56.331,220,0.58,543,0.59,-0.0571,-0.256,8.8961,-64.0943,0.0048,-0.5849,6.1211,0.3024,2026-03-26T11:43:56.668,2026-03-26T10:58:06.731,0.66,0.66,0.5,0.58,50.0,10.0,2026-03-26T10:58:06.731,0.58,222,2026-03-26 11:43:45 EDT,651.3,0.9458007062797482,-5.419929372025174,651.0,0.585,0.010000000000000009,1.7094017094017109,4666,-1458703.5839999998,-4150920.2600000002,119449.6,-26642.86,-0.0003,0.0,0.0
SPY,2026-03-31,617.0,CALL,5,1,2026-03-26T11:43:55.891,10,33.89,2,36.68,0.9364,-0.3412,9.6655,17.2875,0.0052,-0.61,6.4156,0.3041,2026-03-26T11:43:56.668,,,,,,,,,,222,2026-03-26 11:43:45 EDT,651.3,0.9473360970366959,-5.2663902963304094,651.0,35.285,2.789999999999999,7.907042652685275,0,0.0,0.0,0.0,0.0,-0.0044,-0.075,0.03
SPY,2026-03-31,617.0,PUT,5,-1,2026-03-26T11:43:56.296,586,0.62,943,0.64,-0.0615,-0.2698,9.4267,-63.6278,0.0052,-0.6082,6.3273,0.3009,2026-03-26T11:43:56.668,2026-03-26T11:31:55.956,0.72,0.73,0.57,0.63,18.0,9.0,2026-03-26T11:31:55.956,0.63,222,2026-03-26 11:43:45 EDT,651.3,0.9473360970366959,-5.2663902963304094,651.0,0.63,0.020000000000000018,3.174603174603177,751,-254345.67599999995,-707945.17,20261.98,-4618.650000000001,0.0009,0.005,0.01
SPY,2026-03-31,618.0,CALL,5,1,2026-03-26T11:43:51.88,12,34.21,12,34.45,0.932,-0.3539,10.1772,17.6834,0.0056,-0.6322,6.5973,0.302,2026-03-26T11:43:56.668,,,,,,,,,,222,2026-03-26 11:43:45 EDT,651.3,0.9488714877936435,-5.112851220635646,651.0,34.33,0.240000000000002,0.6990969997087154,0,0.0,0.0,0.0,0.0,-0.0002,-0.045,-0.03
SPY,2026-03-31,618.0,PUT,5,-1,2026-03-26T11:43:56.174,549,0.67,98,0.68,-0.0654,-0.2803,9.8898,-63.5469,0.0055,-0.6308,6.4972,0.298,2026-03-26T11:43:56.668,2026-03-26T11:20:35.2,0.75,0.83,0.58,0.59,164.0,23.0,2026-03-26T11:20:35.2,0.59,222,2026-03-26 11:43:45 EDT,651.3,0.9488714877936435,-5.112851220635646,651.0,0.675,0.010000000000000009,1.4814814814814827,680,-243586.19999999995,-672506.3999999999,19060.399999999998,-4447.2,-0.0003,0.0,0.0
SPY,2026-03-31,619.0,CALL,5,1,2026-03-26T11:43:50.158,12,33.23,12,33.5,0.9287,-0.3604,10.556,18.1328,0.0058,-0.6541,6.7248,0.2977,2026-03-26T11:43:56.668,2026-03-23T14:45:07.987,41.87,41.87,41.63,41.63,6.0,3.0,2026-03-23T14:45:07.987,41.63,222,2026-03-26 11:43:45 EDT,651.3,0.9504068785505911,-4.95931214494088,651.0,33.364999999999995,0.2700000000000031,0.8092312303311949,4,1511.0159999999998,4222.4,144.16,371.47999999999996,0.0045,0.01,0.02
SPY,2026-03-31,619.0,PUT,5,-1,2026-03-26T11:43:54.191,566,0.72,639,0.74,-0.0705,-0.2957,10.483,-62.9824,0.0058,-0.6539,6.701,0.2967,2026-03-26T11:43:56.668,2026-03-26T11:29:03.29,0.84,0.86,0.63,0.67,118.0,12.0,2026-03-26T11:29:03.29,0.67,222,2026-03-26 11:43:45 EDT,651.3,0.9504068785505911,-4.95931214494088,651.0,0.73,0.020000000000000018,2.739726027397263,863,-326001.702,-904682.9,25518.910000000003,-6084.15,0.0006,0.005,0.01
SPY,2026-03-31,620.0,CALL,5,1,2026-03-26T11:43:50.154,12,32.29,12,32.62,0.9217,-0.3835,11.3368,18.5013,0.0063,-0.6762,6.9672,0.2985,2026-03-26T11:43:56.668,2026-03-25T15:35:32.447,41.7,41.7,36.55,37.37,43.0,9.0,2026-03-25T15:35:32.447,37.37,222,2026-03-26 11:43:45 EDT,651.3,0.9519422693075388,-4.805773069246117,651.0,32.455,0.3299999999999983,1.0167924818980074,835,342616.365,946622.8,32022.250000000004,76961.95,0.0005,-0.025,0.05
SPY,2026-03-31,620.0,PUT,5,-1,2026-03-26T11:43:56.237,800,0.78,83,0.79,-0.0752,-0.3077,11.0073,-62.8007,0.0062,-0.6766,6.8686,0.2941,2026-03-26T11:43:56.668,2026-03-26T11:42:45.525,0.86,0.92,0.64,0.79,377.0,77.0,2026-03-26T11:42:45.525,0.79,222,2026-03-26 11:43:45 EDT,651.3,0.9519422693075388,-4.805773069246117,651.0,0.785,0.010000000000000009,1.2738853503184724,19411,-7838278.265999998,-21366270.03,597276.47,-145970.72,-0.0003,0.0,0.0
SPY,2026-03-31,621.0,CALL,5,1,2026-03-26T11:43:54.911,12,31.38,12,31.59,0.9182,-0.389,11.7199,18.9982,0.0066,-0.6985,7.0773,0.2938,2026-03-26T11:43:56.668,2026-03-23T13:31:22.82,36.79,37.52,36.79,37.11,10.0,5.0,2026-03-23T13:31:22.82,37.11,222,2026-03-26 11:43:45 EDT,651.3,0.9534776600644865,-4.652233993551352,651.0,31.485,0.21000000000000085,0.6669842782277302,276,118640.80799999999,323469.24000000005,10736.4,25342.32,0.0015,-0.02,0.02
SPY,2026-03-31,621.0,PUT,5,-1,2026-03-26T11:43:56.294,313,0.85,432,0.86,-0.0811,-0.3243,11.6552,-62.1792,0.0066,-0.6988,7.0593,0.2929,2026-03-26T11:43:56.668,2026-03-26T11:06:26.496,0.99,1.02,0.73,0.76,470.0,33.0,2026-03-26T11:06:26.496,0.76,222,2026-03-26 11:43:45 EDT,651.3,0.9534776600644865,-4.652233993551352,651.0,0.855,0.010000000000000009,1.1695906432748548,3446,-1481290.668,-4016381.9200000004,111753.77999999998,-27947.059999999998,-0.0003,0.0,0.0
SPY,2026-03-31,622.0,CALL,5,1,2026-03-26T11:43:50.155,12,30.45,13,30.75,0.9094,-0.4179,12.6558,19.3561,0.0071,-0.7172,7.3185,0.2961,2026-03-26T11:43:56.668,2026-03-25T09:31:40.533,39.14,39.14,38.78,38.78,5.0,3.0,2026-03-25T09:31:40.533,38.78,222,2026-03-26 11:43:45 EDT,651.3,0.9550130508214342,-4.498694917856588,651.0,30.6,0.3000000000000007,0.9803921568627474,127,58727.721,160728.66,5307.33,11549.38,0.0022,-0.015,0.03
SPY,2026-03-31,622.0,PUT,5,-1,2026-03-26T11:43:56.159,92,0.92,425,0.93,-0.0871,-0.3402,12.2978,-61.6665,0.007,-0.7202,7.2311,0.2913,2026-03-26T11:43:56.668,2026-03-26T11:39:29.902,1.04,1.05,0.8,0.88,118.0,15.0,2026-03-26T11:39:29.902,0.88,222,2026-03-26 11:43:45 EDT,651.3,0.9550130508214342,-4.498694917856588,651.0,0.925,0.010000000000000009,1.081081081081082,2163,-986133.3299999998,-2660014.14,73585.26000000001,-18839.73,-0.0003,0.005,-0.01
SPY,2026-03-31,623.0,CALL,5,1,2026-03-26T11:43:39.563,13,29.5,13,29.83,0.9041,-0.4292,13.2016,19.8535,0.0074,-0.7379,7.4426,0.2929,2026-03-26T11:43:56.668,2026-03-23T12:06:01.97,36.19,36.19,36.19,36.19,6.0,3.0,2026-03-23T12:06:01.97,36.19,222,2026-03-26 11:43:45 EDT,651.3,0.9565484415783818,-4.345155842161823,651.0,29.665,0.3299999999999983,1.1124220461823642,1090,525338.58,1438974.4,46782.8,98546.90000000001,0.0027,0.0,0.0
SPY,2026-03-31,623.0,PUT,5,-1,2026-03-26T11:43:56.286,297,0.99,104,1.0,-0.0931,-0.3549,12.925,-61.2974,0.0074,-0.7412,7.3821,0.2893,2026-03-26T11:43:56.668,2026-03-26T11:43:11.373,1.11,1.2,0.81,0.99,191.0,42.0,2026-03-26T11:43:11.373,0.99,222,2026-03-26 11:43:45 EDT,651.3,0.9565484415783818,-4.345155842161823,651.0,0.995,0.010000000000000009,1.0050251256281415,1553,-748486.986,-2007252.5000000002,55115.97,-14458.430000000002,-0.0002,0.0,0.0
SPY,2026-03-31,624.0,CALL,5,1,2026-03-26T11:43:56.141,18,28.57,26,28.89,0.8979,-0.4428,13.8123,20.3569,0.0079,-0.7575,7.5672,0.2904,2026-03-26T11:43:56.668,2026-03-23T11:53:24.363,36.22,36.22,36.22,36.22,2.0,1.0,2026-03-23T11:53:24.363,36.22,222,2026-03-26 11:43:45 EDT,651.3,0.9580838323353295,-4.191616766467059,651.0,28.73,0.3200000000000003,1.1138183083884452,345,177511.815,476524.35000000003,15276.600000000002,30977.550000000003,0.0027,0.0,0.0
SPY,2026-03-31,624.0,PUT,5,-1,2026-03-26T11:43:56.189,88,1.08,413,1.09,-0.1004,-0.3736,13.6566,-60.5773,0.0078,-0.76,7.5373,0.2883,2026-03-26T11:43:56.668,2026-03-26T11:38:33.496,1.2,1.26,0.9,1.02,6392.0,67.0,2026-03-26T11:38:33.496,1.02,222,2026-03-26 11:43:45 EDT,651.3,0.9580838323353295,-4.191616766467059,651.0,1.085,0.010000000000000009,0.9216589861751161,13085,-6647363.1899999995,-17869661.099999998,488855.6,-131373.40000000002,0.0005,0.01,0.0
SPY,2026-03-31,625.0,CALL,5,1,2026-03-26T11:43:56.2,21,27.68,26,27.98,0.8902,-0.462,14.5614,20.8351,0.0083,-0.774,7.6979,0.2894,2026-03-26T11:43:56.668,2026-03-26T11:13:48.263,28.71,28.71,28.71,28.71,1.0,1.0,2026-03-26T11:13:48.263,28.71,222,2026-03-26 11:43:45 EDT,651.3,0.9596192230922771,-4.038077690772295,651.0,27.83,0.3000000000000007,1.0779734099892229,2520,1362259.08,3669472.8000000003,116424.0,224330.40000000002,0.0025,0.0,0.0
SPY,2026-03-31,625.0,PUT,5,-1,2026-03-26T11:43:56.317,543,1.16,405,1.18,-0.1077,-0.3909,14.3711,-60.0016,0.0083,-0.7778,7.6672,0.2868,2026-03-26T11:43:56.668,2026-03-26T11:41:43.709,1.32,1.42,0.94,1.12,1348.0,127.0,2026-03-26T11:41:43.709,1.12,222,2026-03-26 11:43:45 EDT,651.3,0.9596192230922771,-4.038077690772295,651.0,1.17,0.020000000000000018,1.7094017094017109,13157,-7112397.903,-18908056.27,514307.13000000006,-141700.89,-0.0004,0.005,0.01
SPY,2026-03-31,626.0,CALL,5,1,2026-03-26T11:43:56.157,18,26.76,30,27.1,0.8823,-0.4802,15.3009,21.3398,0.0088,-0.7891,7.8038,0.288,2026-03-26T11:43:56.668,2026-03-23T13:28:03.216,33.5,34.48,31.81,32.39,12.0,5.0,2026-03-23T13:28:03.216,32.39,222,2026-03-26 11:43:45 EDT,651.3,0.9611546138492247,-3.8845386150775303,651.0,26.93,0.33999999999999986,1.262532491645005,192,110043.64799999999,293777.28,9219.84,16940.16,0.0023,0.0,0.0
SPY,2026-03-31,626.0,PUT,5,-1,2026-03-26T11:43:56.253,384,1.26,446,1.28,-0.1157,-0.4094,15.1223,-59.3447,0.0087,-0.7935,7.7806,0.2856,2026-03-26T11:43:56.668,2026-03-26T11:37:35.965,1.44,1.44,0.99,1.22,324.0,60.0,2026-03-26T11:37:35.965,1.22,222,2026-03-26 11:43:45 EDT,651.3,0.9611546138492247,-3.8845386150775303,651.0,1.27,0.020000000000000018,1.5748031496063006,2566,-1453975.1459999997,-3880382.1799999997,105052.04,-29688.62,0.0004,0.005,0.01
SPY,2026-03-31,627.0,CALL,5,1,2026-03-26T11:43:56.127,13,25.88,26,26.2,0.8739,-0.4991,16.0654,21.8576,0.0093,-0.802,7.8886,0.2868,2026-03-26T11:43:56.668,2026-03-25T10:10:39.472,31.65,31.65,31.65,31.65,1.0,1.0,2026-03-25T10:10:39.472,31.65,222,2026-03-26 11:43:45 EDT,651.3,0.9626900046061724,-3.730999539382766,651.0,26.04,0.3200000000000003,1.2288786482334881,859,520304.03099999996,1380017.86,42872.69,75068.01000000001,0.0022,0.0,0.0
SPY,2026-03-31,627.0,PUT,5,-1,2026-03-26T11:43:56.258,145,1.37,150,1.38,-0.1237,-0.4265,15.8548,-58.8263,0.0092,-0.8081,7.868,0.2839,2026-03-26T11:43:56.668,2026-03-26T11:37:35.965,1.53,1.57,1.11,1.31,241.0,31.0,2026-03-26T11:37:35.965,1.31,222,2026-03-26 11:43:45 EDT,651.3,0.9626900046061724,-3.730999539382766,651.0,1.375,0.009999999999999787,0.7272727272727117,3074,-1841928.504,-4873765.52,131106.1,-38025.380000000005,-0.0004,0.005,-0.01
SPY,2026-03-31,628.0,CALL,5,1,2026-03-26T11:43:56.135,13,25.04,24,25.37,0.863,-0.5268,17.0122,22.3047,0.0098,-0.8066,7.958,0.288,2026-03-26T11:43:56.668,2026-03-24T13:05:13.828,28.0,28.0,28.0,28.0,5.0,1.0,2026-03-24T13:05:13.828,28.0,222,2026-03-26 11:43:45 EDT,651.3,0.96422539536312,-3.5774604636880016,651.0,25.205,0.33000000000000185,1.309264034913715,396,252756.50399999996,673683.12,20861.280000000002,34174.799999999996,0.0014,-0.005,0.01
SPY,2026-03-31,628.0,PUT,5,-1,2026-03-26T11:43:56.244,344,1.48,681,1.5,-0.1328,-0.4463,16.6554,-58.0841,0.0097,-0.819,7.9369,0.2829,2026-03-26T11:43:56.668,2026-03-26T11:41:32.957,1.65,1.71,1.21,1.41,148.0,24.0,2026-03-26T11:41:32.957,1.41,222,2026-03-26 11:43:45 EDT,651.3,0.96422539536312,-3.5774604636880016,651.0,1.49,0.020000000000000018,1.342281879194632,3455,-2182734.255,-5754440.7,154196.65,-45882.4,0.0002,0.005,0.01
SPY,2026-03-31,629.0,CALL,5,1,2026-03-26T11:43:56.027,18,24.13,26,24.49,0.8544,-0.5421,17.7242,22.8932,0.0103,-0.8169,7.9841,0.2857,2026-03-26T11:43:56.668,2026-03-18T12:16:23.414,39.31,39.36,39.31,39.36,2.0,2.0,2026-03-18T12:16:23.414,39.36,222,2026-03-26 11:43:45 EDT,651.3,0.9657607861200677,-3.4239213879932375,651.0,24.31,0.35999999999999943,1.480872069107361,307,205947.573,544132.94,16642.47,26230.080000000005,0.0019,0.0,0.0
SPY,2026-03-31,629.0,PUT,5,-1,2026-03-26T11:43:56.316,325,1.6,233,1.62,-0.142,-0.4645,17.4342,-57.4785,0.0102,-0.8285,7.9767,0.2814,2026-03-26T11:43:56.668,2026-03-26T11:31:55.224,1.78,1.86,1.35,1.63,229.0,41.0,2026-03-26T11:31:55.224,1.63,222,2026-03-26 11:43:45 EDT,651.3,0.9657607861200677,-3.4239213879932375,651.0,1.61,0.020000000000000018,1.2422360248447215,2152,-1429629.552,-3751839.84,99960.40000000001,-30558.399999999994,-0.0004,0.0,0.0
SPY,2026-03-31,630.0,CALL,5,1,2026-03-26T11:43:54.766,31,23.28,31,23.51,0.847,-0.5507,18.3215,23.5869,0.0108,-0.8309,7.9882,0.2814,2026-03-26T11:43:56.668,2026-03-26T11:14:29.303,23.61,25.8,23.58,24.33,16.0,6.0,2026-03-26T11:14:29.303,24.33,222,2026-03-26 11:43:45 EDT,651.3,0.9672961768770153,-3.2703823122984734,651.0,23.395000000000003,0.23000000000000043,0.9831160504381296,3672,2582899.488,6727654.8,202217.04,311018.39999999997,-0.002,-0.065,-0.07
SPY,2026-03-31,630.0,PUT,5,-1,2026-03-26T11:43:56.231,170,1.74,126,1.75,-0.1518,-0.4832,18.2324,-56.8305,0.0108,-0.835,7.9888,0.2801,2026-03-26T11:43:56.668,2026-03-26T11:42:55.742,1.92,2.1,1.4,1.73,4490.0,236.0,2026-03-26T11:42:55.742,1.73,222,2026-03-26 11:43:45 EDT,651.3,0.9672961768770153,-3.2703823122984734,651.0,1.745,0.010000000000000009,0.5730659025787971,22510,-15833624.039999997,-41041132.4,1087683.2,-341701.79999999993,-0.0004,0.005,-0.01
SPY,2026-03-31,631.0,CALL,5,1,2026-03-26T11:43:56.124,29,22.41,30,22.69,0.8359,-0.5729,19.1862,24.1435,0.0113,-0.8308,7.9636,0.2811,2026-03-26T11:43:56.668,2026-03-26T09:32:33.368,22.74,22.74,22.74,22.74,1.0,1.0,2026-03-26T09:32:33.368,22.74,222,2026-03-26 11:43:45 EDT,651.3,0.9688315676339629,-3.116843236603709,651.0,22.55,0.28000000000000114,1.2416851441241736,209,153817.52099999998,400991.57999999996,11973.609999999999,17470.31,0.0017,0.0,0.0
SPY,2026-03-31,631.0,PUT,5,-1,2026-03-26T11:43:56.286,238,1.88,98,1.89,-0.1621,-0.5018,19.0387,-56.1756,0.0113,-0.8384,7.9705,0.2788,2026-03-26T11:43:56.668,2026-03-26T11:30:05.833,2.09,2.22,1.57,1.81,298.0,35.0,2026-03-26T11:30:05.833,1.81,222,2026-03-26 11:43:45 EDT,651.3,0.9688315676339629,-3.116843236603709,651.0,1.8849999999999998,0.010000000000000009,0.5305039787798413,3072,-2260896.7679999997,-5848688.64,154152.96000000002,-49797.119999999995,-0.0003,0.0,0.0
SPY,2026-03-31,632.0,CALL,5,1,2026-03-26T11:43:51.4,38,21.55,34,21.85,0.8251,-0.5911,19.9842,24.7667,0.0118,-0.8308,7.908,0.2796,2026-03-26T11:43:56.668,2026-03-24T09:36:26.287,24.17,24.17,24.15,24.15,2.0,2.0,2026-03-24T09:36:26.287,24.15,222,2026-03-26 11:43:45 EDT,651.3,0.9703669583909106,-2.9633041609089443,651.0,21.700000000000003,0.3000000000000007,1.382488479262676,18,13833.612,35971.56,1063.98,1485.1799999999998,0.0016,0.0,0.0
SPY,2026-03-31,632.0,PUT,5,-1,2026-03-26T11:43:56.284,296,2.03,348,2.05,-0.1734,-0.5221,19.8803,-55.3807,0.0118,-0.8369,7.9173,0.2779,2026-03-26T11:43:56.668,2026-03-26T11:43:01.202,2.25,2.25,1.7,2.01,4126.0,50.0,2026-03-26T11:43:01.202,2.01,222,2026-03-26 11:43:45 EDT,651.3,0.9703669583909106,-2.9633041609089443,651.0,2.04,0.020000000000000018,0.980392156862746,14371,-11044602.114,-28569979.13,750309.91,-249193.13999999998,0.0001,0.005,0.01
SPY,2026-03-31,633.0,CALL,5,1,2026-03-26T11:43:56.157,19,20.73,37,21.01,0.8134,-0.6108,20.8121,25.3869,0.0124,-0.8255,7.8153,0.2786,2026-03-26T11:43:56.668,2026-03-25T09:48:41.684,28.18,28.18,28.18,28.18,1.0,1.0,2026-03-25T09:48:41.684,28.18,222,2026-03-26 11:43:45 EDT,651.3,0.9719023491478582,-2.8097650852141802,651.0,20.87,0.28000000000000114,1.3416387158600915,168,135678.816,349643.28,10261.44,13665.119999999999,0.0016,0.0,0.0
SPY,2026-03-31,633.0,PUT,5,-1,2026-03-26T11:43:56.221,448,2.19,143,2.21,-0.1848,-0.5405,20.6927,-54.7149,0.0124,-0.8334,7.8311,0.2766,2026-03-26T11:43:56.668,2026-03-26T11:42:19.881,2.42,2.56,1.79,2.18,1213.0,125.0,2026-03-26T11:42:19.881,2.18,222,2026-03-26 11:43:45 EDT,651.3,0.9719023491478582,-2.8097650852141802,651.0,2.2,0.020000000000000018,0.9090909090909097,3938,-3180376.0559999994,-8148785.26,212848.9,-72774.23999999999,-0.0003,0.0,0.0
SPY,2026-03-31,634.0,CALL,5,1,2026-03-26T11:43:55.731,25,19.92,33,20.24,0.8001,-0.6349,21.7076,25.9527,0.0129,-0.8111,7.672,0.279,2026-03-26T11:43:56.668,2026-03-25T10:17:04.267,27.32,27.32,26.53,26.53,2.0,2.0,2026-03-25T10:17:04.267,26.53,222,2026-03-26 11:43:45 EDT,651.3,0.9734377399048059,-2.6562260095194157,651.0,20.08,0.31999999999999673,1.593625498007952,290,243651.33000000002,629520.4,18412.100000000002,23202.9,0.0015,0.0,0.0
SPY,2026-03-31,634.0,PUT,5,-1,2026-03-26T11:43:56.345,194,2.37,53,2.38,-0.1967,-0.5583,21.5005,-54.0588,0.0129,-0.8265,7.7095,0.2752,2026-03-26T11:43:56.668,2026-03-26T11:41:47.502,2.6,2.69,1.93,2.34,185.0,51.0,2026-03-26T11:41:47.502,2.34,222,2026-03-26 11:43:45 EDT,651.3,0.9734377399048059,-2.6562260095194157,651.0,2.375,0.009999999999999787,0.4210526315789384,1694,-1423259.8379999998,-3642184.7,94576.02,-33320.98,-0.0003,0.0,0.0
SPY,2026-03-31,635.0,CALL,5,1,2026-03-26T11:43:55.911,48,19.11,35,19.3,0.79,-0.6425,22.3536,26.7985,0.0135,-0.8115,7.5393,0.2747,2026-03-26T11:43:56.668,2026-03-26T10:09:27.049,19.8,21.61,19.8,21.5,11.0,8.0,2026-03-26T10:09:27.049,21.5,222,2026-03-26 11:43:45 EDT,651.3,0.9749731306617535,-2.5026869338246516,651.0,19.205,0.19000000000000128,0.9893256964332273,2266,1992391.8299999998,5065325.76,145590.5,179014.0,0.0006,-0.06,-0.12
SPY,2026-03-31,635.0,PUT,5,-1,2026-03-26T11:43:56.346,78,2.56,90,2.57,-0.2094,-0.5771,22.3226,-53.3012,0.0135,-0.8141,7.5463,0.2741,2026-03-26T11:43:56.668,2026-03-26T11:41:36.983,2.8,2.98,2.09,2.43,1377.0,149.0,2026-03-26T11:41:36.983,2.43,222,2026-03-26 11:43:45 EDT,651.3,0.9749731306617535,-2.5026869338246516,651.0,2.565,0.009999999999999787,0.3898635477582763,21814,-19180068.569999997,-48694519.64,1258885.94,-456785.16,-0.0004,0.005,-0.01
SPY,2026-03-31,636.0,CALL,5,1,2026-03-26T11:43:55.635,40,18.32,61,18.59,0.7751,-0.6677,23.256,27.3625,0.014,-0.7861,7.3083,0.2757,2026-03-26T11:43:56.668,2026-03-23T13:52:03.267,25.8,25.8,25.11,25.11,3.0,2.0,2026-03-23T13:52:03.267,25.11,222,2026-03-26 11:43:45 EDT,651.3,0.9765085214187011,-2.3491478581298875,651.0,18.455,0.2699999999999996,1.4630181522622574,56,51061.92,130233.6,3739.12,4340.56,0.0005,-0.015,0.03
SPY,2026-03-31,636.0,PUT,5,-1,2026-03-26T11:43:56.345,277,2.75,113,2.77,-0.2227,-0.5951,23.1306,-52.556,0.014,-0.7976,7.3439,0.273,2026-03-26T11:43:56.668,2026-03-26T11:36:58.824,3.0,3.2,2.2,2.7,343.0,42.0,2026-03-26T11:36:58.824,2.7,222,2026-03-26 11:43:45 EDT,651.3,0.9765085214187011,-2.3491478581298875,651.0,2.76,0.020000000000000018,0.724637681159421,1458,-1329433.5599999998,-3372441.48,86765.58,-32469.66,-0.0004,0.005,0.01
SPY,2026-03-31,637.0,CALL,5,1,2026-03-26T11:43:56.286,48,17.52,107,17.73,0.7628,-0.6786,23.9554,28.1994,0.0145,-0.7736,7.0899,0.2727,2026-03-26T11:43:56.668,2026-03-26T10:55:25.114,18.1,18.1,17.71,17.71,2.0,2.0,2026-03-26T10:55:25.114,17.71,222,2026-03-26 11:43:45 EDT,651.3,0.9780439121756488,-2.195608782435123,651.0,17.625,0.21000000000000085,1.1914893617021325,17,16054.545000000002,40724.18,1153.62,1296.76,-0.0016,-0.065,-0.01
SPY,2026-03-31,637.0,PUT,5,-1,2026-03-26T11:43:56.255,314,2.96,89,2.98,-0.2364,-0.6122,23.9186,-51.8375,0.0146,-0.7774,7.1024,0.2718,2026-03-26T11:43:56.668,2026-03-26T11:42:41.94,3.13,3.42,2.49,2.97,297.0,41.0,2026-03-26T11:42:41.94,2.97,222,2026-03-26 11:43:45 EDT,651.3,0.9780439121756488,-2.195608782435123,651.0,2.9699999999999998,0.020000000000000018,0.6734006734006741,2859,-2718617.3819999998,-6838327.74,175027.97999999998,-67586.76000000001,-0.0004,0.0,0.0
SPY,2026-03-31,638.0,CALL,5,1,2026-03-26T11:43:52.908,69,16.73,71,17.0,0.7481,-0.6971,24.7455,28.9017,0.0151,-0.746,6.7967,0.272,2026-03-26T11:43:56.668,2026-03-26T09:35:05.829,17.36,17.36,17.36,17.36,5.0,3.0,2026-03-26T09:35:05.829,17.36,222,2026-03-26 11:43:45 EDT,651.3,0.9795793029325964,-2.0420697067403584,651.0,16.865000000000002,0.2699999999999996,1.6009487103468696,15,14751.945,37118.25,1045.65,1122.1499999999999,0.0012,0.0,0.0
SPY,2026-03-31,638.0,PUT,5,-1,2026-03-26T11:43:56.242,59,3.19,45,3.2,-0.2509,-0.6294,24.6979,-51.0556,0.0151,-0.7515,6.8159,0.2708,2026-03-26T11:43:56.668,2026-03-26T11:42:42.576,3.43,3.58,2.52,3.2,765.0,114.0,2026-03-26T11:42:42.576,3.2,222,2026-03-26 11:43:45 EDT,651.3,0.9795793029325964,-2.0420697067403584,651.0,3.1950000000000003,0.010000000000000231,0.31298904538341876,1176,-1156552.488,-2904473.04,74017.44,-29505.84,0.0,0.005,-0.01
SPY,2026-03-31,639.0,CALL,5,1,2026-03-26T11:43:56.249,47,15.99,110,16.23,0.7331,-0.7138,25.499,29.6409,0.0156,-0.715,6.4653,0.2712,2026-03-26T11:43:56.668,2026-03-26T10:05:33.327,18.15,18.15,18.15,18.15,1.0,1.0,2026-03-26T10:05:33.327,18.15,222,2026-03-26 11:43:45 EDT,651.3,0.9811146936895441,-1.8885306310455943,651.0,16.11,0.2400000000000002,1.4897579143389212,435,441972.17999999993,1109206.4999999998,31050.3,31889.850000000002,0.0007,-0.015,0.03
SPY,2026-03-31,639.0,PUT,5,-1,2026-03-26T11:43:56.345,270,3.42,95,3.44,-0.2654,-0.6437,25.431,-50.416,0.0156,-0.7237,6.4975,0.2692,2026-03-26T11:43:56.668,2026-03-26T11:42:41.9,3.65,3.93,2.82,3.43,3265.0,55.0,2026-03-26T11:42:41.9,3.43,222,2026-03-26 11:43:45 EDT,651.3,0.9811146936895441,-1.8885306310455943,651.0,3.4299999999999997,0.020000000000000018,0.5830903790087469,6679,-6786051.011999999,-16985364.900000002,429927.23000000004,-177260.66,0.0,0.0,0.0
SPY,2026-03-31,640.0,CALL,5,1,2026-03-26T11:43:56.346,135,15.25,137,15.5,0.7176,-0.7293,26.2185,30.4108,0.0161,-0.6799,6.0944,0.2702,2026-03-26T11:43:56.668,2026-03-26T10:08:11.765,16.07,18.0,15.5,17.86,14.0,6.0,2026-03-26T10:08:11.765,17.86,222,2026-03-26 11:43:45 EDT,651.3,0.9826500844464917,-1.73499155535083,651.0,15.375,0.25,1.6260162601626018,3840,4026597.119999999,10067904.0,280051.19999999995,275558.39999999997,0.0003,-0.02,0.04
SPY,2026-03-31,640.0,PUT,5,-1,2026-03-26T11:43:56.283,264,3.67,56,3.69,-0.2808,-0.6581,26.1492,-49.6979,0.0162,-0.6899,6.1327,0.268,2026-03-26T11:43:56.668,2026-03-26T11:40:17.821,3.87,4.25,2.92,3.54,8576.0,980.0,2026-03-26T11:40:17.821,3.54,222,2026-03-26 11:43:45 EDT,651.3,0.9826500844464917,-1.73499155535083,651.0,3.6799999999999997,0.020000000000000018,0.5434782608695657,33371,-35209942.326,-87262495.32,2196145.51,-937057.6799999999,0.0,0.0,0.0
SPY,2026-03-31,641.0,CALL,5,1,2026-03-26T11:43:56.345,50,14.53,11,14.65,0.7029,-0.737,26.8488,31.3823,0.0166,-0.6491,5.7182,0.2672,2026-03-26T11:43:56.668,2026-03-26T09:36:03.482,14.95,14.95,14.95,14.95,2.0,1.0,2026-03-26T09:36:03.482,14.95,222,2026-03-26 11:43:45 EDT,651.3,0.9841854752034394,-1.5814524796560658,651.0,14.59,0.120000000000001,0.822481151473619,58,62707.164,155723.04,4274.6,4076.82,0.0003,-0.02,0.0
SPY,2026-03-31,641.0,PUT,5,-1,2026-03-26T11:43:56.248,118,3.94,207,3.96,-0.2968,-0.6721,26.8406,-48.9339,0.0167,-0.6505,5.7235,0.2669,2026-03-26T11:43:56.668,2026-03-26T11:22:29.974,4.21,4.4,3.26,3.7,147.0,33.0,2026-03-26T11:22:29.974,3.7,222,2026-03-26 11:43:45 EDT,651.3,0.9841854752034394,-1.5814524796560658,651.0,3.95,0.020000000000000018,0.5063291139240511,1456,-1583648.9759999998,-3907991.36,97857.76000000001,-43214.08,0.0,0.01,0.0
SPY,2026-03-31,642.0,CALL,5,1,2026-03-26T11:43:56.205,10,13.81,11,13.93,0.6866,-0.7491,27.4955,32.2427,0.0171,-0.6061,5.2725,0.2658,2026-03-26T11:43:56.668,2026-03-26T09:59:02.392,15.47,15.47,15.47,15.47,8.0,1.0,2026-03-26T09:59:02.392,15.47,222,2026-03-26 11:43:45 EDT,651.3,0.985720865960387,-1.4279134039613013,651.0,13.870000000000001,0.11999999999999922,0.865176640230708,31,34525.413,85236.05,2322.21,2128.46,0.0002,-0.02,0.0
SPY,2026-03-31,642.0,PUT,5,-1,2026-03-26T11:43:56.346,55,4.22,289,4.24,-0.3131,-0.6841,27.4885,-48.2213,0.0172,-0.6074,5.2777,0.2655,2026-03-26T11:43:56.668,2026-03-26T11:43:20.085,4.51,4.63,3.46,4.2,210.0,81.0,2026-03-26T11:43:20.085,4.2,222,2026-03-26 11:43:45 EDT,651.3,0.985720865960387,-1.4279134039613013,651.0,4.23,0.020000000000000462,0.4728132387706964,2288,-2563099.968,-6289368.8,156522.08000000002,-71637.28,-0.0001,0.01,0.0
SPY,2026-03-31,643.0,CALL,5,1,2026-03-26T11:43:56.084,50,13.11,50,13.23,0.6696,-0.7603,28.1036,33.1194,0.0176,-0.5578,4.7853,0.2646,2026-03-26T11:43:56.668,2026-03-26T11:32:00.121,13.56,13.56,13.0,13.0,11.0,2.0,2026-03-26T11:32:00.121,13.0,222,2026-03-26 11:43:45 EDT,651.3,0.9872562567173346,-1.274374328266537,651.0,13.17,0.120000000000001,0.9111617312072969,37,42412.655999999995,103983.32,2813.11,2477.52,0.0002,-0.025,-0.01
SPY,2026-03-31,643.0,PUT,5,-1,2026-03-26T11:43:56.345,244,4.51,250,4.54,-0.3299,-0.6943,28.0919,-47.5433,0.0176,-0.5603,4.7953,0.264,2026-03-26T11:43:56.668,2026-03-26T11:43:23.759,4.89,5.0,3.71,4.5,613.0,69.0,2026-03-26T11:43:23.759,4.5,222,2026-03-26 11:43:45 EDT,651.3,0.9872562567173346,-1.274374328266537,651.0,4.525,0.03000000000000025,0.6629834254143702,2484,-2847379.392,-6978027.959999999,172464.12,-81947.16,-0.0001,0.005,0.01
SPY,2026-03-31,644.0,CALL,5,1,2026-03-26T11:43:55.699,50,12.42,52,12.55,0.6523,-0.7697,28.6622,34.0427,0.018,-0.5057,4.2632,0.2632,2026-03-26T11:43:56.668,2026-03-26T10:09:01.599,13.04,14.63,13.04,14.45,5.0,3.0,2026-03-26T10:09:01.599,14.45,222,2026-03-26 11:43:45 EDT,651.3,0.9887916474742823,-1.1208352525717726,651.0,12.485,0.13000000000000078,1.0412494993992856,104,121923.35999999999,298086.87999999995,8004.88,6783.92,0.0002,-0.02,0.0
SPY,2026-03-31,644.0,PUT,5,-1,2026-03-26T11:43:56.241,233,4.82,222,4.85,-0.3473,-0.7036,28.6528,-46.8333,0.0181,-0.5079,4.2726,0.2626,2026-03-26T11:43:56.668,2026-03-26T11:42:37.843,5.09,5.3,3.91,4.8,313.0,81.0,2026-03-26T11:42:37.843,4.8,222,2026-03-26 11:43:45 EDT,651.3,0.9887916474742823,-1.1208352525717726,651.0,4.835,0.02999999999999936,0.620475698035147,1593,-1877912.8290000001,-4564391.04,112083.48000000001,-55324.89000000001,-0.0001,0.01,-0.0
SPY,2026-03-31,645.0,CALL,5,1,2026-03-26T11:43:56.181,19,11.75,59,11.87,0.6344,-0.7778,29.1714,34.9899,0.0185,-0.4487,3.704,0.2619,2026-03-26T11:43:56.668,2026-03-26T11:38:20.234,12.35,13.13,11.78,12.06,27.0,13.0,2026-03-26T11:38:20.234,12.06,222,2026-03-26 11:43:45 EDT,651.3,0.9903270382312299,-0.9672961768770083,651.0,11.809999999999999,0.11999999999999922,1.0160880609652772,687,827769.735,2004075.1799999997,53434.86,43583.28,0.0006,-0.01,-0.0
SPY,2026-03-31,645.0,PUT,5,-1,2026-03-26T11:43:56.351,105,5.15,81,5.17,-0.3652,-0.7116,29.1641,-46.1059,0.0185,-0.4508,3.7127,0.2612,2026-03-26T11:43:56.668,2026-03-26T11:42:41.779,5.38,5.78,4.16,5.15,5800.0,503.0,2026-03-26T11:42:41.779,5.15,222,2026-03-26 11:43:45 EDT,651.3,0.9903270382312299,-0.9672961768770083,651.0,5.16,0.019999999999999574,0.3875968992247979,23746,-28611674.13,-69253071.86,1689765.36,-867203.9200000002,0.0001,0.01,-0.0
SPY,2026-03-31,646.0,CALL,5,1,2026-03-26T11:43:56.205,50,11.09,25,11.22,0.6162,-0.7835,29.6232,35.9967,0.0189,-0.3882,3.1143,0.2603,2026-03-26T11:43:56.668,2026-03-26T11:07:18.302,13.01,13.01,11.91,11.91,8.0,2.0,2026-03-26T11:07:18.302,11.91,222,2026-03-26 11:43:45 EDT,651.3,0.9918624289881776,-0.813757101182244,651.0,11.155000000000001,0.13000000000000078,1.165396683101755,93,114479.00099999999,275495.76,7286.549999999999,5730.66,0.0006,-0.01,0.0
SPY,2026-03-31,646.0,PUT,5,-1,2026-03-26T11:43:56.345,128,5.49,41,5.51,-0.3835,-0.7175,29.6182,-45.4109,0.0189,-0.3899,3.1212,0.2597,2026-03-26T11:43:56.668,2026-03-26T11:42:41.94,5.71,5.91,4.56,5.5,223.0,58.0,2026-03-26T11:42:41.94,5.5,222,2026-03-26 11:43:45 EDT,651.3,0.9918624289881776,-0.813757101182244,651.0,5.5,0.019999999999999574,0.3636363636363559,20093,-24733619.001,-59511849.26,1441672.75,-770566.55,0.0002,0.01,0.0
SPY,2026-03-31,647.0,CALL,5,1,2026-03-26T11:43:56.083,10,10.45,50,10.57,0.5975,-0.7878,30.0166,37.031,0.0192,-0.3233,2.4923,0.2587,2026-03-26T11:43:56.668,2026-03-26T11:11:02.423,11.67,12.77,10.97,11.27,7.0,4.0,2026-03-26T11:11:02.423,11.27,222,2026-03-26 11:43:45 EDT,651.3,0.9933978197451252,-0.6602180254874797,651.0,10.51,0.120000000000001,1.1417697431018174,166,207582.33599999998,498275.56000000006,13077.48,9918.5,0.0004,-0.015,0.01
SPY,2026-03-31,647.0,PUT,5,-1,2026-03-26T11:43:56.345,70,5.85,74,5.87,-0.4021,-0.7208,30.0113,-44.7692,0.0193,-0.3255,2.5015,0.2579,2026-03-26T11:43:56.668,2026-03-26T11:42:43.733,6.09,6.46,4.95,5.87,601.0,63.0,2026-03-26T11:42:43.733,5.87,222,2026-03-26 11:43:45 EDT,651.3,0.9933978197451252,-0.6602180254874797,651.0,5.859999999999999,0.020000000000000462,0.34129692832765296,1696,-2131887.264,-5089916.4799999995,122247.68,-68196.16,-0.0002,0.01,0.0
SPY,2026-03-31,648.0,CALL,5,1,2026-03-26T11:43:56.206,50,9.82,35,9.95,0.5785,-0.7895,30.3453,38.1415,0.0196,-0.255,1.8448,0.2569,2026-03-26T11:43:56.668,2026-03-26T10:55:02.772,10.34,11.86,9.9,9.9,44.0,15.0,2026-03-26T10:55:02.772,9.9,222,2026-03-26 11:43:45 EDT,651.3,0.9949332105020728,-0.5066789497927153,651.0,9.885,0.129999999999999,1.3151239251390896,236,301265.328,716149.0800000001,18632.2,13652.6,0.0001,-0.02,-0.0
SPY,2026-03-31,648.0,PUT,5,-1,2026-03-26T11:43:56.297,203,6.22,223,6.25,-0.4213,-0.7235,30.3434,-44.0501,0.0196,-0.2561,1.849,0.2564,2026-03-26T11:43:56.668,2026-03-26T11:42:21.052,6.47,6.9,5.05,6.21,2711.0,195.0,2026-03-26T11:42:21.052,6.21,222,2026-03-26 11:43:45 EDT,651.3,0.9949332105020728,-0.5066789497927153,651.0,6.234999999999999,0.03000000000000025,0.4811547714514876,3033,-3871770.084,-9203153.22,219437.55000000002,-127780.29000000001,-0.0003,0.01,0.0
SPY,2026-03-31,649.0,CALL,5,1,2026-03-26T11:43:56.16,50,9.25,22,9.3,0.559,-0.7898,30.6073,39.2762,0.0199,-0.1826,1.1706,0.2552,2026-03-26T11:43:56.668,2026-03-26T11:41:42.609,9.9,11.26,9.26,9.41,95.0,21.0,2026-03-26T11:41:42.609,9.41,222,2026-03-26 11:43:45 EDT,651.3,0.9964686012590205,-0.353139874097951,651.0,9.275,0.05000000000000071,0.5390835579514901,347,449742.18899999995,1062073.31,27406.059999999998,19397.300000000003,0.0001,-0.02,0.0
SPY,2026-03-31,649.0,PUT,5,-1,2026-03-26T11:43:56.345,229,6.61,200,6.64,-0.4408,-0.7236,30.6063,-43.3711,0.0199,-0.1834,1.1737,0.2547,2026-03-26T11:43:56.668,2026-03-26T11:41:57.776,6.84,7.26,5.5,6.57,2613.0,164.0,2026-03-26T11:41:57.776,6.57,222,2026-03-26 11:43:45 EDT,651.3,0.9964686012590205,-0.353139874097951,651.0,6.625,0.02999999999999936,0.4528301886792356,3949,-5118247.562999999,-12086427.870000001,285749.64,-174071.92,-0.0003,0.01,-0.0
SPY,2026-03-31,650.0,CALL,5,1,2026-03-26T11:43:56.345,50,8.67,117,8.7,0.5391,-0.7879,30.7975,40.4612,0.0201,-0.1068,0.4755,0.2534,2026-03-26T11:43:56.668,2026-03-26T11:42:42.188,9.28,10.86,8.62,8.69,605.0,95.0,2026-03-26T11:42:42.188,8.69,222,2026-03-26 11:43:45 EDT,651.3,0.9980039920159681,-0.19960079840318665,651.0,8.684999999999999,0.02999999999999936,0.3454231433505972,2351,3077724.6629999997,7240492.25,185235.29,126742.40999999999,0.0,-0.01,-0.0
SPY,2026-03-31,650.0,PUT,5,-1,2026-03-26T11:43:56.35,305,7.02,72,7.05,-0.4607,-0.7219,30.7972,-42.6855,0.0202,-0.1072,0.477,0.253,2026-03-26T11:43:56.668,2026-03-26T11:42:43.857,7.19,7.67,5.74,7.05,7825.0,793.0,2026-03-26T11:42:43.857,7.05,222,2026-03-26 11:43:45 EDT,651.3,0.9980039920159681,-0.19960079840318665,651.0,7.035,0.03000000000000025,0.4264392324093852,29571,-38904376.445999995,-91070400.12,2134730.4899999998,-1362335.97,-0.0002,0.01,0.0
SPY,2026-03-31,651.0,CALL,5,1,2026-03-26T11:43:56.345,50,8.1,45,8.12,0.5189,-0.7844,30.9119,41.6799,0.0204,-0.0278,-0.2366,0.2517,2026-03-26T11:43:56.668,2026-03-26T11:42:42.27,8.92,10.0,7.94,8.12,896.0,148.0,2026-03-26T11:42:42.27,8.12,222,2026-03-26 11:43:45 EDT,651.3,0.9995393827729158,-0.04606172270842231,651.0,8.11,0.019999999999999574,0.24660912453760264,651,864952.4519999999,2012364.69,51064.44,33780.39,0.0,-0.015,-0.01
SPY,2026-03-31,651.0,PUT,5,-1,2026-03-26T11:43:56.35,223,7.45,68,7.48,-0.481,-0.7182,30.9119,-41.9935,0.0204,-0.028,-0.2363,0.2513,2026-03-26T11:43:56.668,2026-03-26T11:42:55.495,7.69,8.09,6.19,7.4,1790.0,181.0,2026-03-26T11:42:55.495,7.4,222,2026-03-26 11:43:45 EDT,651.3,0.9995393827729158,-0.04606172270842231,651.0,7.465,0.03000000000000025,0.4018754186202311,3275,-4351335.3,-10123647.25,235210.5,-157527.5,-0.0003,0.01,0.0
SPY,2026-03-31,652.0,CALL,5,1,2026-03-26T11:43:56.347,54,7.55,127,7.57,0.4984,-0.7789,30.9467,42.9426,0.0205,0.0536,-0.9603,0.25,2026-03-26T11:43:56.668,2026-03-26T11:42:42.27,8.35,9.62,7.47,7.57,1739.0,283.0,2026-03-26T11:42:42.27,7.57,222,2026-03-26 11:43:45 EDT,651.3,1.0010747735298635,0.107477352986342,651.0,7.5600000000000005,0.020000000000000462,0.26455026455027064,972,1297780.38,3008019.24,75709.08,48444.479999999996,0.0003,-0.015,-0.01
SPY,2026-03-31,652.0,PUT,5,-1,2026-03-26T11:43:56.346,174,7.9,153,7.93,-0.5015,-0.7126,30.9467,-41.2955,0.0206,0.0537,-0.9612,0.2496,2026-03-26T11:43:56.668,2026-03-26T11:42:42.101,7.97,8.54,6.46,7.91,2540.0,298.0,2026-03-26T11:42:42.101,7.91,222,2026-03-26 11:43:45 EDT,651.3,1.0010747735298635,0.107477352986342,651.0,7.915,0.02999999999999936,0.37902716361338423,12563,-16855500.713999998,-38878339.21,895239.38,-630034.45,-0.0003,0.01,-0.0
SPY,2026-03-31,653.0,CALL,5,1,2026-03-26T11:43:56.345,26,7.02,134,7.04,0.4777,-0.7711,30.8986,44.2618,0.0206,0.1371,-1.6902,0.2482,2026-03-26T11:43:56.668,2026-03-26T11:43:42.768,7.61,9.07,6.97,7.05,1116.0,177.0,2026-03-26T11:43:42.768,7.05,222,2026-03-26 11:43:45 EDT,651.3,1.002610164286811,0.26101642868110636,651.0,7.029999999999999,0.020000000000000462,0.2844950213371332,719,964666.482,2221609.34,55442.09,34346.63,0.0003,-0.01,0.0
SPY,2026-03-31,653.0,PUT,5,-1,2026-03-26T11:43:56.345,142,8.37,152,8.4,-0.5223,-0.7049,30.8984,-40.592,0.0207,0.1374,-1.6921,0.2479,2026-03-26T11:43:56.668,2026-03-26T11:42:06.695,8.45,9.09,6.98,8.33,1297.0,243.0,2026-03-26T11:42:06.695,8.33,222,2026-03-26 11:43:45 EDT,651.3,1.002610164286811,0.26101642868110636,651.0,8.385,0.030000000000001137,0.3577817531306039,2777,-3743926.4069999997,-8580485.68,195750.73,-145042.71,0.0,0.01,0.0
SPY,2026-03-31,654.0,CALL,5,1,2026-03-26T11:43:56.345,218,6.5,241,6.53,0.4566,-0.7604,30.7643,45.6884,0.0207,0.2224,-2.423,0.2462,2026-03-26T11:43:56.668,2026-03-26T11:42:42.218,7.11,8.5,6.47,6.52,1841.0,259.0,2026-03-26T11:42:42.218,6.52,222,2026-03-26 11:43:45 EDT,651.3,1.0041455550437588,0.41455550437587063,651.0,6.515000000000001,0.03000000000000025,0.46047582501919027,1596,2151712.8359999997,4909982.279999999,121359.83999999998,72873.36,0.0,-0.015,0.01
SPY,2026-03-31,654.0,PUT,5,-1,2026-03-26T11:43:56.346,63,8.86,137,8.89,-0.5433,-0.695,30.7642,-39.8928,0.0207,0.2225,-2.4235,0.2461,2026-03-26T11:43:56.668,2026-03-26T11:42:38.092,9.09,9.5,7.34,8.84,1373.0,309.0,2026-03-26T11:42:38.092,8.84,222,2026-03-26 11:43:45 EDT,651.3,1.0041455550437588,0.41455550437587063,651.0,8.875,0.030000000000001137,0.3380281690140973,2061,-2778621.6509999996,-6340501.62,143239.5,-111974.12999999999,0.0,0.015,-0.01
SPY,2026-03-31,655.0,CALL,5,1,2026-03-26T11:43:56.348,85,6.01,182,6.04,0.4355,-0.7484,30.5419,47.1223,0.0207,0.3084,-3.1489,0.2443,2026-03-26T11:43:56.668,2026-03-26T11:43:50.641,6.71,7.92,5.98,6.05,1618.0,189.0,2026-03-26T11:43:50.641,6.05,222,2026-03-26 11:43:45 EDT,651.3,1.0056809458007063,0.568094580070635,651.0,6.025,0.03000000000000025,0.4979253112033236,1993,2686944.6629999997,6087000.67,149156.12,86795.15,-0.0001,-0.01,0.0
SPY,2026-03-31,655.0,PUT,5,-1,2026-03-26T11:43:56.313,61,9.34,56,9.42,-0.5644,-0.6829,30.5416,-39.1973,0.0207,0.3085,-3.1496,0.2443,2026-03-26T11:43:56.668,2026-03-26T11:42:18.741,9.67,10.1,7.72,9.35,1496.0,258.0,2026-03-26T11:42:18.741,9.35,222,2026-03-26 11:43:45 EDT,651.3,1.0056809458007063,0.568094580070635,651.0,9.379999999999999,0.08000000000000007,0.8528784648187642,16156,-21781373.795999996,-49343008.96,1103293.24,-911844.6400000001,0.0006,0.035,-0.01
SPY,2026-03-31,656.0,CALL,5,1,2026-03-26T11:43:56.345,47,5.54,78,5.56,0.4142,-0.7344,30.2296,48.61,0.0207,0.3943,-3.8626,0.2425,2026-03-26T11:43:56.668,2026-03-26T11:38:35.477,6.29,7.25,5.56,5.75,1369.0,143.0,2026-03-26T11:38:35.477,5.75,222,2026-03-26 11:43:45 EDT,651.3,1.007216336557654,0.7216336557653994,651.0,5.55,0.019999999999999574,0.3603603603603527,1226,1652882.1659999997,3706148.96,90037.44,50780.920000000006,0.0002,-0.015,-0.01
SPY,2026-03-31,656.0,PUT,5,-1,2026-03-26T11:43:56.087,50,9.84,52,9.96,-0.5858,-0.6678,30.2271,-38.5402,0.0207,0.3954,-3.8675,0.2421,2026-03-26T11:43:56.668,2026-03-26T11:42:17.666,9.88,10.55,8.3,9.86,493.0,126.0,2026-03-26T11:42:17.666,9.86,222,2026-03-26 11:43:45 EDT,651.3,1.007216336557654,0.7216336557653994,651.0,9.9,0.120000000000001,1.2121212121212221,3384,-4562278.344,-10228850.64,225983.52,-198234.72,-0.0008,0.0,0.0
SPY,2026-03-31,657.0,CALL,5,1,2026-03-26T11:43:56.345,219,5.08,180,5.11,0.3927,-0.717,29.8222,50.2525,0.0206,0.4811,-4.5638,0.2402,2026-03-26T11:43:56.668,2026-03-26T11:42:03.501,5.67,6.84,5.0,5.12,1381.0,127.0,2026-03-26T11:42:03.501,5.12,222,2026-03-26 11:43:45 EDT,651.3,1.0087517273146016,0.8751727314601637,651.0,5.095000000000001,0.03000000000000025,0.5888125613346465,1240,1663680.72,3697952.8,88908.0,48694.799999999996,-0.0002,-0.015,0.01
SPY,2026-03-31,657.0,PUT,5,-1,2026-03-26T11:43:56.166,66,10.38,12,10.51,-0.6074,-0.6503,29.8185,-37.8915,0.0206,0.4824,-4.5696,0.2399,2026-03-26T11:43:56.668,2026-03-26T11:42:43.857,10.56,11.11,8.77,10.45,443.0,105.0,2026-03-26T11:42:43.857,10.45,222,2026-03-26 11:43:45 EDT,651.3,1.0087517273146016,0.8751727314601637,651.0,10.445,0.129999999999999,1.2446146481570033,5099,-6841216.1219999995,-15204453.15,331587.97,-309713.26,-0.0001,0.025,0.03
SPY,2026-03-31,658.0,CALL,5,1,2026-03-26T11:43:56.345,227,4.65,238,4.68,0.3713,-0.6983,29.3239,51.9049,0.0204,0.5657,-5.2363,0.2382,2026-03-26T11:43:56.668,2026-03-26T11:32:55.478,5.17,6.33,4.6,4.65,1358.0,110.0,2026-03-26T11:32:55.478,4.65,222,2026-03-26 11:43:45 EDT,651.3,1.0102871180715494,1.028711807154928,651.0,4.665,0.02999999999999936,0.6430868167202435,2185,2903104.62,6407272.15,152578.55,81129.05,-0.0002,-0.015,0.01
SPY,2026-03-31,658.0,PUT,5,-1,2026-03-26T11:43:56.181,63,10.95,26,11.08,-0.6288,-0.6316,29.3186,-37.2011,0.0204,0.5673,-5.2429,0.2379,2026-03-26T11:43:56.668,2026-03-26T11:31:53.105,11.08,11.52,9.4,11.19,174.0,52.0,2026-03-26T11:31:53.105,11.19,222,2026-03-26 11:43:45 EDT,651.3,1.0102871180715494,1.028711807154928,651.0,11.015,0.13000000000000078,1.180208806173407,3951,-5249504.052,-11583778.86,249545.16000000003,-248438.88,-0.0008,0.005,0.01
SPY,2026-03-31,659.0,CALL,5,1,2026-03-26T11:43:56.346,290,4.24,8,4.26,0.3499,-0.6776,28.7324,53.6392,0.0202,0.6483,-5.8772,0.2362,2026-03-26T11:43:56.668,2026-03-26T11:20:30.725,4.75,5.82,4.48,4.48,515.0,90.0,2026-03-26T11:20:30.725,4.48,222,2026-03-26 11:43:45 EDT,651.3,1.011822508828497,1.1822508828496923,651.0,4.25,0.019999999999999574,0.47058823529410765,768,1010400.7679999999,2206648.32,52039.68,26872.320000000003,-0.0002,-0.015,-0.01
SPY,2026-03-31,659.0,PUT,5,-1,2026-03-26T11:43:56.266,25,11.55,12,11.67,-0.65,-0.6119,28.7324,-36.4661,0.0202,0.6483,-5.8772,0.2362,2026-03-26T11:43:56.668,2026-03-26T11:42:33.015,11.71,12.21,10.0,11.57,115.0,37.0,2026-03-26T11:42:33.015,11.57,222,2026-03-26 11:43:45 EDT,651.3,1.011822508828497,1.1822508828496923,651.0,11.61,0.11999999999999922,1.0335917312661431,6502,-8554200.251999998,-18681806.48,397857.38,-422630.0,0.0002,0.025,0.03
SPY,2026-03-31,660.0,CALL,5,1,2026-03-26T11:43:56.346,291,3.85,53,3.87,0.3286,-0.6549,28.0481,55.4611,0.0199,0.7281,-6.4795,0.234,2026-03-26T11:43:56.668,2026-03-26T11:41:08.599,4.32,5.36,3.82,3.99,2149.0,404.0,2026-03-26T11:41:08.599,3.99,222,2026-03-26 11:43:45 EDT,651.3,1.0133578995854446,1.3357899585444566,651.0,3.8600000000000003,0.020000000000000018,0.5181347150259072,3252,4214874.924,9121242.120000001,212973.48,106860.71999999999,-0.0003,-0.015,-0.01
SPY,2026-03-31,660.0,PUT,5,-1,2026-03-26T11:43:56.282,83,12.16,52,12.28,-0.6713,-0.5891,28.0481,-35.7809,0.0199,0.7281,-6.4795,0.234,2026-03-26T11:43:56.668,2026-03-26T11:33:38.832,12.06,12.95,10.4,12.24,456.0,108.0,2026-03-26T11:33:38.832,12.24,222,2026-03-26 11:43:45 EDT,651.3,1.0133578995854446,1.3357899585444566,651.0,12.219999999999999,0.11999999999999922,0.9819967266775715,29886,-38734856.081999995,-83824551.66000001,1760584.26,-2006247.18,-0.0006,0.01,0.0
SPY,2026-03-31,661.0,CALL,5,1,2026-03-26T11:43:56.35,292,3.48,8,3.5,0.3075,-0.63,27.2704,57.3951,0.0195,0.8045,-7.0373,0.2318,2026-03-26T11:43:56.668,2026-03-26T11:38:53.446,4.0,4.9,3.42,3.59,598.0,79.0,2026-03-26T11:38:53.446,3.59,222,2026-03-26 11:43:45 EDT,651.3,1.0148932903423922,1.489329034239221,651.0,3.49,0.020000000000000018,0.5730659025787971,1883,2391475.905,5135016.319999999,118629.0,57902.25,-0.0003,-0.015,0.01
SPY,2026-03-31,661.0,PUT,5,-1,2026-03-26T11:43:53.239,64,12.66,103,12.98,-0.6933,-0.5606,27.2377,-35.2238,0.0196,0.8106,-7.0589,0.2307,2026-03-26T11:43:56.668,2026-03-26T11:41:47.436,12.82,13.2,11.02,12.81,64.0,20.0,2026-03-26T11:41:47.436,12.81,222,2026-03-26 11:43:45 EDT,651.3,1.0148932903423922,1.489329034239221,651.0,12.82,0.3200000000000003,2.496099843993762,1419,-1811421.6119999997,-3865029.6300000004,79549.14,-98379.27,-0.0011,0.0,0.0
SPY,2026-03-31,662.0,CALL,5,1,2026-03-26T11:43:56.351,37,3.14,303,3.16,0.2865,-0.6033,26.4022,59.4323,0.0191,0.8764,-7.5423,0.2294,2026-03-26T11:43:56.668,2026-03-26T11:42:24.777,3.59,4.41,3.1,3.14,490.0,113.0,2026-03-26T11:42:24.777,3.14,222,2026-03-26 11:43:45 EDT,651.3,1.01642868109934,1.6428681099339852,651.0,3.1500000000000004,0.020000000000000018,0.6349206349206354,1278,1589810.2739999997,3374201.1599999997,77101.73999999999,36614.7,-0.0003,-0.01,0.0
SPY,2026-03-31,662.0,PUT,5,-1,2026-03-26T11:43:53.288,72,13.32,62,13.63,-0.7144,-0.5336,26.36,-34.5475,0.0191,0.8832,-7.5648,0.2283,2026-03-26T11:43:56.668,2026-03-26T11:07:34.009,12.95,14.0,11.4,13.0,24.0,16.0,2026-03-26T11:07:34.009,13.0,222,2026-03-26 11:43:45 EDT,651.3,1.01642868109934,1.6428681099339852,651.0,13.475000000000001,0.3100000000000005,2.3005565862708752,1542,-1918221.7859999996,-4064712.0000000005,82281.12,-110160.48000000001,-0.0011,0.0,0.0
SPY,2026-03-31,663.0,CALL,5,1,2026-03-26T11:43:56.266,209,2.81,264,2.83,0.2661,-0.5763,25.4634,61.4565,0.0186,0.9403,-7.9803,0.2274,2026-03-26T11:43:56.668,2026-03-26T11:38:08.946,3.38,4.06,2.79,2.89,1156.0,367.0,2026-03-26T11:38:08.946,2.89,222,2026-03-26 11:43:45 EDT,651.3,1.0179640718562875,1.7964071856287498,651.0,2.8200000000000003,0.020000000000000018,0.709219858156029,1332,1613608.7759999998,3391724.88,76763.16,35444.52,0.0,-0.01,0.0
SPY,2026-03-31,663.0,PUT,5,-1,2026-03-26T11:43:53.165,71,13.98,61,14.31,-0.7353,-0.5048,25.3934,-33.8703,0.0186,0.9501,-8.0099,0.2259,2026-03-26T11:43:56.668,2026-03-26T10:58:04.432,14.44,14.44,12.68,13.78,21.0,6.0,2026-03-26T10:58:04.432,13.78,222,2026-03-26 11:43:45 EDT,651.3,1.0179640718562875,1.7964071856287498,651.0,14.145,0.33000000000000007,2.332979851537646,1632,-1977034.1759999995,-4144202.88,82383.36,-120000.95999999999,-0.0012,0.0,0.0
SPY,2026-03-31,664.0,CALL,5,1,2026-03-26T11:43:56.346,308,2.5,59,2.52,0.2457,-0.5463,24.4242,63.7376,0.018,1.0004,-8.3606,0.2249,2026-03-26T11:43:56.668,2026-03-26T11:42:46.28,2.92,3.65,2.51,2.51,582.0,83.0,2026-03-26T11:42:46.28,2.51,222,2026-03-26 11:43:45 EDT,651.3,1.0194994626132352,1.949946261323514,651.0,2.51,0.020000000000000018,0.7968127490039849,1603,1879261.02,3915199.26,87571.89,39385.71,0.0,-0.01,0.0
SPY,2026-03-31,664.0,PUT,5,-1,2026-03-26T11:43:55.376,161,14.66,145,15.01,-0.7558,-0.4744,24.3387,-33.198,0.0181,1.0108,-8.3884,0.2233,2026-03-26T11:43:56.668,2026-03-26T11:35:50.345,15.33,15.33,12.8,14.8,17.0,13.0,2026-03-26T11:35:50.345,14.8,222,2026-03-26 11:43:45 EDT,651.3,1.0194994626132352,1.949946261323514,651.0,14.835,0.34999999999999964,2.3592854735422963,1136,-1339177.008,-2764876.32,53891.840000000004,-85858.88,-0.0013,0.0,0.0
SPY,2026-03-31,665.0,CALL,5,1,2026-03-26T11:43:56.311,289,2.22,281,2.24,0.226,-0.5163,23.3283,66.009,0.0174,1.0506,-8.6626,0.2227,2026-03-26T11:43:56.668,2026-03-26T11:43:50.641,2.57,3.28,2.2,2.22,1186.0,292.0,2026-03-26T11:43:50.641,2.22,222,2026-03-26 11:43:45 EDT,651.3,1.0210348533701827,2.1034853370182782,651.0,2.2300000000000004,0.020000000000000018,0.8968609865470859,6107,6920831.034,14246592.809999999,315304.41000000003,138018.2,0.0,-0.01,0.0
SPY,2026-03-31,665.0,PUT,5,-1,2026-03-26T11:43:56.266,164,15.41,57,15.69,-0.7755,-0.4442,23.2302,-32.484,0.0174,1.061,-8.6861,0.2211,2026-03-26T11:43:56.668,2026-03-26T11:19:35.469,15.56,15.86,13.35,15.23,119.0,36.0,2026-03-26T11:19:35.469,15.23,222,2026-03-26 11:43:45 EDT,651.3,1.0210348533701827,2.1034853370182782,651.0,15.55,0.27999999999999936,1.800643086816716,8366,-9480869.891999999,-19434385.32,371617.72000000003,-648783.2999999999,0.0,0.025,0.05
SPY,2026-03-31,666.0,CALL,5,1,2026-03-26T11:43:56.273,250,1.96,299,1.98,0.2069,-0.485,22.1613,68.4281,0.0167,1.093,-8.8893,0.2204,2026-03-26T11:43:56.668,2026-03-26T11:19:28.732,2.33,2.94,2.08,2.11,520.0,68.0,2026-03-26T11:19:28.732,2.11,222,2026-03-26 11:43:45 EDT,651.3,1.0225702441271305,2.2570244127130428,651.0,1.97,0.020000000000000018,1.0152284263959401,1021,1110512.0909999998,2262668.73,49518.5,21124.49,-0.0001,-0.01,0.0
SPY,2026-03-31,666.0,PUT,5,-1,2026-03-26T11:43:56.266,134,16.19,38,16.45,-0.7933,-0.4177,22.1444,-31.6615,0.0167,1.0945,-8.8921,0.2202,2026-03-26T11:43:56.668,2026-03-26T11:33:39.337,16.7,16.7,16.4,16.4,4.0,2.0,2026-03-26T11:33:39.337,16.4,222,2026-03-26 11:43:45 EDT,651.3,1.0225702441271305,2.2570244127130428,651.0,16.32,0.259999999999998,1.5931372549019485,3132,-3406585.572,-6935626.08,130823.64,-248461.56,0.0,0.025,-0.05
SPY,2026-03-31,667.0,CALL,5,1,2026-03-26T11:43:56.181,253,1.72,292,1.74,0.1884,-0.4533,20.9435,70.9293,0.0159,1.1255,-9.0346,0.2182,2026-03-26T11:43:56.668,2026-03-26T11:38:51.384,2.08,2.64,1.69,1.79,455.0,141.0,2026-03-26T11:38:51.384,1.79,222,2026-03-26 11:43:45 EDT,651.3,1.024105634884078,2.410563488407807,651.0,1.73,0.020000000000000018,1.1560693641618507,4642,4807102.0139999995,9721972.7,210421.85999999996,87455.28,0.0,-0.005,0.01
SPY,2026-03-31,667.0,PUT,5,-1,2026-03-26T11:43:56.266,147,16.94,103,17.22,-0.8119,-0.3857,20.9199,-30.9607,0.0159,1.1273,-9.0367,0.2178,2026-03-26T11:43:56.668,2026-03-26T11:25:57.146,15.26,16.66,14.87,16.66,7.0,5.0,2026-03-26T11:25:57.146,16.66,222,2026-03-26 11:43:45 EDT,651.3,1.024105634884078,2.410563488407807,651.0,17.08,0.2799999999999976,1.6393442622950678,565,-585095.355,-1181974.3499999999,21792.05,-45872.35,0.0003,0.04,-0.08
SPY,2026-03-31,668.0,CALL,5,1,2026-03-26T11:43:56.315,330,1.5,372,1.52,0.1705,-0.4208,19.6706,73.5977,0.0151,1.1487,-9.0974,0.2158,2026-03-26T11:43:56.668,2026-03-26T11:42:35.066,1.92,2.3,1.52,1.52,613.0,74.0,2026-03-26T11:42:35.066,1.52,222,2026-03-26 11:43:45 EDT,651.3,1.0256410256410258,2.5641025641025714,651.0,1.51,0.020000000000000018,1.3245033112582794,1757,1727944.491,3456124.42,73934.56,29956.850000000002,0.0004,-0.005,0.01
SPY,2026-03-31,668.0,PUT,5,-1,2026-03-26T11:43:55.116,52,17.66,26,18.01,-0.8314,-0.3479,19.5245,-30.3687,0.0151,1.1582,-9.1001,0.2141,2026-03-26T11:43:56.668,2026-03-25T15:38:36.545,14.4,14.4,12.96,14.36,28.0,9.0,2026-03-25T15:38:36.545,14.36,222,2026-03-26 11:43:45 EDT,651.3,1.0256410256410258,2.5641025641025714,651.0,17.835,0.3500000000000014,1.9624334174376306,3516,-3457855.908,-6864814.199999999,122321.64,-292320.24,-0.0015,0.0,0.0
SPY,2026-03-31,669.0,CALL,5,1,2026-03-26T11:43:56.328,309,1.3,392,1.32,0.1535,-0.3885,18.3679,76.3593,0.0142,1.161,-9.0758,0.2135,2026-03-26T11:43:56.668,2026-03-26T11:41:39.85,1.6,2.0,1.35,1.35,578.0,63.0,2026-03-26T11:41:39.85,1.35,222,2026-03-26 11:43:45 EDT,651.3,1.0271764163979733,2.7176416397973355,651.0,1.31,0.020000000000000018,1.5267175572519098,1937,1791426.702,3557862.2299999995,75252.45,29732.95,0.0004,0.0,0.0
SPY,2026-03-31,669.0,PUT,5,-1,2026-03-26T11:43:54.877,52,18.53,52,18.82,-0.846,-0.3232,18.4015,-29.513,0.0142,1.1592,-9.0773,0.2138,2026-03-26T11:43:56.668,2026-03-26T10:55:02.557,16.38,19.0,16.38,19.0,3.0,2.0,2026-03-26T10:55:02.557,19.0,222,2026-03-26 11:43:45 EDT,651.3,1.0271764163979733,2.7176416397973355,651.0,18.675,0.28999999999999915,1.5528781793841988,861,-796292.406,-1584369.15,27827.519999999997,-72840.59999999999,-0.0028,-0.015,0.03
SPY,2026-03-31,670.0,CALL,5,1,2026-03-26T11:43:56.311,402,1.12,661,1.14,0.1374,-0.3568,17.0542,79.1826,0.0134,1.162,-8.9722,0.2113,2026-03-26T11:43:56.668,2026-03-26T11:43:34.8,1.48,1.81,1.12,1.13,3777.0,526.0,2026-03-26T11:43:34.8,1.13,222,2026-03-26 11:43:45 EDT,651.3,1.028711807154921,2.8711807154921,651.0,1.13,0.019999999999999796,1.7699115044247606,6573,5736533.166,11209725.66,234524.64,90313.01999999999,0.0004,0.0,0.0
SPY,2026-03-31,670.0,PUT,5,-1,2026-03-26T11:43:51.873,52,19.38,50,19.6,-0.8622,-0.2909,17.0784,-28.8143,0.0134,1.1609,-8.9746,0.2115,2026-03-26T11:43:56.668,2026-03-26T11:41:24.422,19.02,20.0,16.85,19.15,1555.0,59.0,2026-03-26T11:41:24.422,19.15,222,2026-03-26 11:43:45 EDT,651.3,1.028711807154921,2.8711807154921,651.0,19.490000000000002,0.22000000000000242,1.1287839917906741,10995,-9595798.29,-18777700.799999997,319844.55,-947988.8999999999,0.0027,0.075,-0.11
SPY,2026-03-31,671.0,CALL,5,1,2026-03-26T11:43:56.287,416,0.96,17,0.97,0.1216,-0.3232,15.6676,82.4716,0.0124,1.1543,-8.7789,0.2084,2026-03-26T11:43:56.668,2026-03-26T11:39:54.158,1.29,1.55,0.97,1.01,451.0,113.0,2026-03-26T11:39:54.158,1.01,222,2026-03-26 11:43:45 EDT,651.3,1.0302471979118686,3.024719791186864,651.0,0.965,0.010000000000000009,1.0362694300518145,1882,1519925.7839999998,2948642.3200000003,60826.24,22885.12,-0.0003,-0.005,-0.01
SPY,2026-03-31,671.0,PUT,5,-1,2026-03-26T11:43:51.406,52,20.11,52,20.51,-0.8786,-0.2554,15.6423,-28.175,0.0124,1.1551,-8.7746,0.2082,2026-03-26T11:43:56.668,2026-03-26T10:57:10.749,19.75,19.75,19.75,19.75,5.0,4.0,2026-03-26T10:57:10.749,19.75,222,2026-03-26 11:43:45 EDT,651.3,1.0302471979118686,3.024719791186864,651.0,20.310000000000002,0.40000000000000213,1.9694731659281244,1896,-1531232.352,-2965780.08,48423.840000000004,-166582.56,-0.0022,0.0,0.0
SPY,2026-03-31,672.0,CALL,5,1,2026-03-26T11:43:56.236,426,0.81,391,0.83,0.1076,-0.2931,14.3581,85.4972,0.0115,1.1333,-8.5196,0.2064,2026-03-26T11:43:56.668,2026-03-26T11:31:36.151,1.09,1.35,0.84,0.84,357.0,81.0,2026-03-26T11:31:36.151,0.84,222,2026-03-26 11:43:45 EDT,651.3,1.0317825886688163,3.1782588668816287,651.0,0.8200000000000001,0.019999999999999907,2.439024390243891,1795,1344446.025,2577278.9499999997,52611.450000000004,19314.2,0.0003,-0.005,0.01
SPY,2026-03-31,672.0,PUT,5,-1,2026-03-26T11:43:52.179,52,20.96,52,21.35,-0.8941,-0.2203,14.1845,-27.5355,0.0115,1.1368,-8.4803,0.2048,2026-03-26T11:43:56.668,2026-03-26T10:12:44.466,21.5,21.5,19.05,19.05,6.0,3.0,2026-03-26T10:12:44.466,19.05,222,2026-03-26 11:43:45 EDT,651.3,1.0317825886688163,3.1782588668816287,651.0,21.155,0.39000000000000057,1.8435358071377952,1418,-1062074.91,-2011362.0999999999,31238.54,-126783.38,-0.0024,0.0,0.0
SPY,2026-03-31,673.0,CALL,5,1,2026-03-26T11:43:56.345,529,0.69,166,0.7,0.0941,-0.2625,13.0241,88.8836,0.0106,1.1029,-8.181,0.2039,2026-03-26T11:43:56.668,2026-03-26T11:38:08.907,0.96,1.16,0.69,0.74,363.0,95.0,2026-03-26T11:38:08.907,0.74,222,2026-03-26 11:43:45 EDT,651.3,1.0333179794257639,3.331797942576393,651.0,0.695,0.010000000000000009,1.4388489208633108,2184,1507785.552,2844463.4400000004,57330.00000000001,20551.44,-0.0005,-0.005,-0.01
SPY,2026-03-31,673.0,PUT,5,-1,2026-03-26T11:43:51.399,50,21.82,50,22.25,-0.9069,-0.192,12.9141,-26.8129,0.0105,1.104,-8.15,0.203,2026-03-26T11:43:56.668,2026-03-26T11:01:31.222,21.87,21.87,20.42,21.23,6.0,4.0,2026-03-26T11:01:31.222,21.23,222,2026-03-26 11:43:45 EDT,651.3,1.0333179794257639,3.331797942576393,651.0,22.035,0.4299999999999997,1.9514408894939854,1433,-979978.5450000002,-1850590.5299999998,27513.600000000002,-129958.77,-0.0028,0.0,0.0
SPY,2026-03-31,674.0,CALL,5,1,2026-03-26T11:43:56.292,488,0.58,358,0.59,0.082,-0.2345,11.7588,92.1856,0.0096,1.0625,-7.7907,0.2019,2026-03-26T11:43:56.668,2026-03-26T11:42:32.744,0.82,0.97,0.58,0.58,555.0,72.0,2026-03-26T11:42:32.744,0.58,222,2026-03-26 11:43:45 EDT,651.3,1.0348533701827116,3.485337018271157,651.0,0.585,0.010000000000000009,1.7094017094017109,2533,1583753.184,2978504.04,59398.84999999999,20770.600000000002,-0.0004,0.0,0.0
SPY,2026-03-31,674.0,PUT,5,-1,2026-03-26T11:43:50.158,12,22.77,12,23.14,-0.9163,-0.1724,11.9264,-26.006,0.0097,1.0622,-7.8455,0.2033,2026-03-26T11:43:56.668,2026-03-26T09:30:14.628,22.73,22.73,22.73,22.73,1.0,1.0,2026-03-26T09:30:14.628,22.73,222,2026-03-26 11:43:45 EDT,651.3,1.0348533701827116,3.485337018271157,651.0,22.955,0.370000000000001,1.6118492703114835,1213,-766326.093,-1446672.3199999998,20912.12,-111147.19,-0.0047,-0.015,0.03
SPY,2026-03-31,675.0,CALL,5,1,2026-03-26T11:43:56.263,900,0.48,46,0.49,0.0706,-0.2066,10.4909,95.892,0.0087,1.0134,-7.3318,0.1994,2026-03-26T11:43:56.668,2026-03-26T11:43:50.641,0.7,0.84,0.49,0.49,716.0,115.0,2026-03-26T11:43:50.641,0.49,222,2026-03-26 11:43:45 EDT,651.3,1.0363887609396591,3.638876093965922,651.0,0.485,0.010000000000000009,2.061855670103095,4101,2323753.7309999997,4302318.09,84726.66,28953.059999999998,-0.0007,-0.005,-0.01
SPY,2026-03-31,675.0,PUT,5,-1,2026-03-26T11:43:55.427,12,23.72,13,24.05,-0.9247,-0.1543,11.0083,-25.2215,0.0089,1.0171,-7.5257,0.2039,2026-03-26T11:43:56.668,2026-03-26T11:35:40.949,23.96,23.96,22.57,23.81,27.0,10.0,2026-03-26T11:35:40.949,23.81,222,2026-03-26 11:43:45 EDT,651.3,1.0363887609396591,3.638876093965922,651.0,23.884999999999998,0.33000000000000185,1.3816202637638764,6281,-3640825.617,-6914313.2299999995,96915.82999999999,-580804.07,-0.0016,0.015,0.03
SPY,2026-03-31,676.0,CALL,5,1,2026-03-26T11:43:55.68,813,0.4,235,0.41,0.0609,-0.1826,9.3577,99.2192,0.0078,0.9578,-6.8627,0.1977,2026-03-26T11:43:56.668,2026-03-26T11:43:50.981,0.59,0.68,0.41,0.41,387.0,58.0,2026-03-26T11:43:50.981,0.41,222,2026-03-26 11:43:45 EDT,651.3,1.037924151696607,3.792415169660686,651.0,0.405,0.009999999999999953,2.469135802469124,2726,1384846.1639999999,2550909.02,49776.76,16601.34,0.0002,0.0,0.0
SPY,2026-03-31,676.0,PUT,5,-1,2026-03-26T11:43:52.224,13,24.65,12,24.99,-0.9321,-0.1379,10.1625,-24.4613,0.0082,0.97,-7.199,0.2048,2026-03-26T11:43:56.668,2026-03-26T10:33:25.489,24.67,24.67,22.36,22.36,2.0,2.0,2026-03-26T10:33:25.489,22.36,222,2026-03-26 11:43:45 EDT,651.3,1.037924151696607,3.792415169660686,651.0,24.82,0.33999999999999986,1.3698630136986296,826,-441138.51600000006,-839422.5,11390.54,-76991.46,0.0023,0.055,-0.05
SPY,2026-03-31,677.0,CALL,5,1,2026-03-26T11:43:56.293,741,0.33,579,0.34,0.052,-0.1594,8.2549,102.8658,0.007,0.8962,-6.3512,0.1958,2026-03-26T11:43:56.668,2026-03-26T11:42:32.744,0.5,0.57,0.34,0.34,472.0,59.0,2026-03-26T11:42:32.744,0.34,222,2026-03-26 11:43:45 EDT,651.3,1.0394595424535544,3.94595424535545,651.0,0.335,0.010000000000000009,2.985074626865674,2701,1231412.91,2229648.4899999998,43053.939999999995,14045.2,0.0003,0.0,0.0
SPY,2026-03-31,677.0,PUT,5,-1,2026-03-26T11:43:47.077,12,25.61,12,25.92,-0.9396,-0.12,9.2805,-23.7579,0.0075,0.9201,-6.8256,0.2049,2026-03-26T11:43:56.668,2026-03-26T10:08:53.359,23.77,23.77,23.31,23.31,50.0,2.0,2026-03-26T10:08:53.359,23.31,222,2026-03-26 11:43:45 EDT,651.3,1.0394595424535544,3.94595424535545,651.0,25.765,0.3100000000000023,1.2031826120706473,1184,-578354.3999999999,-1098811.2,14207.999999999998,-111248.64,-0.0009,0.03,0.0
SPY,2026-03-31,678.0,PUT,5,-1,2026-03-26T11:43:55.464,10,26.59,13,26.92,-0.9421,-0.118,8.9745,-22.941,0.0071,0.8807,-6.6865,0.2099,2026-03-26T11:43:56.668,2026-03-26T10:47:36.183,25.55,25.55,23.78,25.09,37.0,5.0,2026-03-26T10:47:36.183,25.09,222,2026-03-26 11:43:45 EDT,651.3,1.0409949332105022,4.099493321050215,651.0,26.755000000000003,0.33000000000000185,1.2334143150813,1518,-701958.1140000001,-1362329.1,17912.399999999998,-143010.78,0.0002,0.035,0.05
SPY,2026-03-31,679.0,PUT,5,-1,2026-03-26T11:43:51.462,13,27.57,12,27.86,-0.9472,-0.1062,8.3452,-22.2642,0.0065,0.8356,-6.3897,0.2116,2026-03-26T11:43:56.668,2026-03-26T10:57:06.484,27.62,27.62,25.0,27.07,10.0,4.0,2026-03-26T10:57:06.484,27.07,222,2026-03-26 11:43:45 EDT,651.3,1.0425303239674497,4.253032396744979,651.0,27.715,0.28999999999999915,1.0463647844127697,887,-375507.01499999996,-740219.24,9419.94,-84016.64000000001,0.0014,0.055,-0.07
SPY,2026-03-31,681.0,PUT,5,-1,2026-03-26T11:43:54.987,12,29.58,12,29.86,-0.9487,-0.1127,8.1656,-20.7902,0.006,0.7767,-6.2988,0.2248,2026-03-26T11:43:56.668,2026-03-26T11:27:51.774,29.23,29.23,29.23,29.23,3.0,1.0,2026-03-26T11:27:51.774,29.23,222,2026-03-26 11:43:45 EDT,651.3,1.045601105481345,4.5601105481345074,651.0,29.72,0.28000000000000114,0.9421265141319015,830,-324347.4,-677744.7999999999,9354.1,-78742.09999999999,0.0015,0.035,0.05
TLT,2026-03-27,84.5,CALL,1,1,2026-03-26T11:44:04.61,19,1.8,21,1.85,0.94,-0.0668,0.583,44.562,0.1018,-0.7699,28.1089,0.2382,2026-03-26T11:44:08.991,2026-03-25T15:04:02.73,2.3,2.33,2.24,2.27,46.0,9.0,2026-03-25T15:04:02.73,2.27,222,2026-03-26 11:43:45 EDT,86.28,0.9793694946685211,-2.0630505331478917,86.5,1.8250000000000002,0.050000000000000044,2.7397260273972623,46,40403.1984,2681.7999999999997,307.28,4323.999999999999,-0.0157,-0.005,0.01
TLT,2026-03-27,85.0,CALL,1,1,2026-03-26T11:44:08.732,68,1.32,63,1.36,0.8988,-0.0845,0.8674,57.9001,0.1728,-1.0696,34.0997,0.2089,2026-03-26T11:44:08.991,2026-03-26T10:34:34.411,1.55,1.55,1.55,1.55,3.0,1.0,2026-03-26T10:34:34.411,1.55,222,2026-03-26 11:43:45 EDT,86.28,0.9851645804357905,-1.4835419564209564,86.5,1.34,0.040000000000000036,2.985074626865674,896,1335862.8864,77719.04,7571.200000000001,80532.48000000001,-0.0118,-0.01,-0.02
TLT,2026-03-27,85.0,PUT,1,-1,2026-03-26T11:44:08.324,996,0.02,1490,0.03,-0.0566,-0.0393,0.5579,-244.8786,0.1382,-1.0669,27.3367,0.1679,2026-03-26T11:44:08.991,2026-03-26T11:39:32.697,0.02,0.04,0.01,0.03,271.0,28.0,2026-03-26T11:39:32.697,0.03,222,2026-03-26 11:43:45 EDT,86.28,0.9851645804357905,-1.4835419564209564,86.5,0.025,0.009999999999999998,39.99999999999999,5651,-6738193.6296,-315269.29,22208.43,-31984.659999999996,0.0,0.0,0.0
TLT,2026-03-27,85.5,CALL,1,1,2026-03-26T11:44:08.806,116,0.85,134,0.9,0.8255,-0.1,1.2609,81.8323,0.302,-1.3716,36.0012,0.1738,2026-03-26T11:44:08.991,2026-03-26T10:41:08.461,1.09,1.12,1.05,1.07,88.0,19.0,2026-03-26T10:41:08.461,1.07,222,2026-03-26 11:43:45 EDT,86.28,0.9909596662030598,-0.9040333796940208,86.5,0.875,0.050000000000000044,5.71428571428572,1154,3006927.0239999997,145507.86,11540.0,95262.70000000001,-0.0078,-0.01,0.0
TLT,2026-03-27,85.5,PUT,1,-1,2026-03-26T11:44:05.256,746,0.06,1040,0.07,-0.1489,-0.0741,1.1374,-217.0261,0.303,-1.5328,36.1632,0.1562,2026-03-26T11:44:08.991,2026-03-26T11:36:23.582,0.06,0.08,0.04,0.06,1118.0,76.0,2026-03-26T11:36:23.582,0.06,222,2026-03-26 11:43:45 EDT,86.28,0.9909596662030598,-0.9040333796940208,86.5,0.065,0.010000000000000009,15.384615384615397,5474,-14310590.615999999,-622612.76,40562.340000000004,-81507.86,0.0,0.0,0.0
TLT,2026-03-27,86.0,CALL,1,1,2026-03-26T11:44:07.986,873,0.47,211,0.48,0.6503,-0.1251,1.8146,119.3987,0.4865,-0.9,20.1294,0.1552,2026-03-26T11:44:08.991,2026-03-26T11:43:38.747,0.58,0.66,0.47,0.48,108.0,24.0,2026-03-26T11:43:38.747,0.48,222,2026-03-26 11:43:45 EDT,86.28,0.9967547519703291,-0.32452480296708525,86.5,0.475,0.010000000000000009,2.105263157894739,18139,76138851.558,3291502.94,226918.88999999996,1179579.17,0.0,0.0,0.0
TLT,2026-03-27,86.0,PUT,1,-1,2026-03-26T11:44:04.766,694,0.16,760,0.17,-0.3393,-0.1071,1.7943,-182.4322,0.5168,-1.0288,21.4184,0.1445,2026-03-26T11:44:08.991,2026-03-26T11:43:00.821,0.18,0.18,0.09,0.16,1783.0,125.0,2026-03-26T11:43:00.821,0.16,222,2026-03-26 11:43:45 EDT,86.28,0.9967547519703291,-0.32452480296708525,86.5,0.165,0.010000000000000009,6.060606060606066,9061,-40402549.5744,-1625815.23,97043.31,-307439.73,0.0,0.0,0.0
TLT,2026-03-27,86.5,CALL,1,1,2026-03-26T11:44:08.027,464,0.2,236,0.21,0.3889,-0.1225,1.8789,168.2579,0.5235,0.7453,-18.9015,0.1494,2026-03-26T11:44:08.991,2026-03-26T11:41:39.004,0.26,0.35,0.21,0.22,565.0,90.0,2026-03-26T11:41:39.004,0.22,222,2026-03-26 11:43:45 EDT,86.28,1.0025498377375985,0.2549837737598503,86.5,0.20500000000000002,0.009999999999999981,4.878048780487795,10276,46414205.208,1930757.6400000001,125881.0,399633.64,0.0,0.0,0.0
TLT,2026-03-27,86.5,PUT,1,-1,2026-03-26T11:44:07.992,464,0.39,1088,0.4,-0.6196,-0.1045,1.8666,-137.3634,0.5604,0.8578,-20.1945,0.1386,2026-03-26T11:44:08.991,2026-03-26T11:43:55.191,0.24,0.4,0.24,0.39,1393.0,81.0,2026-03-26T11:43:55.191,0.39,222,2026-03-26 11:43:45 EDT,86.28,1.0025498377375985,0.2549837737598503,86.5,0.395,0.010000000000000009,2.531645569620255,8412,-40673123.6544,-1570183.92,87905.4,-521207.52,0.0,0.0,0.0
TLT,2026-03-27,87.0,CALL,1,1,2026-03-26T11:44:04.824,357,0.07,1724,0.08,0.1729,-0.0825,1.2541,216.1319,0.3427,1.5974,-38.7887,0.1523,2026-03-26T11:44:08.991,2026-03-26T11:38:56.225,0.1,0.14,0.06,0.08,1687.0,164.0,2026-03-26T11:38:56.225,0.08,222,2026-03-26 11:43:45 EDT,86.28,1.0083449235048678,0.8344923504867858,86.5,0.07500000000000001,0.009999999999999995,13.333333333333325,13483,39866744.7348,1690903.0299999998,111234.75000000001,233121.07,0.0,0.0,0.0
TLT,2026-03-27,87.0,PUT,1,-1,2026-03-26T11:44:04.258,206,0.74,178,0.79,-0.8533,-0.0579,1.1253,-96.8544,0.3426,1.7783,-38.7521,0.1367,2026-03-26T11:44:08.991,2026-03-26T11:35:56.436,0.71,0.76,0.54,0.76,427.0,44.0,2026-03-26T11:35:56.436,0.76,222,2026-03-26 11:43:45 EDT,86.28,1.0083449235048678,0.8344923504867858,86.5,0.765,0.050000000000000044,6.535947712418307,5393,-15941453.4504,-606874.29,31225.47,-460184.68999999994,0.0,0.005,0.01
TLT,2026-03-27,87.5,CALL,1,1,2026-03-26T11:44:08.301,1384,0.02,1432,0.03,0.0588,-0.0386,0.5751,263.3908,0.1532,1.1816,-29.0926,0.1562,2026-03-26T11:44:08.991,2026-03-26T11:41:26.399,0.04,0.04,0.02,0.02,1157.0,74.0,2026-03-26T11:41:26.399,0.02,222,2026-03-26 11:43:45 EDT,86.28,1.0141400092721373,1.4140009272137215,86.5,0.025,0.009999999999999998,39.99999999999999,34169,45164912.2224,1965059.19,131892.34000000003,200913.72,0.0,0.0,0.0
TLT,2026-03-30,84.5,CALL,4,1,2026-03-26T11:44:08.941,16,1.85,12,1.88,0.9223,-0.0303,1.342,42.7623,0.112,-1.4534,8.5769,0.1406,2026-03-26T11:44:09.567,2026-03-25T15:33:40.966,2.36,2.36,2.33,2.33,2.0,2.0,2026-03-25T15:33:40.966,2.33,222,2026-03-26 11:43:45 EDT,86.28,0.9793694946685211,-2.0630505331478917,86.5,1.865,0.029999999999999805,1.6085790884718394,2,1932.6720000000003,268.40000000000003,6.0600000000000005,184.46,-0.0058,-0.005,-0.01
TLT,2026-03-30,84.5,PUT,4,-1,2026-03-26T11:44:05.223,1274,0.04,375,0.05,-0.072,-0.0201,1.2665,-152.8959,0.1087,-1.4516,8.3283,0.1367,2026-03-26T11:44:09.567,2026-03-26T11:29:19.429,0.06,0.06,0.04,0.04,28.0,8.0,2026-03-26T11:29:19.429,0.04,222,2026-03-26 11:43:45 EDT,86.28,0.9793694946685211,-2.0630505331478917,86.5,0.045,0.010000000000000002,22.222222222222225,712,-667758.8832,-90174.79999999999,1431.12,-5126.4,0.0,0.0,0.0
TLT,2026-03-30,85.0,CALL,4,1,2026-03-26T11:44:04.725,17,1.4,58,1.44,0.8465,-0.0441,2.1851,51.4145,0.1811,-1.6826,9.8398,0.1416,2026-03-26T11:44:09.567,2026-03-26T10:04:19.086,1.7,1.7,1.68,1.68,2.0,2.0,2026-03-26T10:04:19.086,1.68,222,2026-03-26 11:43:45 EDT,86.28,0.9851645804357905,-1.4835419564209564,86.5,1.42,0.040000000000000036,2.8169014084507067,394,615637.1352000001,86092.93999999999,1737.54,33352.1,0.0,0.0,0.0
TLT,2026-03-30,85.0,PUT,4,-1,2026-03-26T11:44:04.329,1264,0.09,484,0.1,-0.1416,-0.0321,2.0712,-134.8782,0.1803,-1.7622,9.8078,0.1347,2026-03-26T11:44:09.567,2026-03-26T11:26:54.362,0.11,0.11,0.08,0.09,436.0,28.0,2026-03-26T11:26:54.362,0.09,222,2026-03-26 11:43:45 EDT,86.28,0.9851645804357905,-1.4835419564209564,86.5,0.095,0.010000000000000009,10.526315789473694,3061,-4761778.5324,-633994.3200000001,9825.809999999998,-43343.76,0.0,0.0,0.0
TLT,2026-03-30,85.5,CALL,4,1,2026-03-26T11:44:04.883,211,1.0,191,1.03,0.7443,-0.0548,2.9682,63.5216,0.2548,-1.5101,8.2188,0.1367,2026-03-26T11:44:09.567,2026-03-26T10:55:20.745,1.09,1.09,1.07,1.07,7.0,5.0,2026-03-26T10:55:20.745,1.07,222,2026-03-26 11:43:45 EDT,86.28,0.9909596662030598,-0.9040333796940208,86.5,1.0150000000000001,0.030000000000000027,2.955665024630544,632,1389397.9008,187590.24,3463.36,47039.759999999995,0.0,0.0,0.0
TLT,2026-03-30,85.5,PUT,4,-1,2026-03-26T11:44:08.263,734,0.19,659,0.2,-0.2527,-0.0453,2.95,-115.0146,0.2569,-1.5451,8.2898,0.1347,2026-03-26T11:44:09.567,2026-03-26T11:43:59.397,0.2,0.2,0.15,0.19,116.0,17.0,2026-03-26T11:43:59.397,0.19,222,2026-03-26 11:43:45 EDT,86.28,0.9909596662030598,-0.9040333796940208,86.5,0.195,0.010000000000000009,5.128205128205133,943,-2090190.8076000004,-278185.00000000006,4271.79,-23829.609999999997,0.0,0.0,0.0
TLT,2026-03-30,86.0,CALL,4,1,2026-03-26T11:44:08.972,388,0.67,512,0.69,0.6011,-0.0638,3.5634,76.3145,0.3037,-0.6772,3.12,0.1376,2026-03-26T11:44:09.567,2026-03-26T11:32:09.776,0.75,0.84,0.67,0.67,26.0,9.0,2026-03-26T11:32:09.776,0.67,222,2026-03-26 11:43:45 EDT,86.28,0.9967547519703291,-0.32452480296708525,86.5,0.6799999999999999,0.019999999999999907,2.9411764705882217,2466,6461717.9976,878734.44,15733.079999999998,148231.26,0.0,0.0,0.0
TLT,2026-03-30,86.0,PUT,4,-1,2026-03-26T11:44:06.16,617,0.35,393,0.37,-0.3981,-0.0548,3.5619,-95.3431,0.3057,-0.6869,3.1426,0.1367,2026-03-26T11:44:09.567,2026-03-26T11:38:42.516,0.36,0.36,0.24,0.35,631.0,33.0,2026-03-26T11:38:42.516,0.35,222,2026-03-26 11:43:45 EDT,86.28,0.9967547519703291,-0.32452480296708525,86.5,0.36,0.020000000000000018,5.555555555555561,5116,-13493857.233600002,-1822268.04,28035.68,-203667.96,0.0,0.0,0.0
TLT,2026-03-30,86.5,CALL,4,1,2026-03-26T11:44:06.183,225,0.42,470,0.43,0.4454,-0.0639,3.6479,91.3055,0.3109,0.4361,-3.5998,0.1376,2026-03-26T11:44:09.567,2026-03-26T10:59:54.107,0.47,0.56,0.45,0.5,61.0,13.0,2026-03-26T10:59:54.107,0.5,222,2026-03-26 11:43:45 EDT,86.28,1.0025498377375985,0.2549837737598503,86.5,0.425,0.010000000000000009,2.35294117647059,1187,3184062.4524,433005.7299999999,7584.93,52868.979999999996,0.0,0.005,-0.01
TLT,2026-03-30,86.5,PUT,4,-1,2026-03-26T11:44:08.972,424,0.6,832,0.61,-0.5552,-0.0546,3.6471,-79.9023,0.3142,0.445,-3.635,0.1362,2026-03-26T11:44:09.567,2026-03-26T11:42:50.754,0.57,0.6,0.46,0.6,326.0,11.0,2026-03-26T11:42:50.754,0.6,222,2026-03-26 11:43:45 EDT,86.28,1.0025498377375985,0.2549837737598503,86.5,0.605,0.010000000000000009,1.6528925619834725,765,-2073851.964,-279003.15,4176.900000000001,-42472.8,0.0,0.005,-0.01
TLT,2026-03-30,87.0,CALL,4,1,2026-03-26T11:44:09.233,785,0.23,732,0.25,0.2992,-0.0555,3.2057,107.5212,0.2722,1.3605,-9.0681,0.1381,2026-03-26T11:44:09.567,2026-03-26T11:42:11.161,0.27,0.32,0.24,0.24,1533.0,32.0,2026-03-26T11:42:11.161,0.24,222,2026-03-26 11:43:45 EDT,86.28,1.0083449235048678,0.8344923504867858,86.5,0.24,0.01999999999999999,8.33333333333333,2615,6141436.284,838290.55,14513.25,78240.8,0.0034,0.005,0.01
TLT,2026-03-30,87.0,PUT,4,-1,2026-03-26T11:44:09.461,556,0.91,461,0.93,-0.7027,-0.0461,3.1959,-65.9638,0.2743,1.3852,-9.1348,0.1367,2026-03-26T11:44:09.567,2026-03-26T11:15:40.597,0.89,0.89,0.74,0.84,121.0,11.0,2026-03-26T11:15:40.597,0.84,222,2026-03-26 11:43:45 EDT,86.28,1.0083449235048678,0.8344923504867858,86.5,0.92,0.020000000000000018,2.1739130434782625,1202,-2844725.8008,-384147.18,5541.22,-84464.54,0.0,0.0,0.0
TLT,2026-03-30,87.5,CALL,4,1,2026-03-26T11:44:04.49,306,0.12,954,0.13,0.1777,-0.0408,2.4026,127.3271,0.2062,1.7872,-11.322,0.1367,2026-03-26T11:44:09.567,2026-03-26T10:59:30.885,0.13,0.18,0.13,0.15,356.0,46.0,2026-03-26T10:59:30.885,0.15,222,2026-03-26 11:43:45 EDT,86.28,1.0141400092721373,1.4140009272137215,86.5,0.125,0.010000000000000009,8.000000000000007,3309,5887020.722399999,795020.3400000001,13500.720000000001,58800.92999999999,0.0,0.0,0.0
TLT,2026-03-30,87.5,PUT,4,-1,2026-03-26T11:44:04.257,114,1.29,111,1.33,-0.8179,-0.0334,2.4391,-53.8788,0.2057,1.7518,-11.2954,0.1391,2026-03-26T11:44:09.567,2026-03-26T11:40:41.547,1.17,1.27,1.17,1.27,9.0,4.0,2026-03-26T11:40:41.547,1.27,222,2026-03-26 11:43:45 EDT,86.28,1.0141400092721373,1.4140009272137215,86.5,1.31,0.040000000000000036,3.0534351145038197,157,-278640.3972,-38293.869999999995,524.38,-12841.03,0.0044,0.01,0.0
TLT,2026-03-30,88.0,CALL,4,1,2026-03-26T11:44:04.291,475,0.06,823,0.07,0.0992,-0.0277,1.611,142.4727,0.1353,1.6257,-10.3429,0.1396,2026-03-26T11:44:09.567,2026-03-26T11:31:54.229,0.07,0.09,0.05,0.06,87.0,29.0,2026-03-26T11:31:54.229,0.06,222,2026-03-26 11:43:45 EDT,86.28,1.0199350950394066,1.9935095039406567,86.5,0.065,0.010000000000000009,15.384615384615397,5864,6845448.2976,944690.4,16243.279999999999,58170.88,0.0,0.0,0.0
TLT,2026-03-30,88.0,PUT,4,-1,2026-03-26T11:44:04.727,29,1.73,24,1.77,-0.8944,-0.021,1.685,-44.1007,0.1377,1.6096,-10.5267,0.1435,2026-03-26T11:44:09.567,2026-03-25T14:57:00.261,1.42,1.52,1.34,1.37,30.0,14.0,2026-03-25T14:57:00.261,1.37,222,2026-03-26 11:43:45 EDT,86.28,1.0199350950394066,1.9935095039406567,86.5,1.75,0.040000000000000036,2.285714285714288,575,-683143.47,-96887.5,1207.5,-51428.0,0.0059,0.01,0.0
TLT,2026-03-30,88.5,CALL,4,1,2026-03-26T11:44:04.462,438,0.03,899,0.04,0.0538,-0.0179,1.0103,153.7976,0.082,1.2296,-8.0215,0.1445,2026-03-26T11:44:09.567,2026-03-26T11:17:02.182,0.03,0.05,0.03,0.03,178.0,20.0,2026-03-26T11:17:02.182,0.03,222,2026-03-26 11:43:45 EDT,86.28,1.0257301808066759,2.5730180806675924,86.5,0.035,0.010000000000000002,28.571428571428577,34147,24158865.912,3449871.4099999997,61123.12999999999,183710.86000000002,0.0,0.0,0.0
TLT,2026-03-30,88.5,PUT,4,-1,2026-03-26T11:44:06.182,19,2.2,31,2.24,-0.9388,-0.0117,1.1163,-36.4941,0.0871,1.2553,-8.521,0.1503,2026-03-26T11:44:09.567,2026-03-25T12:54:55.828,1.83,1.93,1.7,1.7,66.0,7.0,2026-03-25T12:54:55.828,1.7,222,2026-03-26 11:43:45 EDT,86.28,1.0257301808066759,2.5730180806675924,86.5,2.22,0.040000000000000036,1.8018018018018032,42,-31562.9496,-4688.460000000001,49.14,-3942.96,0.0,0.015,-0.03
TLT,2026-03-30,89.0,PUT,4,-1,2026-03-26T11:44:04.179,485,2.7,30,2.74,-0.9453,-0.0133,1.0223,-29.9777,0.0675,1.0094,-8.0499,0.1777,2026-03-26T11:44:09.567,2026-03-26T10:01:32.477,2.43,2.43,2.43,2.43,1.0,1.0,2026-03-26T10:01:32.477,2.43,222,2026-03-26 11:43:45 EDT,86.28,1.0315252665739454,3.1525266573945285,86.5,2.72,0.040000000000000036,1.4705882352941189,85,-49503.15000000001,-8689.55,113.04999999999998,-8035.049999999999,,,
TLT,2026-03-31,84.0,CALL,5,1,2026-03-26T11:44:09.997,38,2.37,32,2.4,0.9239,-0.0305,1.4705,33.4891,0.0864,-1.2546,6.8545,0.1611,2026-03-26T11:44:10.481,2026-03-26T09:33:11.959,2.49,2.49,2.45,2.45,2.0,2.0,2026-03-26T09:33:11.959,2.45,222,2026-03-26 11:43:45 EDT,86.28,0.9735744089012517,-2.6425591098748273,86.0,2.385,0.029999999999999805,1.2578616352201177,129,96164.2368,18969.449999999997,393.45,11918.310000000001,-0.0068,-0.005,-0.01
TLT,2026-03-31,84.0,PUT,5,-1,2026-03-26T11:44:09.983,1030,0.05,933,0.06,-0.0699,-0.0202,1.379,-120.6121,0.0835,-1.2518,6.6319,0.1562,2026-03-26T11:44:10.481,2026-03-26T11:42:54.795,0.06,0.06,0.04,0.05,190.0,16.0,2026-03-26T11:42:54.795,0.05,222,2026-03-26 11:43:45 EDT,86.28,0.9735744089012517,-2.6425591098748273,86.0,0.055,0.009999999999999995,18.181818181818173,31727,-22857336.426000003,-4375153.300000001,64088.54,-221771.73000000004,0.0,0.0,0.0
TLT,2026-03-31,85.0,CALL,5,1,2026-03-26T11:44:08.316,34,1.47,31,1.51,0.8077,-0.0477,2.8092,46.7739,0.1763,-1.5427,7.6509,0.1508,2026-03-26T11:44:10.481,2026-03-26T10:58:51.578,1.76,1.76,1.65,1.65,6.0,6.0,2026-03-26T10:58:51.578,1.65,222,2026-03-26 11:43:45 EDT,86.28,0.9851645804357905,-1.4835419564209564,86.0,1.49,0.040000000000000036,2.684563758389264,1497,2277111.2508,420537.24,7140.69,120912.69,-0.0034,-0.01,0.0
TLT,2026-03-31,85.0,PUT,5,-1,2026-03-26T11:44:09.987,1088,0.16,267,0.17,-0.1884,-0.0381,2.7749,-102.1489,0.177,-1.575,7.6847,0.1484,2026-03-26T11:44:10.481,2026-03-26T11:33:34.608,0.17,0.17,0.12,0.16,106.0,22.0,2026-03-26T11:33:34.608,0.16,222,2026-03-26 11:43:45 EDT,86.28,0.9851645804357905,-1.4835419564209564,86.0,0.165,0.010000000000000009,6.060606060606066,21517,-32859815.652000003,-5970752.33,81979.77,-405380.28,0.0,0.0,0.0
TLT,2026-03-31,86.0,CALL,5,1,2026-03-26T11:44:10.036,135,0.76,52,0.77,0.591,-0.0599,3.9922,67.1117,0.2651,-0.5812,2.0885,0.1425,2026-03-26T11:44:10.481,2026-03-26T11:15:28.415,0.81,0.81,0.81,0.81,2.0,1.0,2026-03-26T11:15:28.415,0.81,222,2026-03-26 11:43:45 EDT,86.28,0.9967547519703291,-0.32452480296708525,86.0,0.765,0.010000000000000009,1.3071895424836613,3105,7102013.0940000005,1239578.0999999999,18598.95,183505.49999999997,0.0,0.0,0.0
TLT,2026-03-31,86.0,PUT,5,-1,2026-03-26T11:44:09.987,430,0.43,1,0.44,-0.408,-0.0508,3.9902,-81.9437,0.2677,-0.5936,2.1115,0.1411,2026-03-26T11:44:10.481,2026-03-26T11:34:16.552,0.41,0.44,0.33,0.44,208.0,41.0,2026-03-26T11:34:16.552,0.44,222,2026-03-26 11:43:45 EDT,86.28,0.9967547519703291,-0.32452480296708525,86.0,0.435,0.010000000000000009,2.2988505747126458,22478,-51917787.256799996,-8969171.56,114188.23999999999,-917102.3999999999,0.0,0.0,0.0
TLT,2026-03-31,87.0,CALL,5,1,2026-03-26T11:44:10.029,129,0.31,355,0.32,0.3261,-0.0537,3.704,90.7876,0.246,1.1817,-6.7117,0.1425,2026-03-26T11:44:10.481,2026-03-26T11:40:05.497,0.35,0.39,0.32,0.32,72.0,10.0,2026-03-26T11:40:05.497,0.32,222,2026-03-26 11:43:45 EDT,86.28,1.0083449235048678,0.8344923504867858,86.0,0.315,0.010000000000000009,3.174603174603177,18826,39957959.088,6973150.4,101095.62,613915.86,0.0,0.0,0.0
TLT,2026-03-31,87.0,PUT,5,-1,2026-03-26T11:44:10.234,60,0.98,114,0.99,-0.6755,-0.0444,3.6958,-59.498,0.248,1.2033,-6.7642,0.1411,2026-03-26T11:44:10.481,2026-03-26T11:37:51.009,0.94,0.97,0.81,0.97,180.0,47.0,2026-03-26T11:37:51.009,0.97,222,2026-03-26 11:43:45 EDT,86.28,1.0083449235048678,0.8344923504867858,86.0,0.985,0.010000000000000009,1.0152284263959401,11890,-25441556.16,-4394306.2,52791.600000000006,-803169.5,0.0,0.0,0.0
TLT,2026-03-31,88.0,CALL,5,1,2026-03-26T11:44:09.988,682,0.09,848,0.1,0.1264,-0.0299,2.1324,121.238,0.144,1.7177,-8.9374,0.1401,2026-03-26T11:44:10.481,2026-03-26T11:42:19.501,0.1,0.12,0.09,0.09,141.0,30.0,2026-03-26T11:42:19.501,0.09,222,2026-03-26 11:43:45 EDT,86.28,1.0199350950394066,1.9935095039406567,86.0,0.095,0.010000000000000009,10.526315789473694,6175,7672017.6,1316757.0,18463.25,78052.00000000001,0.0,0.0,0.0
TLT,2026-03-31,88.0,PUT,5,-1,2026-03-26T11:44:09.982,97,1.75,56,1.79,-0.8693,-0.0223,2.1809,-42.383,0.1448,1.6976,-8.9865,0.1425,2026-03-26T11:44:10.481,2026-03-26T11:06:45.903,1.54,1.66,1.54,1.6,109.0,25.0,2026-03-26T11:06:45.903,1.6,222,2026-03-26 11:43:45 EDT,86.28,1.0199350950394066,1.9935095039406567,86.0,1.77,0.040000000000000036,2.25988700564972,4985,-6227931.984000001,-1087178.65,11116.550000000001,-433346.05,0.0049,0.005,-0.01
TLT,2026-03-31,89.0,PUT,5,-1,2026-03-26T11:44:04.766,485,2.7,22,2.74,-0.9374,-0.0119,1.2645,-29.7367,0.0721,1.1515,-6.9646,0.166,2026-03-26T11:44:10.481,2026-03-26T11:00:26.957,2.61,2.61,2.47,2.49,53.0,9.0,2026-03-26T11:00:26.957,2.49,222,2026-03-26 11:43:45 EDT,86.28,1.0315252665739454,3.1525266573945285,86.0,2.72,0.040000000000000036,1.4705882352941189,1970,-1225495.236,-249106.5,2344.3,-184667.80000000002,0.0078,0.01,0.0
VIXW,2026-04-01,21.0,PUT,6,-1,2026-03-26T11:43:43.131,514,0.06,1580,0.14,-0.0511,-0.0373,0.3693,-13.7184,0.0237,-0.123,4.5377,1.2546,2026-03-26T11:44:01,2026-03-26T11:33:08.743,0.17,0.17,0.1,0.1,37.0,10.0,2026-03-26T11:33:08.743,0.1,222,2026-03-26 11:43:45 EDT,27.04,0.7766272189349113,-22.337278106508872,27.0,0.1,0.08000000000000002,80.00000000000001,874,-56010.11519999999,-32276.820000000003,3260.02,-4466.14,0.0054,0.0,0.0
VIXW,2026-04-01,22.0,PUT,6,-1,2026-03-26T11:43:22.523,1,0.17,1472,0.23,-0.0903,-0.0584,0.5727,-12.2166,0.0365,-0.151,5.611,1.2656,2026-03-26T11:44:01,2026-03-26T11:36:30.594,0.2,0.31,0.2,0.21,487.0,42.0,2026-03-26T11:36:30.594,0.21,222,2026-03-26 11:43:45 EDT,27.04,0.8136094674556213,-18.63905325443787,27.0,0.2,0.06,30.0,3178,-313655.888,-182004.06,18559.52,-28697.340000000004,0.0028,0.0,0.0
VIXW,2026-04-01,23.0,CALL,6,1,2026-03-26T11:43:47.721,300,4.05,20,4.34,0.9156,-0.0439,0.5444,5.9087,0.0463,-0.204,5.6812,0.95,2026-03-26T11:44:01,2026-03-26T11:38:00.585,3.9,4.28,3.48,4.13,32.0,16.0,2026-03-26T11:38:00.585,4.13,222,2026-03-26 11:43:45 EDT,27.04,0.8505917159763314,-14.940828402366863,27.0,4.195,0.29000000000000004,6.912991656734207,3169,396743.5888,172520.36000000002,13911.91,290153.64,0.1266,0.085,-0.09
VIXW,2026-04-01,23.0,PUT,6,-1,2026-03-26T11:43:51.123,15,0.33,490,0.42,-0.1464,-0.0838,0.8072,-10.7105,0.0505,-0.1571,5.9415,1.2902,2026-03-26T11:44:01,2026-03-26T11:42:40.446,0.36,0.55,0.35,0.35,151.0,38.0,2026-03-26T11:42:40.446,0.35,222,2026-03-26 11:43:45 EDT,27.04,0.8505917159763314,-14.940828402366863,27.0,0.375,0.08999999999999997,23.99999999999999,2101,-286895.75200000004,-169592.72,17606.379999999997,-30758.640000000003,0.0027,0.0,0.0
VIXW,2026-04-01,24.0,CALL,6,1,2026-03-26T11:44:05.823,898,3.3,1,3.5,0.8319,-0.0755,0.8836,6.6161,0.0693,-0.2019,6.0753,1.0296,2026-03-26T11:44:01,2026-03-26T11:35:22.582,3.1,3.55,2.8,3.43,265.0,19.0,2026-03-26T11:35:22.582,3.43,222,2026-03-26 11:43:45 EDT,27.04,0.8875739644970414,-11.242603550295856,27.0,3.4,0.20000000000000018,5.882352941176476,811,151971.0192,71659.96,6123.05,67467.09,0.0046,0.02,-0.04
VIXW,2026-04-01,24.0,PUT,6,-1,2026-03-26T11:43:23.303,166,0.6,20,0.75,-0.2221,-0.1148,1.0475,-8.9663,0.0621,-0.1283,5.1068,1.3626,2026-03-26T11:44:01,2026-03-26T11:43:23.303,0.79,0.92,0.66,0.68,197.0,45.0,2026-03-26T11:43:23.303,0.68,222,2026-03-26 11:43:45 EDT,27.04,0.8875739644970414,-11.242603550295856,27.0,0.675,0.15000000000000002,22.222222222222225,960,-161201.66400000002,-100560.00000000001,11020.8,-21321.6,0.0041,0.0,0.0
VIXW,2026-04-01,25.0,CALL,6,1,2026-03-26T11:44:04.023,1148,2.71,1,2.95,0.7225,-0.1146,1.1789,6.9051,0.0804,-0.1235,4.2415,1.1835,2026-03-26T11:44:01,2026-03-26T11:43:58.117,2.83,2.91,2.3,2.82,470.0,72.0,2026-03-26T11:43:58.117,2.82,222,2026-03-26 11:43:45 EDT,27.04,0.9245562130177515,-7.544378698224849,27.0,2.83,0.2400000000000002,8.480565371024742,10083,2192060.3328,1188684.87,115551.18,728496.7500000001,0.0041,0.015,-0.03
VIXW,2026-04-01,25.0,PUT,6,-1,2026-03-26T11:42:26.564,7,1.0,20,1.18,-0.3035,-0.1429,1.2296,-7.5233,0.0687,-0.0788,3.299,1.446,2026-03-26T11:44:01,2026-03-26T11:33:08.743,1.6,1.6,1.05,1.06,205.0,46.0,2026-03-26T11:33:08.743,1.06,222,2026-03-26 11:43:45 EDT,27.04,0.9245562130177515,-7.544378698224849,27.0,1.0899999999999999,0.17999999999999994,16.513761467889903,735,-136537.128,-90375.59999999999,10503.15,-22307.25,0.0054,0.0,0.0
VIXW,2026-04-01,26.0,CALL,6,1,2026-03-26T11:44:05.023,390,2.22,34,2.4,0.6273,-0.1372,1.3312,7.3414,0.0853,-0.0483,1.716,1.2601,2026-03-26T11:44:01,2026-03-26T11:30:43.072,2.25,2.4,1.88,2.35,583.0,82.0,2026-03-26T11:30:43.072,2.35,222,2026-03-26 11:43:45 EDT,27.04,0.9615384615384616,-3.8461538461538427,27.0,2.31,0.17999999999999972,7.79220779220778,1892,436392.0703999999,251863.04,25958.24,118685.16,-0.0082,0.0,0.0
VIXW,2026-04-01,26.0,PUT,6,-1,2026-03-26T11:44:05.239,1,1.5,1,1.6,-0.3809,-0.1595,1.3404,-6.642,0.0731,-0.0283,1.1695,1.4816,2026-03-26T11:44:01,2026-03-26T11:28:49.398,1.65,2.03,1.51,1.65,170.0,32.0,2026-03-26T11:28:49.398,1.65,222,2026-03-26 11:43:45 EDT,27.04,0.9615384615384616,-3.8461538461538427,27.0,1.55,0.10000000000000009,6.451612903225811,512,-101203.1488,-68628.48,8166.400000000001,-19502.08,-0.0383,-0.06,-0.12
VIXW,2026-04-01,27.0,CALL,6,1,2026-03-26T11:43:16.07,5,1.95,2,2.0,0.5405,-0.158,1.3962,7.4166,0.0813,0.0224,-1.0018,1.3873,2026-03-26T11:44:01,2026-03-26T11:42:38.377,2.0,2.0,1.55,1.95,393.0,81.0,2026-03-26T11:42:38.377,1.95,222,2026-03-26 11:43:45 EDT,27.04,0.9985207100591716,-0.14792899408283708,27.0,1.975,0.050000000000000044,2.531645569620255,1856,408014.13119999995,259134.72000000003,29324.8,100316.8,-0.0068,0.0,0.0
VIXW,2026-04-01,27.0,PUT,6,-1,2026-03-26T11:43:49.221,1,2.09,540,2.3,-0.4548,-0.1774,1.3944,-5.6147,0.071,0.0232,-1.1586,1.5855,2026-03-26T11:44:01,2026-03-26T11:42:13.736,2.4,2.8,2.14,2.14,164.0,40.0,2026-03-26T11:42:13.736,2.14,222,2026-03-26 11:43:45 EDT,27.04,0.9985207100591716,-0.14792899408283708,27.0,2.195,0.20999999999999996,9.567198177676536,358,-68730.272,-49919.520000000004,6350.92,-16281.84,0.0068,0.0,0.0
VIXW,2026-04-01,28.0,CALL,6,1,2026-03-26T11:43:06.11,22,1.5,21,1.7,0.4635,-0.1626,1.3976,7.8353,0.079,0.0771,-3.3323,1.4283,2026-03-26T11:44:01,2026-03-26T11:41:36.939,1.73,2.84,1.19,1.56,552.0,154.0,2026-03-26T11:41:36.939,1.56,222,2026-03-26 11:43:45 EDT,27.04,1.0355029585798816,3.550295857988169,27.0,1.6,0.19999999999999996,12.499999999999996,12884,2752228.5439999998,1800667.84,209493.84,597173.4,-0.0068,0.0,0.0
VIXW,2026-04-01,28.0,PUT,6,-1,2026-03-26T11:44:03.652,20,2.64,20,2.98,-0.5228,-0.1819,1.4011,-5.0307,0.0699,0.0659,-3.222,1.6197,2026-03-26T11:44:01,2026-03-26T11:07:25.162,3.12,3.37,2.95,3.1,56.0,12.0,2026-03-26T11:07:25.162,3.1,222,2026-03-26 11:43:45 EDT,27.04,1.0355029585798816,3.550295857988169,27.0,2.81,0.33999999999999986,12.099644128113873,1802,-340595.2992,-252478.22,32778.38,-94208.56000000001,-0.0205,-0.04,0.0
VIXW,2026-04-01,29.0,CALL,6,1,2026-03-26T11:43:18.744,20,1.25,5,1.35,0.3946,-0.1619,1.3542,8.2064,0.0744,0.1201,-5.286,1.4693,2026-03-26T11:44:01,2026-03-26T11:36:33.459,1.6,1.6,1.04,1.34,125.0,26.0,2026-03-26T11:36:33.459,1.34,222,2026-03-26 11:43:45 EDT,27.04,1.0724852071005917,7.248520710059175,27.0,1.3,0.10000000000000009,7.692307692307699,1056,212443.54559999998,143003.52,17096.64,41669.76,-0.0055,0.0,0.0
VIXW,2026-04-01,29.0,PUT,6,-1,2026-03-26T11:43:47.83,20,3.39,20,3.73,-0.5802,-0.1874,1.3749,-4.4078,0.0652,0.0973,-4.9595,1.7017,2026-03-26T11:44:01,2026-03-26T10:59:19.013,3.8,4.01,3.7,3.7,21.0,4.0,2026-03-26T10:59:19.013,3.7,222,2026-03-26 11:43:45 EDT,27.04,1.0724852071005917,7.248520710059175,27.0,3.56,0.33999999999999986,9.550561797752804,115,-20274.591999999997,-15811.349999999999,2155.1000000000004,-6672.3,0.0014,-0.015,-0.03
VIXW,2026-04-01,30.0,CALL,6,1,2026-03-26T11:38:16.117,1,1.1,13,1.2,0.3446,-0.1663,1.2959,8.1082,0.0662,0.1412,-6.6469,1.5787,2026-03-26T11:44:01,2026-03-26T11:34:41.907,1.5,1.5,0.96,1.15,985.0,56.0,2026-03-26T11:34:41.907,1.15,222,2026-03-26 11:43:45 EDT,27.04,1.1094674556213018,10.94674556213018,27.0,1.15,0.09999999999999987,8.695652173913032,4318,772942.7263999999,559569.62,71808.34,148798.28,-0.0054,0.0,0.0
VIXW,2026-04-01,30.0,PUT,6,-1,2026-03-26T11:44:03.654,20,4.11,20,4.49,-0.6343,-0.184,1.323,-3.9894,0.0614,0.1232,-6.3892,1.7386,2026-03-26T11:44:01,2026-03-25T14:01:35.003,6.22,6.22,5.4,5.4,13.0,8.0,2026-03-25T14:01:35.003,5.4,222,2026-03-26 11:43:45 EDT,27.04,1.1094674556213018,10.94674556213018,27.0,4.300000000000001,0.3799999999999999,8.837209302325578,334,-55452.55039999999,-44188.2,6145.599999999999,-21185.62,-0.0287,-0.05,0.0
VIXW,2026-04-01,31.0,CALL,6,1,2026-03-26T11:41:58.502,20,0.84,20,1.01,0.2903,-0.156,1.2049,8.5296,0.061,0.1632,-7.7455,1.5937,2026-03-26T11:44:01,2026-03-26T11:39:14.579,1.0,1.13,0.78,0.97,190.0,26.0,2026-03-26T11:39:14.579,0.97,222,2026-03-26 11:43:45 EDT,27.04,1.1464497041420119,14.644970414201186,27.0,0.925,0.17000000000000004,18.378378378378383,5387,888553.328,649079.6300000001,84037.2,156384.61,-0.0041,0.0,0.0
VIXW,2026-04-01,31.0,PUT,6,-1,2026-03-26T11:44:05.223,300,4.9,372,5.32,-0.6791,-0.1807,1.2593,-3.5935,0.0566,0.1393,-7.449,1.796,2026-03-26T11:44:01,2026-03-26T11:38:55.047,5.4,5.4,5.18,5.18,16.0,4.0,2026-03-26T11:38:55.047,5.18,222,2026-03-26 11:43:45 EDT,27.04,1.1464497041420119,14.644970414201186,27.0,5.11,0.41999999999999993,8.219178082191778,21,-3213.974399999999,-2644.53,379.47,-1426.1100000000001,0.0109,0.0,-0.04
VIXW,2026-04-01,32.0,CALL,6,1,2026-03-26T11:41:47.692,20,0.71,3,0.84,0.2483,-0.1484,1.1141,8.7198,0.0548,0.1724,-8.406,1.6402,2026-03-26T11:44:01,2026-03-26T11:34:34.233,1.0,1.0,0.65,0.82,38.0,12.0,2026-03-26T11:34:34.233,0.82,222,2026-03-26 11:43:45 EDT,27.04,1.183431952662722,18.343195266272193,27.0,0.7749999999999999,0.13,16.7741935483871,1051,155736.3392,117091.91,15596.84,26096.33,-0.0041,0.0,0.0
VIXW,2026-04-01,32.0,PUT,6,-1,2026-03-26T11:44:05.023,468,5.75,384,6.18,-0.717,-0.1762,1.1901,-3.2534,0.0518,0.1486,-8.2027,1.8562,2026-03-26T11:44:01,2026-03-26T10:10:11.682,6.3,6.45,6.25,6.45,3.0,3.0,2026-03-26T10:10:11.682,6.45,222,2026-03-26 11:43:45 EDT,27.04,1.183431952662722,18.343195266272193,27.0,5.965,0.4299999999999997,7.208717518860013,18,-2521.2095999999997,-2142.18,317.15999999999997,-1290.6,0.0123,0.005,-0.05
VIXW,2026-04-01,33.0,CALL,6,1,2026-03-26T11:41:15.747,20,0.59,2,0.67,0.2099,-0.1372,1.0137,9.0019,0.0491,0.1768,-8.7591,1.6675,2026-03-26T11:44:01,2026-03-26T11:35:10.509,0.68,0.79,0.55,0.65,214.0,89.0,2026-03-26T11:35:10.509,0.65,222,2026-03-26 11:43:45 EDT,27.04,1.220414201183432,22.0414201183432,27.0,0.63,0.08000000000000007,12.698412698412708,631,83775.59839999999,63964.47000000001,8657.319999999998,13244.69,-0.0028,0.0,0.0
VIXW,2026-04-01,33.0,PUT,6,-1,2026-03-26T11:44:05.623,468,6.65,880,7.05,-0.7473,-0.1727,1.1241,-2.9503,0.0471,0.1519,-8.7031,1.9282,2026-03-26T11:44:01,2026-03-26T09:40:09.074,6.93,6.93,6.93,6.93,1.0,1.0,2026-03-26T09:40:09.074,6.93,222,2026-03-26 11:43:45 EDT,27.04,1.220414201183432,22.0414201183432,27.0,6.85,0.39999999999999947,5.8394160583941535,10,-1273.584,-1124.1000000000001,172.7,-747.3,0.031,0.02,-0.1
VIXW,2026-04-01,34.0,CALL,6,1,2026-03-26T11:43:48.024,400,0.51,24,0.6,0.1835,-0.1312,0.9343,9.0112,0.0436,0.173,-8.8866,1.7304,2026-03-26T11:44:01,2026-03-26T10:59:12.859,0.47,1.02,0.47,0.57,165.0,5.0,2026-03-26T10:59:12.859,0.57,222,2026-03-26 11:43:45 EDT,27.04,1.257396449704142,25.739644970414204,27.0,0.5549999999999999,0.08999999999999997,16.21621621621621,6521,768789.3824000001,609257.03,85555.52000000002,119660.34999999999,-0.0028,0.005,-0.01
VIXW,2026-04-01,34.0,PUT,6,-1,2026-03-26T11:43:53.289,300,7.55,300,7.95,-0.774,-0.1675,1.0575,-2.7006,0.0429,0.1526,-9.0235,1.9912,2026-03-26T11:44:01,2026-03-26T09:35:58.028,8.4,8.4,7.9,7.9,42.0,4.0,2026-03-26T09:35:58.028,7.9,222,2026-03-26 11:43:45 EDT,27.04,1.257396449704142,25.739644970414204,27.0,7.75,0.40000000000000036,5.16129032258065,0,-0.0,-0.0,0.0,-0.0,0.0147,0.0,-0.12
VIXW,2026-04-01,35.0,CALL,6,1,2026-03-26T11:43:51.664,416,0.43,25,0.5,0.1564,-0.1205,0.8432,9.2139,0.0387,0.1686,-8.8074,1.7605,2026-03-26T11:44:01,2026-03-26T11:35:12.848,1.07,1.07,0.47,0.48,82.0,21.0,2026-03-26T11:35:12.848,0.48,222,2026-03-26 11:43:45 EDT,27.04,1.2943786982248522,29.43786982248521,27.0,0.46499999999999997,0.07,15.053763440860218,5407,565814.4336,455918.24,65154.35,84565.48,-0.0055,0.005,-0.01
VIXW,2026-04-01,35.0,PUT,6,-1,2026-03-26T11:43:53.289,300,8.45,300,8.85,-0.7994,-0.1594,0.9863,-2.4993,0.0391,0.1521,-9.1877,2.0351,2026-03-26T11:44:01,2026-03-25T09:35:47.359,10.7,10.7,10.7,10.7,3.0,3.0,2026-03-25T09:35:47.359,10.7,222,2026-03-26 11:43:45 EDT,27.04,1.2943786982248522,29.43786982248521,27.0,8.649999999999999,0.40000000000000036,4.624277456647404,4,-422.9056,-394.52,63.75999999999999,-319.76,0.0059,-0.015,-0.13
VIXW,2026-04-01,36.0,CALL,6,1,2026-03-26T11:42:09.667,412,0.36,26,0.42,0.1347,-0.1112,0.7629,9.3428,0.0342,0.1614,-8.6035,1.7974,2026-03-26T11:44:01,2026-03-26T11:17:11.413,0.5,0.5,0.38,0.41,28.0,4.0,2026-03-26T11:17:11.413,0.41,222,2026-03-26 11:43:45 EDT,27.04,1.3313609467455623,33.13609467455622,27.0,0.39,0.06,15.384615384615383,394,36435.8592,30058.260000000002,4381.28,5307.179999999999,-0.0041,0.0,0.0
VIXW,2026-04-01,36.0,PUT,6,-1,2026-03-26T11:44:05.623,300,9.4,718,9.8,-0.8157,-0.1573,0.9367,-2.2973,0.0357,0.1477,-9.2752,2.1171,2026-03-26T11:44:01,2026-03-20T15:10:11.132,12.5,12.5,10.92,10.92,8.0,3.0,2026-03-20T15:10:11.132,10.92,222,2026-03-26 11:43:45 EDT,27.04,1.3313609467455623,33.13609467455622,27.0,9.600000000000001,0.40000000000000036,4.16666666666667,10,-965.3280000000001,-936.6999999999999,157.29999999999998,-815.7,0.0293,0.01,-0.14
VIXW,2026-04-01,37.0,CALL,6,1,2026-03-26T11:42:14.237,420,0.31,26,0.37,0.1178,-0.1039,0.6949,9.3912,0.0304,0.1528,-8.3462,1.8425,2026-03-26T11:44:01,2026-03-26T11:18:38.073,0.41,0.41,0.35,0.35,44.0,5.0,2026-03-26T11:18:38.073,0.35,222,2026-03-26 11:43:45 EDT,27.04,1.3683431952662721,36.834319526627226,27.0,0.33999999999999997,0.06,17.647058823529413,372,30578.995199999998,25850.28,3865.0800000000004,4382.160000000001,-0.0055,0.0,0.0
VIXW,2026-04-01,37.0,PUT,6,-1,2026-03-26T11:43:53.289,200,10.35,200,10.75,-0.8308,-0.1538,0.8873,-2.1292,0.0327,0.1432,-9.2879,2.1875,2026-03-26T11:44:01,2026-03-26T11:42:31.289,10.5,10.5,10.5,10.5,1.0,1.0,2026-03-26T11:42:31.289,10.5,222,2026-03-26 11:43:45 EDT,27.04,1.3683431952662721,36.834319526627226,27.0,10.55,0.40000000000000036,3.7914691943127994,5,-442.104,-443.65,76.89999999999999,-415.4,0.044,0.015,-0.15
VIXW,2026-04-01,38.0,CALL,6,1,2026-03-26T11:44:04.71,1602,0.26,10,0.33,0.102,-0.0953,0.6264,9.5068,0.0269,0.1437,-7.9917,1.8753,2026-03-26T11:44:01,2026-03-26T11:05:18.346,0.35,0.4,0.25,0.33,231.0,10.0,2026-03-26T11:05:18.346,0.33,222,2026-03-26 11:43:45 EDT,27.04,1.4053254437869822,40.53254437869823,27.0,0.29500000000000004,0.07,23.72881355932203,1363,99141.3488,85378.31999999999,12989.39,13902.599999999999,-0.0028,0.0,0.0
VIXW,2026-04-01,38.0,PUT,6,-1,2026-03-26T11:43:53.289,200,11.3,200,11.7,-0.8452,-0.1488,0.8373,-1.9874,0.0301,0.1386,-9.2306,2.246,2026-03-26T11:44:01,2026-03-25T10:23:03.696,12.99,13.38,12.99,13.38,2.0,2.0,2026-03-25T10:23:03.696,13.38,222,2026-03-26 11:43:45 EDT,27.04,1.4053254437869822,40.53254437869823,27.0,11.5,0.3999999999999986,3.478260869565205,5,-406.952,-418.65000000000003,74.4,-422.6,0.0322,0.01,-0.16
VIXW,2026-04-01,39.0,CALL,6,1,2026-03-26T11:42:09.667,450,0.23,9,0.29,0.0912,-0.0902,0.5771,9.4695,0.0242,0.1348,-7.698,1.9267,2026-03-26T11:44:01,2026-03-26T11:24:07.405,0.32,0.32,0.21,0.29,450.0,16.0,2026-03-26T11:24:07.405,0.29,222,2026-03-26 11:43:45 EDT,27.04,1.4423076923076923,44.23076923076923,27.0,0.26,0.05999999999999997,23.076923076923066,1355,88666.86399999999,78197.04999999999,12222.1,12357.6,-0.0029,0.0,0.0
VIXW,2026-04-01,39.0,PUT,6,-1,2026-03-26T11:43:53.289,200,12.25,200,12.65,-0.8587,-0.1428,0.7877,-1.8651,0.0277,0.1339,-9.1122,2.2958,2026-03-26T11:44:01,2026-03-24T09:41:59.902,13.3,13.3,13.0,13.0,2.0,2.0,2026-03-24T09:41:59.902,13.0,222,2026-03-26 11:43:45 EDT,27.04,1.4423076923076923,44.23076923076923,27.0,12.45,0.40000000000000036,3.212851405622493,1,-74.90079999999999,-78.77,14.280000000000001,-85.87,0.0205,0.0,-0.16
VIXW,2026-04-01,40.0,CALL,6,1,2026-03-26T11:43:30.154,45,0.25,38,0.29,0.0902,-0.0947,0.5722,9.0087,0.0226,0.1279,-7.7345,2.041,2026-03-26T11:44:01,2026-03-26T11:43:30.154,0.51,0.51,0.2,0.26,425.0,47.0,2026-03-26T11:43:30.154,0.26,222,2026-03-26 11:43:45 EDT,27.04,1.4792899408284024,47.92899408284024,27.0,0.27,0.03999999999999998,14.814814814814806,9380,573215.552,536723.6000000001,88828.6,84607.6,-0.0029,0.0,0.0
VIXW,2026-04-01,40.0,PUT,6,-1,2026-03-26T11:43:53.289,200,13.2,200,13.6,-0.8715,-0.1358,0.7379,-1.7586,0.0255,0.129,-8.9352,2.3369,2026-03-26T11:44:01,2026-03-26T11:24:18.05,13.8,14.21,13.71,13.72,16.0,8.0,2026-03-26T11:24:18.05,13.72,222,2026-03-26 11:43:45 EDT,27.04,1.4792899408284024,47.92899408284024,27.0,13.399999999999999,0.40000000000000036,2.985074626865675,46,-3171.7919999999995,-3394.3399999999997,624.6800000000001,-4008.9000000000005,-0.0029,-0.02,-0.16
VIXW,2026-04-01,42.5,CALL,6,1,2026-03-26T11:43:26.323,1587,0.15,1590,0.24,0.0653,-0.0764,0.4477,9.2516,0.0171,0.1079,-6.7301,2.1054,2026-03-26T11:44:01,2026-03-26T11:22:59.797,0.26,0.27,0.16,0.2,319.0,7.0,2026-03-26T11:22:59.797,0.2,222,2026-03-26 11:43:45 EDT,27.04,1.5717455621301775,57.17455621301776,27.0,0.195,0.09,46.15384615384615,2728,126138.3552,122132.55999999998,20841.92,17813.84,0.0,0.0,0.0
VIXW,2026-04-01,42.5,PUT,6,-1,2026-03-26T11:43:53.289,200,15.65,200,16.05,-0.889,-0.131,0.6655,-1.5168,0.0214,0.1168,-8.6707,2.5068,2026-03-26T11:44:01,2026-03-25T14:58:15.458,17.2,17.2,17.2,17.2,2.0,1.0,2026-03-25T14:58:15.458,17.2,222,2026-03-26 11:43:45 EDT,27.04,1.5717455621301775,57.17455621301776,27.0,15.850000000000001,0.40000000000000036,2.523659305993693,3,-173.59679999999997,-199.65,39.300000000000004,-266.7,0.0264,-0.005,-0.17
VIXW,2026-04-01,45.0,CALL,6,1,2026-03-26T11:42:10.723,2,0.15,1586,0.19,0.0559,-0.0724,0.3966,8.9202,0.0142,0.0942,-6.2837,2.2519,2026-03-26T11:44:01,2026-03-26T11:17:10.535,0.19,0.19,0.15,0.18,14.0,5.0,2026-03-26T11:17:10.535,0.18,222,2026-03-26 11:43:45 EDT,27.04,1.6642011834319528,66.42011834319527,27.0,0.16999999999999998,0.04000000000000001,23.52941176470589,3066,117724.58880000001,121597.56,22197.840000000004,17138.94,-0.0059,0.0,0.0
VIXW,2026-04-01,45.0,PUT,6,-1,2026-03-26T11:43:53.289,200,18.1,200,18.5,-0.9037,-0.1245,0.6005,-1.3352,0.0183,0.1061,-8.3275,2.6503,2026-03-26T11:44:01,2026-03-25T14:47:04.434,19.65,19.9,19.65,19.9,6.0,2.0,2026-03-25T14:47:04.434,19.9,222,2026-03-26 11:43:45 EDT,27.04,1.6642011834319528,66.42011834319527,27.0,18.3,0.3999999999999986,2.185792349726768,4,-197.9328,-240.20000000000002,49.8,-361.47999999999996,0.0146,-0.01,-0.18
VIXW,2026-04-01,47.5,PUT,6,-1,2026-03-26T11:43:53.289,62,20.6,62,20.95,-0.9138,-0.1206,0.553,-1.1897,0.0159,0.0971,-8.0432,2.7968,2026-03-26T11:44:01,2026-03-25T14:47:04.434,22.57,22.57,22.35,22.35,7.0,2.0,2026-03-25T14:47:04.434,22.35,222,2026-03-26 11:43:45 EDT,27.04,1.7566568047337279,75.66568047337279,27.0,20.775,0.34999999999999787,1.684717208182902,5,-214.96800000000002,-276.5,60.3,-456.9,-0.003,-0.015,-0.23
VIXW,2026-04-01,50.0,PUT,6,-1,2026-03-26T11:43:59.322,62,23.1,62,23.4,-0.921,-0.1185,0.5177,-1.0712,0.0142,0.0897,-7.8189,2.9433,2026-03-26T11:44:01,2026-03-26T10:44:40.904,23.67,23.67,23.67,23.67,2.0,1.0,2026-03-26T10:44:40.904,23.67,222,2026-03-26 11:43:45 EDT,27.04,1.849112426035503,84.91124260355029,27.0,23.25,0.29999999999999716,1.290322580645149,20,-767.936,-1035.4,237.0,-1842.0000000000002,-0.0059,-0.02,-0.28
VIXW,2026-04-01,55.0,PUT,6,-1,2026-03-26T11:43:53.289,62,28.05,62,28.35,-0.9348,-0.1094,0.4469,-0.8963,0.0113,0.0771,-7.2376,3.1718,2026-03-26T11:44:01,2026-03-26T10:44:40.904,28.62,28.62,28.62,28.62,2.0,1.0,2026-03-26T10:44:40.904,28.62,222,2026-03-26 11:43:45 EDT,27.04,2.0340236686390534,103.40236686390534,27.0,28.200000000000003,0.3000000000000007,1.063829787234045,1,-30.5552,-44.690000000000005,10.94,-93.47999999999999,-0.0264,-0.035,-0.29
VIXW,2026-04-01,60.0,PUT,6,-1,2026-03-26T11:43:53.589,62,33.05,62,33.35,-0.9383,-0.1141,0.4278,-0.7642,0.0099,0.0699,-7.167,3.4648,2026-03-26T11:44:01,2026-03-24T15:54:04.621,34.6,34.6,33.77,33.77,18.0,2.0,2026-03-24T15:54:04.621,33.77,222,2026-03-26 11:43:45 EDT,27.04,2.2189349112426036,121.89349112426035,27.0,33.2,0.30000000000000426,0.9036144578313381,9,-240.92640000000003,-385.02,102.69,-844.4700000000001,0.041,-0.005,-0.29
VIXW,2026-04-01,65.0,PUT,6,-1,2026-03-26T11:43:53.289,62,38.0,62,38.3,-0.9488,-0.1014,0.3695,-0.6724,0.0082,0.0612,-6.5336,3.606,2026-03-26T11:44:01,,,,,,,,,,222,2026-03-26 11:43:45 EDT,27.04,2.4038461538461537,140.3846153846154,27.0,38.15,0.29999999999999716,0.7863695937090359,1,-22.172800000000002,-36.95,10.14,-94.88,-0.0545,-0.045,-0.29
VIXW,2026-04-08,20.0,PUT,13,-1,2026-03-26T11:42:28.123,3,0.17,460,0.21,-0.0671,-0.0293,0.6637,-9.5551,0.022,-0.1438,2.3136,1.1562,2026-03-26T11:44:01,2026-03-26T10:53:31.223,0.2,0.25,0.19,0.2,263.0,14.0,2026-03-26T10:53:31.223,0.2,222,2026-03-26 11:43:45 EDT,27.04,0.7396449704142012,-26.035502958579883,27.0,0.19,0.03999999999999998,21.05263157894736,1622,-96489.536,-107652.13999999998,4752.46,-10883.62,0.0027,0.0,0.0
VIXW,2026-04-08,21.0,PUT,13,-1,2026-03-26T11:42:16.965,11,0.35,472,0.38,-0.1096,-0.0441,0.9573,-8.2225,0.0304,-0.1553,2.6047,1.2082,2026-03-26T11:44:01,2026-03-26T10:43:50.529,0.4,0.41,0.34,0.34,55.0,5.0,2026-03-26T10:43:50.529,0.34,222,2026-03-26 11:43:45 EDT,27.04,0.7766272189349113,-22.337278106508872,27.0,0.365,0.030000000000000027,8.219178082191789,251,-20632.601599999998,-24028.230000000003,1106.91,-2750.96,0.0028,0.0,0.0
VIXW,2026-04-08,22.0,PUT,13,-1,2026-03-26T11:42:26.523,10,0.57,396,0.65,-0.1606,-0.0598,1.245,-7.132,0.0379,-0.1459,2.5447,1.2601,2026-03-26T11:44:01,2026-03-26T10:56:18.218,0.67,0.76,0.59,0.59,215.0,41.0,2026-03-26T10:56:18.218,0.59,222,2026-03-26 11:43:45 EDT,27.04,0.8136094674556213,-18.63905325443787,27.0,0.61,0.08000000000000007,13.114754098360667,459,-47039.0544,-57145.50000000001,2744.82,-7371.54,0.0014,0.0,0.0
VIXW,2026-04-08,23.0,CALL,13,1,2026-03-26T11:43:33.301,20,4.06,20,4.43,0.9037,-0.0254,0.8706,5.7636,0.0478,-0.2861,2.7589,0.6984,2026-03-26T11:44:01,2026-03-26T10:54:22.57,3.92,4.15,3.75,4.13,5.0,4.0,2026-03-26T10:54:22.57,4.13,222,2026-03-26 11:43:45 EDT,27.04,0.8505917159763314,-14.940828402366863,27.0,4.244999999999999,0.3700000000000001,8.716136631330981,106,13700.627200000003,9228.36,269.23999999999995,9579.22,-0.0195,0.005,-0.01
VIXW,2026-04-08,23.0,PUT,13,-1,2026-03-26T11:44:04.709,20,0.86,1520,1.04,-0.2175,-0.0754,1.5014,-6.1985,0.0437,-0.1187,2.153,1.3175,2026-03-26T11:44:01,2026-03-26T11:22:14.537,1.01,1.09,1.01,1.09,5.0,2.0,2026-03-26T11:22:14.537,1.09,222,2026-03-26 11:43:45 EDT,27.04,0.8505917159763314,-14.940828402366863,27.0,0.95,0.18000000000000005,18.947368421052637,553,-65345.134399999995,-83027.42000000001,4169.62,-12027.75,0.0027,0.0,0.0
VIXW,2026-04-08,24.0,CALL,13,1,2026-03-26T11:44:03.657,20,3.51,20,3.89,0.7836,-0.0543,1.4964,5.7276,0.0628,-0.1961,2.4574,0.9148,2026-03-26T11:44:01,2026-03-26T10:55:15.036,3.55,3.65,3.35,3.65,7.0,6.0,2026-03-26T10:55:15.036,3.65,222,2026-03-26 11:43:45 EDT,27.04,0.8875739644970414,-11.242603550295856,27.0,3.7,0.38000000000000034,10.270270270270279,286,48566.00319999999,42797.04,1552.98,22410.96,0.0094,0.025,0.05
VIXW,2026-04-08,24.0,PUT,13,-1,2026-03-26T11:42:26.557,1,1.4,20,1.51,-0.2795,-0.0927,1.7165,-5.2154,0.0464,-0.075,1.4483,1.4187,2026-03-26T11:44:01,2026-03-26T10:56:18.218,1.5,1.73,1.43,1.43,125.0,38.0,2026-03-26T10:56:18.218,1.43,222,2026-03-26 11:43:45 EDT,27.04,0.8875739644970414,-11.242603550295856,27.0,1.455,0.1100000000000001,7.56013745704468,259,-32495.590399999997,-44457.35,2400.93,-7239.05,0.0027,0.0,0.0
VIXW,2026-04-08,25.0,CALL,13,1,2026-03-26T11:43:49.345,16,3.06,2,3.25,0.6981,-0.0695,1.7792,5.9918,0.0687,-0.1163,1.5553,0.9933,2026-03-26T11:44:01,2026-03-26T11:36:59.279,3.25,3.25,2.72,3.1,265.0,56.0,2026-03-26T11:36:59.279,3.1,222,2026-03-26 11:43:45 EDT,27.04,0.9245562130177515,-7.544378698224849,27.0,3.1550000000000002,0.18999999999999995,6.022187004754357,1156,214744.10879999996,205675.52000000002,8034.200000000002,80700.36,0.0035,0.025,-0.05
VIXW,2026-04-08,25.0,PUT,13,-1,2026-03-26T11:44:04.709,1302,1.83,20,2.06,-0.3348,-0.1036,1.8587,-4.6654,0.0487,-0.0373,0.7195,1.4652,2026-03-26T11:44:01,2026-03-26T11:30:57.701,2.1,2.31,1.98,2.0,136.0,17.0,2026-03-26T11:30:57.701,2.0,222,2026-03-26 11:43:45 EDT,27.04,0.9245562130177515,-7.544378698224849,27.0,1.945,0.22999999999999998,11.825192802056554,521,-68607.78080000001,-96838.27,5397.56,-17443.08,0.0041,0.0,0.0
VIXW,2026-04-08,26.0,CALL,13,1,2026-03-26T11:42:10.323,20,2.66,20,2.97,0.6168,-0.0853,1.9478,5.9369,0.0667,-0.0292,0.3941,1.1207,2026-03-26T11:44:01,2026-03-26T11:38:49.725,2.53,2.83,2.28,2.74,130.0,21.0,2026-03-26T11:38:49.725,2.74,222,2026-03-26 11:43:45 EDT,27.04,0.9615384615384616,-3.8461538461538427,27.0,2.8150000000000004,0.31000000000000005,11.012433392539965,679,122462.2672,132255.62,5791.87,41880.72,-0.0068,0.0,0.0
VIXW,2026-04-08,26.0,PUT,13,-1,2026-03-26T11:43:49.221,384,2.41,1040,2.67,-0.3879,-0.1139,1.9549,-4.1304,0.0489,0.0011,-0.0722,1.5322,2026-03-26T11:44:01,2026-03-26T11:28:19.369,2.65,2.67,2.65,2.65,8.0,3.0,2026-03-26T11:28:19.369,2.65,222,2026-03-26 11:43:45 EDT,27.04,0.9615384615384616,-3.8461538461538427,27.0,2.54,0.2599999999999998,10.236220472440936,254,-33585.3024,-49654.46,2893.0600000000004,-9852.66,0.0041,0.0,0.0
VIXW,2026-04-08,27.0,CALL,13,1,2026-03-26T11:43:29.3,36,2.35,2,2.5,0.549,-0.0924,2.0204,6.136,0.066,0.0331,-0.6111,1.174,2026-03-26T11:44:01,2026-03-26T10:49:51.333,2.3,2.6,2.04,2.34,84.0,14.0,2026-03-26T10:49:51.333,2.34,222,2026-03-26 11:43:45 EDT,27.04,0.9985207100591716,-0.14792899408283708,27.0,2.425,0.1499999999999999,6.185567010309275,349,62283.93600000001,70511.95999999999,3224.7599999999998,19160.100000000002,-0.0054,0.0,0.0
VIXW,2026-04-08,27.0,PUT,13,-1,2026-03-26T11:43:08.09,396,3.06,20,3.34,-0.4364,-0.122,2.0099,-3.6875,0.0482,0.0348,-0.8306,1.5985,2026-03-26T11:44:01,2026-03-26T11:37:35.642,3.4,3.6,3.25,3.25,5.0,4.0,2026-03-26T11:37:35.642,3.25,222,2026-03-26 11:43:45 EDT,27.04,0.9985207100591716,-0.14792899408283708,27.0,3.2,0.2799999999999998,8.749999999999995,128,-16682.5984,-25726.72,1561.6,-5585.92,0.0048,0.0,0.0
VIXW,2026-04-08,28.0,CALL,13,1,2026-03-26T11:44:05.223,374,2.08,20,2.3,0.4919,-0.1006,2.0354,6.0763,0.0614,0.0815,-1.5162,1.271,2026-03-26T11:44:01,2026-03-26T10:44:28.352,2.23,2.23,1.89,2.1,37.0,13.0,2026-03-26T10:44:28.352,2.1,222,2026-03-26 11:43:45 EDT,27.04,1.0355029585798816,3.550295857988169,27.0,2.19,0.21999999999999975,10.04566210045661,238,39514.092800000006,48442.520000000004,2394.2799999999997,11707.22,0.0,0.005,-0.01
VIXW,2026-04-08,28.0,PUT,13,-1,2026-03-26T11:43:57.348,1,3.8,20,4.04,-0.4798,-0.1287,2.0332,-3.3097,0.0468,0.063,-1.5232,1.6675,2026-03-26T11:44:01,2026-03-26T11:31:47.381,4.1,4.5,3.9,3.9,28.0,7.0,2026-03-26T11:31:47.381,3.9,222,2026-03-26 11:43:45 EDT,27.04,1.0355029585798816,3.550295857988169,27.0,3.92,0.2400000000000002,6.122448979591842,29,-3669.8687999999997,-5896.28,373.23,-1391.42,-0.0055,-0.025,-0.05
VIXW,2026-04-08,29.0,CALL,13,1,2026-03-26T11:44:05.423,512,1.83,20,2.04,0.4406,-0.1036,2.0132,6.1722,0.0583,0.1189,-2.2705,1.3257,2026-03-26T11:44:01,2026-03-26T11:33:43.94,2.08,2.69,1.75,1.82,237.0,10.0,2026-03-26T11:33:43.94,1.82,222,2026-03-26 11:43:45 EDT,27.04,1.0724852071005917,7.248520710059175,27.0,1.935,0.20999999999999996,10.852713178294572,286,45085.955200000004,57577.51999999999,2962.96,12601.16,-0.0041,0.0,0.0
VIXW,2026-04-08,29.0,PUT,13,-1,2026-03-26T11:44:05.023,392,4.49,20,4.84,-0.5192,-0.1329,2.0334,-3.0131,0.0452,0.0863,-2.1354,1.7243,2026-03-26T11:44:01,2026-03-25T11:07:02.508,6.14,6.14,5.51,5.51,3.0,2.0,2026-03-25T11:07:02.508,5.51,222,2026-03-26 11:43:45 EDT,27.04,1.0724852071005917,7.248520710059175,27.0,4.665,0.34999999999999964,7.502679528402993,24,-2933.2992,-4880.159999999999,318.96,-1246.08,0.0007,-0.01,0.02
VIXW,2026-04-08,30.0,CALL,13,1,2026-03-26T11:41:45.914,20,1.63,1,1.8,0.3954,-0.1049,1.9655,6.2545,0.0548,0.1468,-2.8917,1.3763,2026-03-26T11:44:01,2026-03-26T11:40:39.924,1.7,1.88,1.44,1.78,236.0,26.0,2026-03-26T11:40:39.924,1.78,222,2026-03-26 11:43:45 EDT,27.04,1.1094674556213018,10.94674556213018,27.0,1.7149999999999999,0.17000000000000015,9.912536443148698,1181,174999.6352,232125.55000000002,12388.69,46696.73999999999,-0.0041,0.0,0.0
VIXW,2026-04-08,30.0,PUT,13,-1,2026-03-26T11:42:47.21,20,5.28,20,5.64,-0.5533,-0.137,2.0175,-2.7403,0.0432,0.1042,-2.6646,1.7919,2026-03-26T11:44:01,2026-03-26T09:43:39.354,5.79,5.79,5.79,5.79,1.0,1.0,2026-03-26T09:43:39.354,5.79,222,2026-03-26 11:43:45 EDT,27.04,1.1094674556213018,10.94674556213018,27.0,5.46,0.35999999999999943,6.593406593406582,46,-5373.3888,-9280.5,630.2,-2545.1800000000003,0.0054,0.0,0.0
VIXW,2026-04-08,31.0,CALL,13,1,2026-03-26T11:42:08.514,20,1.47,20,1.65,0.3592,-0.1067,1.9077,6.226,0.0507,0.1638,-3.372,1.444,2026-03-26T11:44:01,2026-03-26T10:32:13.057,1.6,1.6,1.09,1.36,102.0,9.0,2026-03-26T10:32:13.057,1.36,222,2026-03-26 11:43:45 EDT,27.04,1.1464497041420119,14.644970414201186,27.0,1.56,0.17999999999999994,11.538461538461533,170,23305.775999999998,32430.899999999998,1813.8999999999999,6106.4,-0.0034,0.0,0.0
VIXW,2026-04-08,31.0,PUT,13,-1,2026-03-26T11:44:04.923,368,6.06,1342,6.45,-0.5857,-0.1384,1.9885,-2.534,0.0415,0.1194,-3.1243,1.8384,2026-03-26T11:44:01,2026-03-24T10:33:05.37,7.35,7.35,7.35,7.35,3.0,1.0,2026-03-24T10:33:05.37,7.35,222,2026-03-26 11:43:45 EDT,27.04,1.1464497041420119,14.644970414201186,27.0,6.255,0.39000000000000057,6.235011990407683,6,-673.2959999999999,-1193.1,83.04,-351.41999999999996,-0.0041,-0.02,-0.02
VIXW,2026-04-08,32.0,CALL,13,1,2026-03-26T11:42:09.523,20,1.33,20,1.5,0.3259,-0.1064,1.8388,6.253,0.0472,0.1767,-3.756,1.4953,2026-03-26T11:44:01,2026-03-26T10:54:45.427,1.28,1.42,1.28,1.42,36.0,3.0,2026-03-26T10:54:45.427,1.42,222,2026-03-26 11:43:45 EDT,27.04,1.183431952662722,18.343195266272193,27.0,1.415,0.16999999999999993,12.01413427561837,276,35225.548800000004,50750.88,2936.64,8994.84,-0.0041,0.0,0.0
VIXW,2026-04-08,32.0,PUT,13,-1,2026-03-26T11:44:05.023,1575,6.9,364,7.31,-0.6128,-0.1404,1.9538,-2.3341,0.0394,0.13,-3.5074,1.9003,2026-03-26T11:44:01,2026-03-26T10:10:24.122,7.45,7.45,7.45,7.45,1.0,1.0,2026-03-26T10:10:24.122,7.45,222,2026-03-26 11:43:45 EDT,27.04,1.183431952662722,18.343195266272193,27.0,7.105,0.40999999999999925,5.770584095707237,167,-17791.7792,-32628.460000000003,2344.68,-10233.76,0.001,-0.01,-0.02
VIXW,2026-04-08,33.0,CALL,13,1,2026-03-26T11:43:47.719,1476,1.19,20,1.35,0.2958,-0.1049,1.7629,6.2993,0.044,0.1856,-4.0531,1.5383,2026-03-26T11:44:01,2026-03-26T11:37:47.541,1.32,1.33,1.08,1.24,337.0,8.0,2026-03-26T11:37:47.541,1.24,222,2026-03-26 11:43:45 EDT,27.04,1.220414201183432,22.0414201183432,27.0,1.27,0.16000000000000014,12.598425196850405,247,29387.071999999996,43543.63,2591.0299999999997,7306.26,-0.0034,0.0,0.0
VIXW,2026-04-08,33.0,PUT,13,-1,2026-03-26T11:43:49.223,1588,7.75,384,8.19,-0.6365,-0.142,1.9153,-2.1597,0.0374,0.1376,-3.8284,1.9619,2026-03-26T11:44:01,2026-03-19T09:30:04.632,9.11,9.11,9.11,9.11,5.0,1.0,2026-03-19T09:30:04.632,9.11,222,2026-03-26 11:43:45 EDT,27.04,1.220414201183432,22.0414201183432,27.0,7.97,0.4399999999999995,5.520702634880797,1,-101.1296,-191.53,14.2,-63.65,0.0066,-0.005,-0.01
VIXW,2026-04-08,34.0,CALL,13,1,2026-03-26T11:43:47.719,1504,1.08,20,1.23,0.2693,-0.103,1.6854,6.335,0.0409,0.1908,-4.2727,1.58,2026-03-26T11:44:01,2026-03-25T16:01:20.678,1.05,1.05,0.95,0.96,122.0,10.0,2026-03-25T16:01:20.678,0.96,222,2026-03-26 11:43:45 EDT,27.04,1.257396449704142,25.739644970414204,27.0,1.155,0.1499999999999999,12.98701298701298,142,15704.291199999998,23932.68,1462.6,3824.06,-0.0028,0.0,0.0
VIXW,2026-04-08,34.0,PUT,13,-1,2026-03-26T11:43:49.223,1002,8.65,376,9.08,-0.6574,-0.1432,1.8751,-2.0064,0.0355,0.1429,-4.0965,2.0234,2026-03-26T11:44:01,2026-03-20T13:23:32.027,10.0,10.01,10.0,10.01,2.0,2.0,2026-03-20T13:23:32.027,10.01,222,2026-03-26 11:43:45 EDT,27.04,1.257396449704142,25.739644970414204,27.0,8.865,0.4299999999999997,4.850535815002817,0,-0.0,-0.0,0.0,-0.0,0.0125,0.01,-0.04
VIXW,2026-04-08,35.0,CALL,13,1,2026-03-26T11:43:49.663,1498,0.99,8,1.1,0.2455,-0.1004,1.6059,6.3788,0.0381,0.1934,-4.4285,1.6169,2026-03-26T11:44:01,2026-03-26T11:31:37.94,1.0,1.1,0.99,1.05,150.0,12.0,2026-03-26T11:31:37.94,1.05,222,2026-03-26 11:43:45 EDT,27.04,1.2943786982248522,29.43786982248521,27.0,1.045,0.1100000000000001,10.526315789473696,636,65522.246399999996,102135.24,6385.4400000000005,15613.800000000001,-0.0028,0.005,-0.01
VIXW,2026-04-08,35.0,PUT,13,-1,2026-03-26T11:44:03.923,1004,9.55,1218,9.95,-0.6769,-0.1434,1.832,-1.8774,0.0338,0.1471,-4.3229,2.0761,2026-03-26T11:44:01,2026-03-24T14:38:58.619,10.65,10.65,10.65,10.65,4.0,1.0,2026-03-24T14:38:58.619,10.65,222,2026-03-26 11:43:45 EDT,27.04,1.2943786982248522,29.43786982248521,27.0,9.75,0.3999999999999986,4.102564102564088,4,-365.58079999999995,-732.8000000000001,57.36,-270.76,0.0073,0.0,-0.08
VIXW,2026-04-08,36.0,CALL,13,1,2026-03-26T11:43:50.653,1500,0.9,1374,1.04,0.2275,-0.0993,1.5401,6.3377,0.0354,0.192,-4.5345,1.6689,2026-03-26T11:44:01,2026-03-26T10:52:56.398,1.0,1.02,0.92,0.92,26.0,3.0,2026-03-26T10:52:56.398,0.92,222,2026-03-26 11:43:45 EDT,27.04,1.3313609467455623,33.13609467455622,27.0,0.97,0.14,14.432989690721651,115,11007.983999999999,17711.15,1141.9499999999998,2616.25,0.0109,0.015,-0.03
VIXW,2026-04-08,36.0,PUT,13,-1,2026-03-26T11:43:52.662,1392,10.45,1000,10.9,-0.6931,-0.1443,1.7922,-1.7565,0.0322,0.1492,-4.509,2.1369,2026-03-26T11:44:01,2026-03-26T09:36:10.428,10.95,10.95,10.95,10.95,1.0,1.0,2026-03-26T09:36:10.428,10.95,222,2026-03-26 11:43:45 EDT,27.04,1.3313609467455623,33.13609467455622,27.0,10.675,0.45000000000000107,4.215456674473077,0,-0.0,-0.0,0.0,-0.0,0.0139,0.01,-0.04
VIXW,2026-04-08,37.0,CALL,13,1,2026-03-26T11:43:49.663,1500,0.83,1488,0.96,0.2092,-0.0967,1.4675,6.3567,0.033,0.1906,-4.5986,1.7058,2026-03-26T11:44:01,2026-03-24T13:55:42.064,0.9,1.0,0.9,1.0,9.0,3.0,2026-03-24T13:55:42.064,1.0,222,2026-03-26 11:43:45 EDT,27.04,1.3683431952662721,36.834319526627226,27.0,0.895,0.13,14.52513966480447,116,10350.912,17023.0,1121.72,2426.72,0.0041,0.015,-0.03
VIXW,2026-04-08,37.0,PUT,13,-1,2026-03-26T11:44:05.023,400,11.4,988,11.8,-0.7075,-0.145,1.7536,-1.6494,0.0306,0.1503,-4.665,2.1962,2026-03-26T11:44:01,,,,,,,,,,222,2026-03-26 11:43:45 EDT,27.04,1.3683431952662721,36.834319526627226,27.0,11.600000000000001,0.40000000000000036,3.4482758620689684,0,-0.0,-0.0,0.0,-0.0,0.019,0.015,-0.09
VIXW,2026-04-08,38.0,CALL,13,1,2026-03-26T11:43:48.662,1500,0.76,1464,0.89,0.1931,-0.0942,1.399,6.3655,0.0308,0.1879,-4.6298,1.7427,2026-03-26T11:44:01,2026-03-26T10:04:11.064,0.73,0.73,0.73,0.73,12.0,1.0,2026-03-26T10:04:11.064,0.73,222,2026-03-26 11:43:45 EDT,27.04,1.4053254437869822,40.53254437869823,27.0,0.825,0.13,15.75757575757576,44,3664.4608,6155.599999999999,414.48,849.64,0.0054,0.01,-0.02
VIXW,2026-04-08,38.0,PUT,13,-1,2026-03-26T11:43:49.256,400,12.3,400,12.7,-0.7236,-0.1433,1.7068,-1.5653,0.0293,0.152,-4.7953,2.2329,2026-03-26T11:44:01,,,,,,,,,,222,2026-03-26 11:43:45 EDT,27.04,1.4053254437869822,40.53254437869823,27.0,12.5,0.3999999999999986,3.199999999999989,0,-0.0,-0.0,0.0,-0.0,-0.0029,-0.02,-0.1
VIXW,2026-04-08,39.0,CALL,13,1,2026-03-26T11:43:47.719,1940,0.7,1464,0.83,0.1791,-0.0917,1.335,6.3654,0.0288,0.1844,-4.6357,1.7796,2026-03-26T11:44:01,2026-03-26T09:41:56.858,0.81,0.81,0.81,0.81,3.0,1.0,2026-03-26T09:41:56.858,0.81,222,2026-03-26 11:43:45 EDT,27.04,1.4423076923076923,44.23076923076923,27.0,0.7649999999999999,0.13,16.993464052287585,44,3426.5088,5873.999999999999,403.4800000000001,788.0400000000001,-0.0014,0.0,0.0
VIXW,2026-04-08,39.0,PUT,13,-1,2026-03-26T11:43:53.289,400,13.25,400,13.65,-0.7346,-0.1441,1.6725,-1.4769,0.028,0.1514,-4.9035,2.2929,2026-03-26T11:44:01,2026-03-20T09:51:50.497,15.0,15.0,15.0,15.0,1.0,1.0,2026-03-20T09:51:50.497,15.0,222,2026-03-26 11:43:45 EDT,27.04,1.4423076923076923,44.23076923076923,27.0,13.45,0.40000000000000036,2.9739776951672887,1,-75.712,-167.25,14.41,-73.46000000000001,0.0029,-0.015,-0.11
VIXW,2026-04-08,40.0,CALL,13,1,2026-03-26T11:42:10.423,3,0.7,1571,0.78,0.1709,-0.092,1.296,6.253,0.027,0.1791,-4.6529,1.8398,2026-03-26T11:44:01,2026-03-26T11:40:39.924,0.75,0.75,0.59,0.71,106.0,15.0,2026-03-26T11:40:39.924,0.71,222,2026-03-26 11:43:45 EDT,27.04,1.4792899408284024,47.92899408284024,27.0,0.74,0.08000000000000007,10.810810810810821,1058,77242.46399999999,137116.80000000002,9733.6,18081.219999999998,-0.0027,0.0,0.0
VIXW,2026-04-08,40.0,PUT,13,-1,2026-03-26T11:43:53.289,400,14.2,400,14.6,-0.7452,-0.1444,1.6378,-1.3994,0.0267,0.1507,-4.994,2.3471,2026-03-26T11:44:01,2026-03-26T11:42:24.712,14.45,14.45,14.45,14.45,1.0,1.0,2026-03-26T11:42:24.712,14.45,222,2026-03-26 11:43:45 EDT,27.04,1.4792899408284024,47.92899408284024,27.0,14.399999999999999,0.40000000000000036,2.7777777777777803,4,-288.78720000000004,-655.12,57.76,-298.08,0.0029,-0.01,-0.12
VIXW,2026-04-08,42.5,CALL,13,1,2026-03-26T11:44:04.708,1585,0.54,1472,0.66,0.1407,-0.0837,1.1401,6.3396,0.023,0.1686,-4.5258,1.9018,2026-03-26T11:44:01,2026-03-26T10:54:16.546,0.59,0.59,0.53,0.57,21.0,8.0,2026-03-26T10:54:16.546,0.57,222,2026-03-26 11:43:45 EDT,27.04,1.5717455621301775,57.17455621301776,27.0,0.6000000000000001,0.12,19.999999999999996,45,2798.6399999999994,5130.45,376.65,633.15,-0.0015,0.0,0.0
VIXW,2026-04-08,42.5,PUT,13,-1,2026-03-26T11:43:48.662,938,16.55,400,16.95,-0.7716,-0.1416,1.5434,-1.2456,0.0241,0.1489,-5.1464,2.4497,2026-03-26T11:44:01,,,,,,,,,,222,2026-03-26 11:43:45 EDT,27.04,1.5717455621301775,57.17455621301776,27.0,16.75,0.3999999999999986,2.3880597014925287,2,-130.3328,-308.68,28.32,-154.32,-0.0219,-0.05,-0.12
VIXW,2026-04-08,45.0,CALL,13,1,2026-03-26T11:42:27.523,1533,0.46,1548,0.57,0.1196,-0.0776,1.0188,6.34,0.0198,0.1566,-4.3621,1.975,2026-03-26T11:44:01,2026-03-26T10:23:49.787,0.52,0.53,0.47,0.47,11.0,3.0,2026-03-26T10:23:49.787,0.47,222,2026-03-26 11:43:45 EDT,27.04,1.6642011834319528,66.42011834319527,27.0,0.515,0.10999999999999993,21.359223300970857,116,6210.547200000001,11818.08,900.16,1387.36,-0.0015,0.0,0.0
VIXW,2026-04-08,45.0,PUT,13,-1,2026-03-26T11:43:48.662,936,18.95,400,19.35,-0.7908,-0.1404,1.467,-1.1167,0.0219,0.1451,-5.2393,2.561,2026-03-26T11:44:01,2026-03-26T09:37:15.724,19.6,19.6,19.6,19.6,16.0,2.0,2026-03-26T09:37:15.724,19.6,222,2026-03-26 11:43:45 EDT,27.04,1.6642011834319528,66.42011834319527,27.0,19.15,0.40000000000000213,2.088772845953014,0,-0.0,-0.0,0.0,-0.0,-0.0234,-0.055,-0.13
VIXW,2026-04-08,47.5,CALL,13,1,2026-03-26T11:42:10.662,1580,0.39,10,0.48,0.1013,-0.0709,0.9044,6.3815,0.017,0.1445,-4.1404,2.0322,2026-03-26T11:44:01,2026-03-24T09:49:23.357,0.55,0.55,0.55,0.55,10.0,1.0,2026-03-24T09:49:23.357,0.55,222,2026-03-26 11:43:45 EDT,27.04,1.7566568047337279,75.66568047337279,27.0,0.435,0.08999999999999997,20.689655172413786,22,1011.2959999999999,1989.6799999999998,155.98000000000002,222.86,-0.0029,0.0,0.0
VIXW,2026-04-08,47.5,PUT,13,-1,2026-03-26T11:43:53.289,200,21.4,200,21.8,-0.8035,-0.1418,1.4135,-1.0058,0.0201,0.1402,-5.3144,2.6884,2026-03-26T11:44:01,2026-03-25T15:31:28.528,22.76,22.76,22.76,22.76,10.0,1.0,2026-03-25T15:31:28.528,22.76,222,2026-03-26 11:43:45 EDT,27.04,1.7566568047337279,75.66568047337279,27.0,21.6,0.40000000000000213,1.8518518518518614,10,-543.504,-1413.5,141.8,-803.5,-0.0095,-0.035,-0.13
VIXW,2026-04-08,50.0,CALL,13,1,2026-03-26T11:43:43.923,1612,0.33,1575,0.44,0.0889,-0.0666,0.8212,6.3422,0.0149,0.1335,-3.9553,2.1025,2026-03-26T11:44:01,2026-03-26T10:25:07.299,0.42,0.42,0.32,0.32,24.0,4.0,2026-03-26T10:25:07.299,0.32,222,2026-03-26 11:43:45 EDT,27.04,1.849112426035503,84.91124260355029,27.0,0.385,0.10999999999999999,28.57142857142857,204,8219.078399999999,16752.48,1358.64,1813.56,-0.0146,-0.005,0.01
VIXW,2026-04-08,50.0,PUT,13,-1,2026-03-26T11:43:58.304,200,23.85,200,24.2,-0.8178,-0.1396,1.349,-0.9206,0.0186,0.1361,-5.3317,2.7792,2026-03-26T11:44:01,2026-03-25T15:31:28.528,25.19,25.19,25.19,25.19,10.0,1.0,2026-03-25T15:31:28.528,25.19,222,2026-03-26 11:43:45 EDT,27.04,1.849112426035503,84.91124260355029,27.0,24.025,0.34999999999999787,1.4568158168574314,33,-1659.7151999999999,-4451.7,460.67999999999995,-2698.74,-0.0249,-0.05,-0.2
VIXW,2026-04-08,55.0,CALL,13,1,2026-03-26T11:42:26.624,1552,0.25,1490,0.34,0.0681,-0.0572,0.6709,6.3442,0.0116,0.1134,-3.5318,2.2109,2026-03-26T11:44:01,2026-03-25T14:34:42.309,0.25,0.27,0.22,0.27,5.0,3.0,2026-03-25T14:34:42.309,0.27,222,2026-03-26 11:43:45 EDT,27.04,2.0340236686390534,103.40236686390534,27.0,0.29500000000000004,0.09000000000000002,30.508474576271187,202,6336.0127999999995,13552.180000000002,1155.4399999999998,1375.62,-0.0029,0.0,0.0
VIXW,2026-04-08,55.0,PUT,13,-1,2026-03-26T11:43:53.289,200,28.75,200,29.1,-0.8375,-0.1381,1.2541,-0.783,0.0162,0.1278,-5.3456,2.9697,2026-03-26T11:44:01,,,,,,,,,,222,2026-03-26 11:43:45 EDT,27.04,2.0340236686390534,103.40236686390534,27.0,28.925,0.3500000000000014,1.2100259291270576,0,-0.0,-0.0,0.0,-0.0,-0.0263,-0.05,-0.2
VIXW,2026-04-08,60.0,CALL,13,1,2026-03-26T11:43:57.592,2410,0.18,1557,0.27,0.052,-0.0479,0.5435,6.4069,0.0091,0.0956,-3.0854,2.29,2026-03-26T11:44:01,2026-03-24T14:58:34.397,0.27,0.27,0.25,0.25,27.0,2.0,2026-03-24T14:58:34.397,0.25,222,2026-03-26 11:43:45 EDT,27.04,2.2189349112426036,121.89349112426035,27.0,0.225,0.09000000000000002,40.00000000000001,96,2362.2144,5217.6,459.84,499.2,-0.0029,0.0,0.0
VIXW,2026-04-08,60.0,PUT,13,-1,2026-03-26T11:43:47.719,200,33.65,200,34.05,-0.8516,-0.1372,1.1809,-0.6803,0.0144,0.1204,-5.3332,3.1455,2026-03-26T11:44:01,2026-03-20T15:41:28.05,34.31,34.31,34.2,34.2,2.0,2.0,2026-03-20T15:41:28.05,34.2,222,2026-03-26 11:43:45 EDT,27.04,2.2189349112426036,121.89349112426035,27.0,33.849999999999994,0.3999999999999986,1.1816838995568644,5,-194.68799999999996,-590.45,68.6,-425.8,-0.0278,-0.05,-0.16
VIXW,2026-04-08,65.0,PUT,13,-1,2026-03-26T11:43:47.719,200,38.6,200,39.0,-0.8619,-0.137,1.125,-0.6006,0.013,0.1141,-5.3176,3.311,2026-03-26T11:44:01,,,,,,,,,,222,2026-03-26 11:43:45 EDT,27.04,2.4038461538461537,140.3846153846154,27.0,38.8,0.3999999999999986,1.0309278350515427,0,-0.0,-0.0,0.0,-0.0,-0.0205,-0.045,-0.17
VIXW,2026-04-08,70.0,PUT,13,-1,2026-03-26T11:43:47.719,200,43.55,200,43.95,-0.8711,-0.1358,1.073,-0.5384,0.0119,0.1085,-5.2762,3.4531,2026-03-26T11:44:01,,,,,,,,,,222,2026-03-26 11:43:45 EDT,27.04,2.5887573964497044,158.87573964497042,27.0,43.75,0.4000000000000057,0.9142857142857274,0,-0.0,-0.0,0.0,-0.0,-0.0395,-0.06,-0.18
VIXW,2026-04-08,75.0,PUT,13,-1,2026-03-26T11:43:53.289,200,48.55,200,48.9,-0.8772,-0.1362,1.037,-0.4868,0.011,0.1039,-5.261,3.5969,2026-03-26T11:44:01,2026-03-23T09:32:55.467,50.5,50.5,50.5,50.5,1.0,1.0,2026-03-23T09:32:55.467,50.5,222,2026-03-26 11:43:45 EDT,27.04,2.7736686390532546,177.36686390532546,27.0,48.724999999999994,0.3500000000000014,0.7183170856849697,1,-29.744,-103.69999999999999,13.62,-87.72,-0.0409,-0.055,-0.23
VIXW,2026-04-08,80.0,PUT,13,-1,2026-03-26T11:43:53.289,100,53.5,100,53.9,-0.8817,-0.1374,1.01,-0.444,0.0103,0.1,-5.2594,3.7362,2026-03-26T11:44:01,2026-03-18T11:14:18.547,56.57,56.57,56.57,56.57,2.0,1.0,2026-03-18T11:14:18.547,56.57,222,2026-03-26 11:43:45 EDT,27.04,2.9585798816568047,195.85798816568047,27.0,53.7,0.3999999999999986,0.7448789571694573,2,-55.7024,-202.0,27.48,-176.34,-0.0303,-0.05,-0.18
VIXW,2026-04-08,85.0,PUT,13,-1,2026-03-26T11:43:49.221,100,58.45,100,58.85,-0.8888,-0.1342,0.9666,-0.4098,0.0096,0.096,-5.1779,3.8315,2026-03-26T11:44:01,,,,,,,,,,222,2026-03-26 11:43:45 EDT,27.04,3.143491124260355,214.3491124260355,27.0,58.650000000000006,0.3999999999999986,0.6820119352088636,0,-0.0,-0.0,0.0,-0.0,-0.0621,-0.08,-0.18
VIXW,2026-04-08,90.0,PUT,13,-1,2026-03-26T11:43:53.289,100,63.45,100,63.85,-0.8905,-0.1371,0.9558,-0.3783,0.0092,0.0933,-5.2115,3.9678,2026-03-26T11:44:01,,,,,,,,,,222,2026-03-26 11:43:45 EDT,27.04,3.3284023668639056,232.84023668639057,27.0,63.650000000000006,0.3999999999999986,0.6284367635506655,0,-0.0,-0.0,0.0,-0.0,-0.0439,-0.065,-0.19
VIXW,2026-04-08,95.0,PUT,13,-1,2026-03-26T11:44:04.708,159,68.39,171,68.99,-0.8882,-0.1451,0.9705,-0.3496,0.009,0.0918,-5.3434,4.1373,2026-03-26T11:44:01,,,,,,,,,,222,2026-03-26 11:43:45 EDT,27.04,3.5133136094674557,251.33136094674563,27.0,68.69,0.5999999999999943,0.8734895909157001,0,-0.0,-0.0,0.0,-0.0,0.0197,0.0,0.0
VIXW,2026-04-08,100.0,PUT,13,-1,2026-03-26T11:44:04.709,132,73.39,151,73.96,-0.8915,-0.1449,0.9498,-0.3272,0.0086,0.0893,-5.3239,4.2357,2026-03-26T11:44:01,,,,,,,,,,222,2026-03-26 11:43:45 EDT,27.04,3.698224852071006,269.8224852071006,27.0,73.675,0.5699999999999932,0.7736681370885554,32,-744.1408,-3039.36,463.68,-2852.7999999999997,0.0182,0.0,0.0
VIXW,2026-04-22,18.0,PUT,27,-1,2026-03-26T11:42:10.024,1370,0.13,1344,0.24,-0.0518,-0.0144,0.7805,-7.7672,0.0142,-0.1419,0.9561,1.0109,2026-03-26T11:44:01,2026-03-25T13:09:22.159,0.24,0.27,0.24,0.27,6994.0,11.0,2026-03-25T13:09:22.159,0.27,222,2026-03-26 11:43:45 EDT,27.04,0.6656804733727811,-33.43195266272189,27.0,0.185,0.10999999999999999,59.45945945945945,7033,-270044.6944,-548925.6499999999,10127.52,-36430.939999999995,0.0024,0.0,0.0
VIXW,2026-04-22,19.0,PUT,27,-1,2026-03-26T11:43:50.729,20,0.32,1330,0.45,-0.0897,-0.0238,1.1914,-6.3757,0.0201,-0.1545,1.1241,1.0953,2026-03-26T11:44:01,2026-03-25T14:10:48.7,0.49,0.49,0.42,0.42,15.0,5.0,2026-03-25T14:10:48.7,0.42,222,2026-03-26 11:43:45 EDT,27.04,0.7026627218934911,-29.733727810650883,27.0,0.385,0.13,33.76623376623377,60,-3261.024,-7148.4,142.8,-538.1999999999999,-0.0062,-0.005,0.01
VIXW,2026-04-22,20.0,PUT,27,-1,2026-03-26T11:42:12.953,140,0.6,1,0.75,-0.1329,-0.0339,1.58,-5.3663,0.0248,-0.1451,1.1274,1.174,2026-03-26T11:44:01,2026-03-26T10:09:32.106,0.77,0.77,0.66,0.66,6.0,2.0,2026-03-26T10:09:32.106,0.66,222,2026-03-26 11:43:45 EDT,27.04,0.7396449704142012,-26.035502958579883,27.0,0.675,0.15000000000000002,22.222222222222225,470,-31517.823999999997,-74260.0,1593.3,-6246.299999999999,0.0014,0.0,0.0
VIXW,2026-04-22,21.0,PUT,27,-1,2026-03-26T11:43:50.66,145,0.97,20,1.17,-0.1796,-0.0443,1.9272,-4.5426,0.0282,-0.1193,0.989,1.2601,2026-03-26T11:44:01,2026-03-26T10:40:29.188,1.22,1.22,1.22,1.22,1.0,1.0,2026-03-26T10:40:29.188,1.22,222,2026-03-26 11:43:45 EDT,27.04,0.7766272189349113,-22.337278106508872,27.0,1.0699999999999998,0.19999999999999996,18.69158878504673,22,-1677.5616,-4239.84,97.46000000000001,-395.12,-0.0041,-0.01,0.0
VIXW,2026-04-22,22.0,PUT,27,-1,2026-03-26T11:41:45.502,143,1.45,20,1.69,-0.2257,-0.0544,2.2096,-3.8891,0.0302,-0.0859,0.7542,1.349,2026-03-26T11:44:01,2026-03-26T10:55:40.428,1.6,1.6,1.6,1.6,1.0,1.0,2026-03-26T10:55:40.428,1.6,222,2026-03-26 11:43:45 EDT,27.04,0.8136094674556213,-18.63905325443787,27.0,1.5699999999999998,0.24,15.286624203821658,31,-2531.4848,-6849.76,168.64,-699.6700000000001,0.0014,0.0,0.0
VIXW,2026-04-22,23.0,PUT,27,-1,2026-03-26T11:42:08.842,133,2.01,20,2.26,-0.2683,-0.0631,2.4239,-3.4074,0.0314,-0.053,0.4811,1.4269,2026-03-26T11:44:01,2026-03-25T10:58:14.889,2.52,2.52,2.22,2.22,30.0,3.0,2026-03-25T10:58:14.889,2.22,222,2026-03-26 11:43:45 EDT,27.04,0.8505917159763314,-14.940828402366863,27.0,2.135,0.25,11.7096018735363,132,-11207.5392,-31995.480000000003,832.9200000000001,-3541.56,0.002,0.0,0.0
VIXW,2026-04-22,24.0,CALL,27,1,2026-03-26T11:44:05.05,20,3.53,268,3.9,0.7879,-0.0265,2.1316,5.7431,0.0627,-0.29,1.1695,0.6281,2026-03-26T11:44:01,2026-03-26T09:40:18.131,3.8,3.8,3.8,3.8,1.0,1.0,2026-03-26T09:40:18.131,3.8,222,2026-03-26 11:43:45 EDT,27.04,0.8875739644970414,-11.242603550295856,27.0,3.715,0.3700000000000001,9.95962314939435,186,31534.5888,39647.76,492.90000000000003,14654.940000000002,-0.0031,0.015,-0.01
VIXW,2026-04-22,24.0,PUT,27,-1,2026-03-26T11:42:08.72,131,2.62,20,2.89,-0.3075,-0.0707,2.5854,-3.0245,0.0318,-0.0221,0.1936,1.5007,2026-03-26T11:44:01,2026-03-25T14:20:17.8,3.43,3.43,3.03,3.03,185.0,12.0,2026-03-25T14:20:17.8,3.03,222,2026-03-26 11:43:45 EDT,27.04,0.8875739644970414,-11.242603550295856,27.0,2.755,0.27,9.800362976406534,205,-17627.376,-53000.7,1449.35,-6303.75,0.002,0.0,0.0
VIXW,2026-04-22,25.0,CALL,27,1,2026-03-26T11:41:51.872,20,3.19,1,3.35,0.6946,-0.0362,2.5774,5.7435,0.0655,-0.1499,0.6727,0.7273,2026-03-26T11:44:01,2026-03-26T10:43:40.275,3.25,3.35,3.05,3.21,46.0,6.0,2026-03-26T10:43:40.275,3.21,222,2026-03-26 11:43:45 EDT,27.04,0.9245562130177515,-7.544378698224849,27.0,3.27,0.16000000000000014,4.892966360856273,492,87139.10399999999,126808.08,1781.0400000000002,34174.32,-0.0053,0.0,0.0
VIXW,2026-04-22,25.0,PUT,27,-1,2026-03-26T11:44:05.047,140,3.26,20,3.55,-0.3433,-0.077,2.7046,-2.73,0.0319,0.0051,-0.0858,1.5636,2026-03-26T11:44:01,2026-03-26T11:39:30.438,3.69,3.69,3.44,3.44,6.0,2.0,2026-03-26T11:39:30.438,3.44,222,2026-03-26 11:43:45 EDT,27.04,0.9245562130177515,-7.544378698224849,27.0,3.405,0.29000000000000004,8.516886930983848,259,-22340.7184,-70049.14,1994.3000000000002,-8891.47,-0.0007,-0.01,-0.02
VIXW,2026-04-22,26.0,CALL,27,1,2026-03-26T11:44:07.251,20,2.9,2,3.15,0.6168,-0.0453,2.8071,5.5232,0.0613,-0.0303,0.113,0.8457,2026-03-26T11:44:01,2026-03-26T11:32:32.268,2.93,3.03,2.83,3.03,21.0,6.0,2026-03-26T11:32:32.268,3.03,222,2026-03-26 11:43:45 EDT,27.04,0.9615384615384616,-3.8461538461538427,27.0,3.025,0.25,8.264462809917356,283,46908.7216,79440.93000000001,1281.99,17455.440000000002,-0.0011,0.01,-0.02
VIXW,2026-04-22,26.0,PUT,27,-1,2026-03-26T11:31:37.667,10,4.0,20,4.27,-0.3757,-0.0831,2.7904,-2.4595,0.0315,0.0297,-0.3604,1.6368,2026-03-26T11:44:01,2026-03-26T09:32:14.198,4.4,4.4,4.4,4.4,2.0,1.0,2026-03-26T09:32:14.198,4.4,222,2026-03-26 11:43:45 EDT,27.04,0.9615384615384616,-3.8461538461538427,27.0,4.135,0.2699999999999996,6.5296251511487196,173,-14735.448,-48273.92,1437.6299999999999,-6499.61,0.0028,0.0,0.0
VIXW,2026-04-22,27.0,CALL,27,1,2026-03-26T11:34:38.147,20,2.61,51,2.8,0.5556,-0.0499,2.9053,5.5662,0.0593,0.0463,-0.3417,0.9048,2026-03-26T11:44:01,2026-03-26T11:21:54.153,2.69,2.8,2.67,2.8,10.0,6.0,2026-03-26T11:21:54.153,2.8,222,2026-03-26 11:43:45 EDT,27.04,0.9985207100591716,-0.14792899408283708,27.0,2.705,0.18999999999999995,7.024029574861365,1473,236191.42560000002,427950.69000000006,7350.27,81839.87999999999,-0.0041,0.0,0.0
VIXW,2026-04-22,27.0,PUT,27,-1,2026-03-26T11:42:12.953,119,4.67,20,5.0,-0.4059,-0.0873,2.8519,-2.2727,0.0313,0.0506,-0.6069,1.6833,2026-03-26T11:44:01,2026-03-26T10:33:29.219,5.0,5.0,5.0,5.0,17.0,1.0,2026-03-26T10:33:29.219,5.0,222,2026-03-26 11:43:45 EDT,27.04,0.9985207100591716,-0.14792899408283708,27.0,4.835,0.33000000000000007,6.825232678386765,57,-4824.2064,-16255.83,497.60999999999996,-2313.6299999999997,0.0028,0.0,0.0
VIXW,2026-04-22,28.0,CALL,27,1,2026-03-26T11:42:09.668,20,2.39,250,2.69,0.5066,-0.0552,2.9335,5.3931,0.0544,0.1018,-0.7392,0.9962,2026-03-26T11:44:01,2026-03-26T11:32:43.268,2.63,2.63,2.26,2.5,7.0,6.0,2026-03-26T11:32:43.268,2.5,222,2026-03-26 11:43:45 EDT,27.04,1.0355029585798816,3.550295857988169,27.0,2.54,0.2999999999999998,11.811023622047237,146,21476.249599999996,42829.1,805.9200000000001,7396.3600000000015,-0.0036,0.0,0.0
VIXW,2026-04-22,28.0,PUT,27,-1,2026-03-26T11:42:12.953,110,5.42,20,5.76,-0.4331,-0.0914,2.8926,-2.0949,0.0307,0.0688,-0.8398,1.7386,2026-03-26T11:44:01,2026-03-25T14:20:17.8,6.1,6.73,5.97,5.97,122.0,16.0,2026-03-25T14:20:17.8,5.97,222,2026-03-26 11:43:45 EDT,27.04,1.0355029585798816,3.550295857988169,27.0,5.59,0.33999999999999986,6.082289803220033,129,-10708.6512,-37314.54,1179.06,-5586.99,0.0034,0.0,0.0
VIXW,2026-04-22,29.0,CALL,27,1,2026-03-26T11:42:09.668,1,2.27,256,2.47,0.4652,-0.0587,2.9228,5.3086,0.0506,0.1405,-1.0627,1.066,2026-03-26T11:44:01,2026-03-26T09:52:08.399,2.25,2.25,2.25,2.25,11.0,2.0,2026-03-26T09:52:08.399,2.25,222,2026-03-26 11:43:45 EDT,27.04,1.0724852071005917,7.248520710059175,27.0,2.37,0.20000000000000018,8.438818565400851,238,32563.731200000002,69562.64,1397.0600000000002,11071.76,-0.0035,0.0,0.0
VIXW,2026-04-22,29.0,PUT,27,-1,2026-03-26T11:42:25.206,134,6.17,20,6.55,-0.4584,-0.0946,2.918,-1.949,0.0302,0.0847,-1.0525,1.7858,2026-03-26T11:44:01,2026-03-25T16:03:30.372,7.2,7.2,7.2,7.2,1.0,1.0,2026-03-25T16:03:30.372,7.2,222,2026-03-26 11:43:45 EDT,27.04,1.0724852071005917,7.248520710059175,27.0,6.359999999999999,0.3799999999999999,5.974842767295597,4,-326.6432,-1167.2,37.84,-183.35999999999999,0.0034,0.0,0.0
VIXW,2026-04-22,30.0,CALL,27,1,2026-03-26T11:44:04.711,1060,2.0,1020,2.28,0.4253,-0.0596,2.8824,5.3753,0.0484,0.1736,-1.3395,1.1008,2026-03-26T11:44:01,2026-03-26T10:16:37.865,2.09,2.12,1.91,1.94,127.0,8.0,2026-03-26T10:16:37.865,1.94,222,2026-03-26 11:43:45 EDT,27.04,1.1094674556213018,10.94674556213018,27.0,2.1399999999999997,0.2799999999999998,13.084112149532704,722,94490.7392,208109.28,4303.12,30706.66,-0.0034,0.0,0.0
VIXW,2026-04-22,30.0,PUT,27,-1,2026-03-26T11:41:45.592,130,6.98,20,7.36,-0.4811,-0.0976,2.9306,-1.8143,0.0294,0.0981,-1.2474,1.8371,2026-03-26T11:44:01,2026-03-26T10:01:10.439,7.37,7.37,7.37,7.37,5.0,1.0,2026-03-26T10:01:10.439,7.37,222,2026-03-26 11:43:45 EDT,27.04,1.1094674556213018,10.94674556213018,27.0,7.17,0.3799999999999999,5.299860529986051,26,-2066.9376,-7619.5599999999995,253.76000000000002,-1250.8600000000001,0.0035,0.0,0.0
VIXW,2026-04-22,31.0,CALL,27,1,2026-03-26T11:44:04.711,1316,1.84,988,2.1,0.3917,-0.0607,2.8253,5.3777,0.0456,0.1966,-1.5666,1.1446,2026-03-26T11:44:01,2026-03-26T10:30:31.503,1.83,1.84,1.83,1.84,6.0,4.0,2026-03-26T10:30:31.503,1.84,222,2026-03-26 11:43:45 EDT,27.04,1.1464497041420119,14.644970414201186,27.0,1.9700000000000002,0.26,13.197969543147206,93,11467.1232,26275.29,564.51,3642.81,-0.0027,0.0,0.0
VIXW,2026-04-22,31.0,PUT,27,-1,2026-03-26T11:42:09.668,125,7.81,248,8.21,-0.5014,-0.1005,2.9339,-1.693,0.0287,0.1092,-1.4241,1.8897,2026-03-26T11:44:01,,,,,,,,,,222,2026-03-26 11:43:45 EDT,27.04,1.1464497041420119,14.644970414201186,27.0,8.01,0.40000000000000124,4.9937578027465825,0,-0.0,-0.0,0.0,-0.0,0.0034,0.0,0.0
VIXW,2026-04-22,32.0,CALL,27,1,2026-03-26T11:43:48.282,1048,1.71,1018,1.95,0.3628,-0.0615,2.7589,5.3603,0.0428,0.2126,-1.7516,1.189,2026-03-26T11:44:01,2026-03-26T08:07:36.015,1.86,1.86,1.86,1.86,2.0,1.0,2026-03-26T08:07:36.015,1.86,222,2026-03-26 11:43:45 EDT,27.04,1.183431952662722,18.343195266272193,27.0,1.83,0.24,13.114754098360654,167,19327.110399999998,46073.630000000005,1027.05,6058.76,-0.0027,0.0,0.0
VIXW,2026-04-22,32.0,PUT,27,-1,2026-03-26T11:42:09.668,130,8.65,262,9.08,-0.5201,-0.1029,2.9302,-1.5873,0.0279,0.1187,-1.5839,1.9392,2026-03-26T11:44:01,,,,,,,,,,222,2026-03-26 11:43:45 EDT,27.04,1.183431952662722,18.343195266272193,27.0,8.865,0.4299999999999997,4.850535815002817,0,-0.0,-0.0,0.0,-0.0,0.0037,0.0,0.0
VIXW,2026-04-22,33.0,CALL,27,1,2026-03-26T11:42:10.523,20,1.6,1044,1.82,0.3375,-0.062,2.6871,5.3397,0.0403,0.2237,-1.9022,1.2314,2026-03-26T11:44:01,2026-03-26T09:41:09.954,1.68,1.68,1.68,1.68,1.0,1.0,2026-03-26T09:41:09.954,1.68,222,2026-03-26 11:43:45 EDT,27.04,1.220414201183432,22.0414201183432,27.0,1.71,0.21999999999999997,12.865497076023392,60,6538.272000000001,16122.6,372.0,2025.0,-0.0027,0.0,0.0
VIXW,2026-04-22,33.0,PUT,27,-1,2026-03-26T11:42:09.668,130,9.52,258,9.96,-0.5365,-0.1053,2.9216,-1.4895,0.0271,0.1263,-1.7279,1.9919,2026-03-26T11:44:01,2026-03-20T13:15:09.986,10.45,10.48,10.45,10.48,25.0,3.0,2026-03-20T13:15:09.986,10.48,222,2026-03-26 11:43:45 EDT,27.04,1.220414201183432,22.0414201183432,27.0,9.74,0.4400000000000013,4.51745379876798,25,-1831.9599999999998,-7304.000000000001,263.25,-1341.25,0.0037,0.0,0.0
VIXW,2026-04-22,34.0,CALL,27,1,2026-03-26T11:30:37.2,20,1.5,2,1.61,0.3104,-0.0608,2.5962,5.4142,0.0383,0.2354,-2.0302,1.2519,2026-03-26T11:44:01,2026-03-25T11:16:58.899,1.51,1.51,1.51,1.51,2.0,1.0,2026-03-25T11:16:58.899,1.51,222,2026-03-26 11:43:45 EDT,27.04,1.257396449704142,25.739644970414204,27.0,1.5550000000000002,0.1100000000000001,7.073954983922835,38,3935.4016,9865.560000000001,231.04,1179.5200000000002,-0.0021,0.0,0.0
VIXW,2026-04-22,34.0,PUT,27,-1,2026-03-26T11:42:09.668,129,10.41,264,10.86,-0.5516,-0.1074,2.9092,-1.4034,0.0263,0.1327,-1.8582,2.0417,2026-03-26T11:44:01,,,,,,,,,,222,2026-03-26 11:43:45 EDT,27.04,1.257396449704142,25.739644970414204,27.0,10.635,0.4499999999999993,4.231311706629048,0,-0.0,-0.0,0.0,-0.0,0.0037,0.0,0.0
VIXW,2026-04-22,35.0,CALL,27,1,2026-03-26T11:43:48.282,1182,1.41,1,1.54,0.2917,-0.0612,2.5243,5.3643,0.036,0.2386,-2.1253,1.2957,2026-03-26T11:44:01,2026-03-26T09:47:01.002,1.54,1.54,1.43,1.43,4.0,2.0,2026-03-26T09:47:01.002,1.43,222,2026-03-26 11:43:45 EDT,27.04,1.2943786982248522,29.43786982248521,27.0,1.475,0.13000000000000012,8.813559322033905,672,65415.16799999999,169632.96,4112.639999999999,19602.24,-0.002,0.0,0.0
VIXW,2026-04-22,35.0,PUT,27,-1,2026-03-26T11:42:09.668,132,11.31,266,11.77,-0.565,-0.1095,2.8949,-1.3239,0.0255,0.1378,-1.9757,2.0937,2026-03-26T11:44:01,,,,,,,,,,222,2026-03-26 11:43:45 EDT,27.04,1.2943786982248522,29.43786982248521,27.0,11.54,0.4599999999999991,3.9861351819757287,0,-0.0,-0.0,0.0,-0.0,0.0037,0.0,0.0
VIXW,2026-04-22,36.0,CALL,27,1,2026-03-26T11:43:50.667,1128,1.34,1152,1.53,0.2781,-0.0623,2.4677,5.2567,0.0337,0.2374,-2.2005,1.3503,2026-03-26T11:44:01,2026-03-26T10:01:03.317,1.52,1.52,1.4,1.4,101.0,2.0,2026-03-26T10:01:03.317,1.4,222,2026-03-26 11:43:45 EDT,27.04,1.3313609467455623,33.13609467455622,27.0,1.435,0.18999999999999995,13.240418118466895,1036,94405.29280000001,255653.71999999997,6454.28,28811.16,-0.0021,0.0,0.0
VIXW,2026-04-22,36.0,PUT,27,-1,2026-03-26T11:42:09.668,137,12.22,266,12.69,-0.5775,-0.1113,2.8783,-1.2543,0.0248,0.1421,-2.0826,2.1413,2026-03-26T11:44:01,,,,,,,,,,222,2026-03-26 11:43:45 EDT,27.04,1.3313609467455623,33.13609467455622,27.0,12.455,0.46999999999999886,3.773584905660368,0,-0.0,-0.0,0.0,-0.0,0.0037,0.0,0.0
VIXW,2026-04-22,37.0,CALL,27,1,2026-03-26T11:43:47.302,1220,1.27,1230,1.46,0.2627,-0.0622,2.3984,5.2233,0.0319,0.2378,-2.263,1.3879,2026-03-26T11:44:01,2026-03-24T09:40:41.938,1.52,1.52,1.52,1.52,2.0,1.0,2026-03-24T09:40:41.938,1.52,222,2026-03-26 11:43:45 EDT,27.04,1.3683431952662721,36.834319526627226,27.0,1.365,0.18999999999999995,13.919413919413914,19,1638.8944,4556.96,118.17999999999999,499.13,-0.0021,0.0,0.0
VIXW,2026-04-22,37.0,PUT,27,-1,2026-03-26T11:42:09.668,132,13.15,270,13.62,-0.5884,-0.1132,2.8616,-1.1891,0.0241,0.1454,-2.1793,2.1918,2026-03-26T11:44:01,,,,,,,,,,222,2026-03-26 11:43:45 EDT,27.04,1.3683431952662721,36.834319526627226,27.0,13.385,0.46999999999999886,3.511393350765774,0,-0.0,-0.0,0.0,-0.0,0.0043,0.0,0.0
VIXW,2026-04-22,38.0,CALL,27,1,2026-03-26T11:43:48.282,1248,1.21,1228,1.39,0.2492,-0.0621,2.3334,5.1842,0.0302,0.2369,-2.3127,1.4255,2026-03-26T11:44:01,2026-03-25T15:19:11.141,0.98,1.8,0.98,1.37,501.0,11.0,2026-03-25T15:19:11.141,1.37,222,2026-03-26 11:43:45 EDT,27.04,1.4053254437869822,40.53254437869823,27.0,1.2999999999999998,0.17999999999999994,13.846153846153845,433,35359.1264,101036.22,2688.9300000000003,10790.36,-0.0021,0.0,0.0
VIXW,2026-04-22,38.0,PUT,27,-1,2026-03-26T11:42:09.668,134,14.08,278,14.56,-0.5982,-0.115,2.8445,-1.1297,0.0234,0.1481,-2.2675,2.2416,2026-03-26T11:44:01,,,,,,,,,,222,2026-03-26 11:43:45 EDT,27.04,1.4053254437869822,40.53254437869823,27.0,14.32,0.4800000000000004,3.3519553072625725,0,-0.0,-0.0,0.0,-0.0,0.0043,0.0,0.0
VIXW,2026-04-22,39.0,CALL,27,1,2026-03-26T11:42:10.662,1270,1.15,1216,1.33,0.2364,-0.0617,2.2677,5.158,0.0287,0.2355,-2.3513,1.459,2026-03-26T11:44:01,2026-03-25T13:18:29.252,0.88,0.88,0.88,0.88,1.0,1.0,2026-03-25T13:18:29.252,0.88,222,2026-03-26 11:43:45 EDT,27.04,1.4423076923076923,44.23076923076923,27.0,1.24,0.18000000000000016,14.516129032258076,12,931.2576,2721.2400000000002,74.03999999999999,283.68,-0.0021,0.0,0.0
VIXW,2026-04-22,39.0,PUT,27,-1,2026-03-26T11:42:09.668,141,15.01,282,15.5,-0.608,-0.1164,2.8256,-1.0781,0.0228,0.1506,-2.3487,2.2849,2026-03-26T11:44:01,,,,,,,,,,222,2026-03-26 11:43:45 EDT,27.04,1.4423076923076923,44.23076923076923,27.0,15.254999999999999,0.4900000000000002,3.212061619141267,0,-0.0,-0.0,0.0,-0.0,0.0044,0.0,0.0
VIXW,2026-04-22,40.0,CALL,27,1,2026-03-26T11:42:10.662,1232,1.1,1234,1.27,0.2243,-0.0612,2.2019,5.1417,0.0273,0.2337,-2.3798,1.4891,2026-03-26T11:44:01,2026-03-26T10:00:31.154,1.3,1.3,1.04,1.04,56.0,5.0,2026-03-26T10:00:31.154,1.04,222,2026-03-26 11:43:45 EDT,27.04,1.4792899408284024,47.92899408284024,27.0,1.185,0.16999999999999993,14.345991561181428,425,31373.16,93580.75000000001,2601.0,9532.75,-0.0021,0.0,0.0
VIXW,2026-04-22,40.0,PUT,27,-1,2026-03-26T11:42:09.668,143,15.95,274,16.44,-0.6168,-0.1177,2.8071,-1.0302,0.0222,0.1525,-2.423,2.3288,2026-03-26T11:44:01,2026-03-23T04:49:14.284,15.37,16.98,15.37,16.98,2.0,2.0,2026-03-23T04:49:14.284,16.98,222,2026-03-26 11:43:45 EDT,27.04,1.4792899408284024,47.92899408284024,27.0,16.195,0.490000000000002,3.0256251929608027,0,-0.0,-0.0,0.0,-0.0,0.0044,0.0,0.0
VIXW,2026-04-22,42.5,CALL,27,1,2026-03-26T11:42:10.662,156,0.98,1284,1.15,0.1992,-0.0599,2.0543,5.0854,0.0242,0.2267,-2.4209,1.5636,2026-03-26T11:44:01,2026-03-26T11:10:01.51,1.0,1.0,1.0,1.0,65.0,1.0,2026-03-26T11:10:01.51,1.0,222,2026-03-26 11:43:45 EDT,27.04,1.5717455621301775,57.17455621301776,27.0,1.065,0.16999999999999993,15.962441314553985,241,15770.2688,49508.63,1443.59,4800.719999999999,-0.0021,0.0,0.0
VIXW,2026-04-22,42.5,PUT,27,-1,2026-03-26T11:42:09.668,141,18.32,286,18.82,-0.6356,-0.121,2.7625,-0.9256,0.0209,0.1556,-2.5841,2.4365,2026-03-26T11:44:01,2026-03-18T10:05:02.804,19.65,19.65,19.65,19.65,1.0,1.0,2026-03-18T10:05:02.804,19.65,222,2026-03-26 11:43:45 EDT,27.04,1.5717455621301775,57.17455621301776,27.0,18.57,0.5,2.6925148088314486,0,-0.0,-0.0,0.0,-0.0,0.0044,0.0,0.0
VIXW,2026-04-22,45.0,CALL,27,1,2026-03-26T11:42:10.423,151,0.88,1184,1.03,0.1777,-0.058,1.9143,5.0549,0.0217,0.2186,-2.4256,1.6265,2026-03-26T11:44:01,2026-03-25T14:18:49.572,0.86,0.93,0.82,0.82,23.0,3.0,2026-03-25T14:18:49.572,0.82,222,2026-03-26 11:43:45 EDT,27.04,1.6642011834319528,66.42011834319527,27.0,0.9550000000000001,0.15000000000000002,15.706806282722512,165,9681.672,31585.949999999997,957.0,2932.0499999999997,-0.0014,0.0,0.0
VIXW,2026-04-22,45.0,PUT,27,-1,2026-03-26T11:42:09.668,143,20.7,288,21.21,-0.6526,-0.1234,2.7164,-0.8423,0.0198,0.1577,-2.717,2.5295,2026-03-26T11:44:01,2026-03-24T09:35:26.521,21.15,21.15,21.15,21.15,1.0,1.0,2026-03-24T09:35:26.521,21.15,222,2026-03-26 11:43:45 EDT,27.04,1.6642011834319528,66.42011834319527,27.0,20.955,0.5100000000000016,2.4337866857551975,0,-0.0,-0.0,0.0,-0.0,0.0044,0.0,0.0
VIXW,2026-04-22,47.5,CALL,27,1,2026-03-26T11:42:10.662,151,0.79,1284,0.94,0.1598,-0.0561,1.7879,5.028,0.0196,0.2098,-2.4074,1.6839,2026-03-26T11:44:01,2026-03-24T12:35:07.585,0.76,0.76,0.76,0.76,1.0,1.0,2026-03-24T12:35:07.585,0.76,222,2026-03-26 11:43:45 EDT,27.04,1.7566568047337279,75.66568047337279,27.0,0.865,0.1499999999999999,17.341040462427735,2,105.99680000000001,357.58,11.219999999999999,31.96,-0.0021,0.0,0.0
VIXW,2026-04-22,47.5,PUT,27,-1,2026-03-26T11:42:09.668,138,23.1,290,23.61,-0.6669,-0.1254,2.6732,-0.7722,0.0188,0.1587,-2.828,2.6181,2026-03-26T11:44:01,,,,,,,,,,222,2026-03-26 11:43:45 EDT,27.04,1.7566568047337279,75.66568047337279,27.0,23.355,0.509999999999998,2.1836865767501523,0,-0.0,-0.0,0.0,-0.0,0.0051,0.0,0.0
VIXW,2026-04-22,50.0,CALL,27,1,2026-03-26T11:42:10.662,154,0.71,1182,0.85,0.1445,-0.054,1.6725,5.0073,0.0178,0.2007,-2.373,1.7359,2026-03-26T11:44:01,2026-03-26T09:43:43.309,0.71,0.73,0.71,0.73,2.0,2.0,2026-03-26T09:43:43.309,0.73,222,2026-03-26 11:43:45 EDT,27.04,1.849112426035503,84.91124260355029,27.0,0.78,0.14,17.94871794871795,291,14006.1792,48669.75000000001,1571.4,4204.95,-0.0014,0.0,0.0
VIXW,2026-04-22,50.0,PUT,27,-1,2026-03-26T11:42:09.668,138,25.51,280,26.02,-0.6794,-0.1272,2.6318,-0.7131,0.018,0.1591,-2.9217,2.7001,2026-03-26T11:44:01,,,,,,,,,,222,2026-03-26 11:43:45 EDT,27.04,1.849112426035503,84.91124260355029,27.0,25.765,0.509999999999998,1.979429458567817,0,-0.0,-0.0,0.0,-0.0,0.0051,0.0,0.0
VIXW,2026-04-22,55.0,CALL,27,1,2026-03-26T11:42:10.662,148,0.58,1274,0.71,0.1185,-0.0494,1.4589,5.0062,0.0148,0.1828,-2.2631,1.8193,2026-03-26T11:44:01,2026-03-25T13:46:41.461,0.45,0.56,0.45,0.56,3.0,2.0,2026-03-25T13:46:41.461,0.56,222,2026-03-26 11:43:45 EDT,27.04,2.0340236686390534,103.40236686390534,27.0,0.645,0.13,20.155038759689923,13,520.2496,1896.5700000000002,64.22,154.05,-0.0014,0.0,0.0
VIXW,2026-04-22,55.0,PUT,27,-1,2026-03-26T11:42:09.668,131,30.35,272,30.88,-0.7002,-0.1299,2.556,-0.6185,0.0165,0.1585,-3.0707,2.8496,2026-03-26T11:44:01,,,,,,,,,,222,2026-03-26 11:43:45 EDT,27.04,2.0340236686390534,103.40236686390534,27.0,30.615000000000002,0.5299999999999976,1.7311775273558632,0,-0.0,-0.0,0.0,-0.0,0.0052,0.0,0.0
VIXW,2026-04-22,60.0,CALL,27,1,2026-03-26T11:42:10.662,159,0.47,1294,0.6,0.0984,-0.0448,1.2759,5.0209,0.0124,0.1657,-2.1277,1.8876,2026-03-26T11:44:01,2026-03-25T13:58:30.971,0.47,0.47,0.47,0.47,22.0,1.0,2026-03-25T13:58:30.971,0.47,222,2026-03-26 11:43:45 EDT,27.04,2.2189349112426036,121.89349112426035,27.0,0.5349999999999999,0.13,24.299065420560755,164,5498.8544,20924.760000000002,734.72,1613.76,-0.0014,0.0,0.0
VIXW,2026-04-22,60.0,PUT,27,-1,2026-03-26T11:42:09.668,131,35.22,264,35.76,-0.7164,-0.1322,2.4905,-0.5458,0.0154,0.157,-3.1839,2.9851,2026-03-26T11:44:01,,,,,,,,,,222,2026-03-26 11:43:45 EDT,27.04,2.2189349112426036,121.89349112426035,27.0,35.489999999999995,0.5399999999999991,1.5215553677092117,0,-0.0,-0.0,0.0,-0.0,0.0059,0.0,0.0
VIXW,2026-04-22,65.0,CALL,27,1,2026-03-26T11:42:10.662,524,0.39,1294,0.51,0.0835,-0.0409,1.1293,5.021,0.0106,0.1504,-1.9957,1.9516,2026-03-26T11:44:01,2026-03-26T11:04:46.897,0.43,0.43,0.43,0.43,4.0,4.0,2026-03-26T11:04:46.897,0.43,222,2026-03-26 11:43:45 EDT,27.04,2.4038461538461537,140.3846153846154,27.0,0.45,0.12,26.666666666666668,31,888.5344,3500.83,126.79,258.85,-0.0015,0.0,0.0
VIXW,2026-04-22,65.0,PUT,27,-1,2026-03-26T11:42:09.668,126,40.12,252,40.66,-0.7298,-0.1339,2.4323,-0.4886,0.0144,0.1551,-3.2721,3.1066,2026-03-26T11:44:01,2026-03-19T09:38:23.742,40.2,40.2,40.2,40.2,1.0,1.0,2026-03-19T09:38:23.742,40.2,222,2026-03-26 11:43:45 EDT,27.04,2.4038461538461537,140.3846153846154,27.0,40.39,0.5399999999999991,1.3369645951968288,0,-0.0,-0.0,0.0,-0.0,0.0058,0.0,0.0
VIXW,2026-04-22,70.0,CALL,27,1,2026-03-26T11:44:00.123,531,0.33,1228,0.44,0.0709,-0.0371,0.9977,5.0422,0.0092,0.1363,-1.8554,2.0029,2026-03-26T11:44:01,2026-03-26T10:48:46.404,0.36,0.36,0.36,0.36,2.0,1.0,2026-03-26T10:48:46.404,0.36,222,2026-03-26 11:43:45 EDT,27.04,2.5887573964497044,158.87573964497042,27.0,0.385,0.10999999999999999,28.57142857142857,21,522.4128,2095.17,77.91,148.89000000000001,0.0,0.0,0.0
VIXW,2026-04-22,70.0,PUT,27,-1,2026-03-26T11:44:05.223,123,45.02,252,45.57,-0.7417,-0.1348,2.377,-0.4428,0.0136,0.1531,-3.3396,3.2121,2026-03-26T11:44:01,2026-03-23T03:15:01.362,44.87,44.87,44.87,44.87,1.0,1.0,2026-03-23T03:15:01.362,44.87,222,2026-03-26 11:43:45 EDT,27.04,2.5887573964497044,158.87573964497042,27.0,45.295,0.5499999999999972,1.214262059829997,1,-36.77439999999999,-237.7,13.48,-74.17,-0.0022,-0.02,-0.0
VIXW,2026-04-22,75.0,CALL,27,1,2026-03-26T11:42:10.662,1254,0.28,286,0.38,0.0615,-0.0341,0.8938,5.0438,0.008,0.1242,-1.7335,2.0541,2026-03-26T11:44:01,2026-03-26T11:10:55.624,0.35,0.35,0.35,0.35,5.0,1.0,2026-03-26T11:10:55.624,0.35,222,2026-03-26 11:43:45 EDT,27.04,2.7736686390532546,177.36686390532546,27.0,0.33,0.09999999999999998,30.303030303030294,2,43.263999999999996,178.76000000000002,6.819999999999999,12.3,-0.0015,0.0,0.0
VIXW,2026-04-22,75.0,PUT,27,-1,2026-03-26T11:42:09.668,123,49.96,248,50.52,-0.7495,-0.137,2.3394,-0.4033,0.013,0.1509,-3.4041,3.3249,2026-03-26T11:44:01,,,,,,,,,,222,2026-03-26 11:43:45 EDT,27.04,2.7736686390532546,177.36686390532546,27.0,50.24,0.5600000000000023,1.1146496815286668,0,-0.0,-0.0,0.0,-0.0,0.0066,0.0,0.0
VIXW,2026-04-22,80.0,CALL,27,1,2026-03-26T11:42:10.662,1234,0.24,1292,0.34,0.0541,-0.0315,0.8076,5.0398,0.0071,0.1137,-1.6237,2.1025,2026-03-26T11:44:01,2026-03-26T09:34:52.12,0.23,0.23,0.23,0.23,1.0,1.0,2026-03-26T09:34:52.12,0.23,222,2026-03-26 11:43:45 EDT,27.04,2.9585798816568047,195.85798816568047,27.0,0.29000000000000004,0.10000000000000003,34.482758620689665,13,249.57920000000001,1049.8799999999999,40.949999999999996,70.33,0.0,0.0,0.0
VIXW,2026-04-22,80.0,PUT,27,-1,2026-03-26T11:44:07.218,119,54.88,123,55.45,-0.7585,-0.1374,2.2938,-0.3718,0.0124,0.1489,-3.4482,3.4128,2026-03-26T11:44:01,,,,,,,,,,222,2026-03-26 11:43:45 EDT,27.04,2.9585798816568047,195.85798816568047,27.0,55.165000000000006,0.5700000000000003,1.0332638448291491,0,-0.0,-0.0,0.0,-0.0,-0.0154,-0.05,0.0
VIXW,2026-04-22,85.0,PUT,27,-1,2026-03-26T11:44:04.711,98,59.86,121,60.44,-0.7623,-0.1402,2.274,-0.3427,0.0119,0.1467,-3.5058,3.522,2026-03-26T11:44:01,,,,,,,,,,222,2026-03-26 11:43:45 EDT,27.04,3.143491124260355,214.3491124260355,27.0,60.15,0.5799999999999983,0.9642560266001634,0,-0.0,-0.0,0.0,-0.0,0.0068,0.0,0.0
VIXW,2026-04-22,90.0,PUT,27,-1,2026-03-26T11:44:07.216,112,64.8,116,65.36,-0.7695,-0.1403,2.2357,-0.3197,0.0114,0.1449,-3.5365,3.5969,2026-03-26T11:44:01,,,,,,,,,,222,2026-03-26 11:43:45 EDT,27.04,3.3284023668639056,232.84023668639057,27.0,65.08,0.5600000000000023,0.8604794099569796,0,-0.0,-0.0,0.0,-0.0,-0.0023,-0.025,-0.05
VIXW,2026-04-22,95.0,PUT,27,-1,2026-03-26T11:44:04.711,95,69.78,125,70.36,-0.7724,-0.1426,2.2199,-0.298,0.0111,0.1431,-3.5832,3.6915,2026-03-26T11:44:01,,,,,,,,,,222,2026-03-26 11:43:45 EDT,27.04,3.5133136094674557,251.33136094674563,27.0,70.07,0.5799999999999983,0.8277436848865397,0,-0.0,-0.0,0.0,-0.0,0.0068,0.0,0.0
VIXW,2026-04-22,100.0,PUT,27,-1,2026-03-26T11:41:45.502,109,74.72,110,75.32,-0.7775,-0.143,2.1912,-0.2802,0.0107,0.1415,-3.6099,3.7619,2026-03-26T11:44:01,,,,,,,,,,222,2026-03-26 11:43:45 EDT,27.04,3.698224852071006,269.8224852071006,27.0,75.02,0.5999999999999943,0.7997867235403817,0,-0.0,-0.0,0.0,-0.0,0.0076,0.0,0.0
